xof 0303txt 0032

template XSkinMeshHeader {
  <3cf169ce-ff7c-44ab-93c0-f78f62d172e2>
  WORD nMaxSkinWeightsPerVertex;
  WORD nMaxSkinWeightsPerFace;
  WORD nBones;
}

template SkinWeights {
  <6f0d123b-bad2-4167-a0d0-80224f25fabb>
  STRING transformNodeName;
  DWORD nWeights;
  array DWORD vertexIndices[nWeights];
  array float weights[nWeights];
  Matrix4x4 matrixOffset;
}

Frame Root {
  FrameTransformMatrix {
     1.000000, 0.000000, 0.000000, 0.000000,
     0.000000,-0.000000,-1.000000, 0.000000,
     0.000000, 1.000000,-0.000000, 0.000000,
     0.000000, 0.000000, 0.000000, 1.000000;;
  }
  Frame Armature {
    FrameTransformMatrix {
       0.100000, 0.000000, 0.000000, 0.000000,
       0.000000,-0.000000, 0.100000, 0.000000,
       0.000000,-0.100000,-0.000000, 0.000000,
       0.000000, 0.000000, 0.000000, 1.000000;;
    }
    Frame Armature_mixamorig_Hips {
      FrameTransformMatrix {
         0.155765,-0.987372, 0.028857, 0.000000,
        -0.433356,-0.042054, 0.900241, 0.000000,
        -0.887660,-0.152732,-0.434434, 0.000000,
        -15.243559,17.300003,80.037140, 1.000000;;
      }
      Frame Armature_mixamorig_LeftUpLeg {
        FrameTransformMatrix {
          -0.969118,-0.113045,-0.219145, 0.000000,
          -0.035416,-0.815716, 0.577335, 0.000000,
          -0.244040, 0.567299, 0.786473, 0.000000,
           9.789099,-5.875899,-0.583696, 1.000000;;
        }
        Frame Armature_mixamorig_LeftLeg {
          FrameTransformMatrix {
             0.998886,-0.039765, 0.025412, 0.000000,
             0.044148, 0.597181,-0.800890, 0.000000,
             0.016671, 0.801120, 0.598271, 0.000000,
             0.000000,41.702003,-0.000001, 1.000000;;
          }
          Frame Armature_mixamorig_LeftFoot {
            FrameTransformMatrix {
               0.986227,-0.142068,-0.084699, 0.000000,
               0.143698, 0.482379, 0.864096, 0.000000,
              -0.081903,-0.864366, 0.496149, 0.000000,
              -0.000000,36.981026,-0.000000, 1.000000;;
            }
            Frame Armature_mixamorig_LeftToeBase {
              FrameTransformMatrix {
                 0.999372, 0.022106,-0.027678, 0.000000,
                 0.001920, 0.746422, 0.665470, 0.000000,
                 0.035371,-0.665106, 0.745911, 0.000000,
                -0.000001,16.700535, 0.000001, 1.000000;;
              }
              Frame Armature_mixamorig_LeftToe_End {
                FrameTransformMatrix {
                   1.000000,-0.000000,-0.000000, 0.000000,
                   0.000000, 1.000000, 0.000000, 0.000000,
                   0.000000,-0.000000, 1.000000, 0.000000,
                  -0.000000, 7.120427,-0.000000, 1.000000;;
                }
              } // End of Armature_mixamorig_LeftToe_End
            } // End of Armature_mixamorig_LeftToeBase
          } // End of Armature_mixamorig_LeftFoot
        } // End of Armature_mixamorig_LeftLeg
      } // End of Armature_mixamorig_LeftUpLeg
      Frame Armature_mixamorig_RightUpLeg {
        FrameTransformMatrix {
          -0.976193,-0.020093, 0.215960, 0.000000,
           0.178520, 0.491123, 0.852549, 0.000000,
          -0.123200, 0.870859,-0.475818, 0.000000,
          -9.857703,-5.875895,-0.583695, 1.000000;;
        }
        Frame Armature_mixamorig_RightLeg {
          FrameTransformMatrix {
             0.970408,-0.232335, 0.065801, 0.000000,
             0.141149, 0.324672,-0.935236, 0.000000,
             0.195924, 0.916847, 0.347858, 0.000000,
             0.000000,41.702003,-0.000004, 1.000000;;
          }
          Frame Armature_mixamorig_RightFoot {
            FrameTransformMatrix {
               0.981716, 0.169076, 0.087443, 0.000000,
              -0.154269, 0.437597, 0.885838, 0.000000,
               0.111509,-0.883132, 0.455680, 0.000000,
              -0.000000,36.981026, 0.000008, 1.000000;;
            }
            Frame Armature_mixamorig_RightToeBase {
              FrameTransformMatrix {
                 0.999539,-0.018719, 0.023900, 0.000000,
                -0.002117, 0.742377, 0.669979, 0.000000,
                -0.030284,-0.669721, 0.741995, 0.000000,
                 0.000000,16.700537, 0.000000, 1.000000;;
              }
              Frame Armature_mixamorig_RightToe_End {
                FrameTransformMatrix {
                   1.000000, 0.000000, 0.000000, 0.000000,
                  -0.000000, 1.000000, 0.000000, 0.000000,
                  -0.000000,-0.000000, 1.000000, 0.000000,
                   0.000000, 7.120433,-0.000005, 1.000000;;
                }
              } // End of Armature_mixamorig_RightToe_End
            } // End of Armature_mixamorig_RightToeBase
          } // End of Armature_mixamorig_RightFoot
        } // End of Armature_mixamorig_RightLeg
      } // End of Armature_mixamorig_RightUpLeg
      Frame Armature_mixamorig_Spine {
        FrameTransformMatrix {
           0.999482, 0.019642, 0.025479, 0.000000,
          -0.020420, 0.999322, 0.030617, 0.000000,
          -0.024861,-0.031121, 0.999206, 0.000000,
           0.017297,10.574799,-1.117194, 1.000000;;
        }
        Frame Armature_mixamorig_Spine1 {
          FrameTransformMatrix {
             0.989711, 0.103736, 0.098542, 0.000000,
            -0.126371, 0.956747, 0.262041, 0.000000,
            -0.067097,-0.271797, 0.960013, 0.000000,
             0.000000,12.406000, 0.000005, 1.000000;;
          }
          Frame Armature_mixamorig_Spine2 {
            FrameTransformMatrix {
               0.990511, 0.113127, 0.078038, 0.000000,
              -0.134059, 0.920351, 0.367399, 0.000000,
              -0.030259,-0.374374, 0.926784, 0.000000,
              -0.000001,14.178308, 0.000007, 1.000000;;
            }
            Frame Armature_mixamorig_LeftShoulder {
              FrameTransformMatrix {
                 0.753716,-0.012914,-0.657073, 0.000000,
                 0.655670,-0.053414, 0.753156, 0.000000,
                -0.044823,-0.998489,-0.031792, 0.000000,
                 5.934998,13.670191,-1.662595, 1.000000;;
              }
              Frame Armature_mixamorig_LeftArm {
                FrameTransformMatrix {
                   0.465805,-0.644132, 0.606729, 0.000000,
                  -0.464206, 0.405861, 0.787267, 0.000000,
                  -0.753352,-0.648360,-0.109958, 0.000000,
                  -0.000013,12.607892, 0.000006, 1.000000;;
                }
                Frame Armature_mixamorig_LeftForeArm {
                  FrameTransformMatrix {
                     0.618189, 0.785956,-0.010768, 0.000000,
                    -0.785267, 0.618134, 0.035569, 0.000000,
                     0.034612,-0.013533, 0.999309, 0.000000,
                    -0.000001,25.574299,-0.000001, 1.000000;;
                  }
                  Frame Armature_mixamorig_LeftHand {
                    FrameTransformMatrix {
                       0.965112,-0.197357,-0.172070, 0.000000,
                       0.160553, 0.965182,-0.206509, 0.000000,
                       0.206835, 0.171678, 0.963196, 0.000000,
                      -0.000004,21.603407, 0.000000, 1.000000;;
                    }
                    Frame Armature_mixamorig_LeftHandIndex1 {
                      FrameTransformMatrix {
                         0.990904, 0.024279,-0.132359, 0.000000,
                         0.004007, 0.977830, 0.209363, 0.000000,
                         0.134508,-0.207989, 0.968839, 0.000000,
                        -2.341899, 9.909708,-0.291394, 1.000000;;
                      }
                      Frame Armature_mixamorig_LeftHandIndex2 {
                        FrameTransformMatrix {
                           0.997049, 0.076767,-0.000164, 0.000000,
                          -0.075691, 0.983421, 0.164784, 0.000000,
                           0.012811,-0.164285, 0.986330, 0.000000,
                           0.000003, 3.776699, 0.000001, 1.000000;;
                        }
                        Frame Armature_mixamorig_LeftHandIndex3 {
                          FrameTransformMatrix {
                             0.999432,-0.033713, 0.000292, 0.000000,
                             0.026304, 0.785164, 0.618729, 0.000000,
                            -0.021088,-0.618370, 0.785604, 0.000000,
                            -0.000007, 2.542999, 0.000000, 1.000000;;
                          }
                          Frame Armature_mixamorig_LeftHandIndex4 {
                            FrameTransformMatrix {
                               1.000000,-0.000000, 0.000000, 0.000000,
                               0.000000, 1.000000, 0.000000, 0.000000,
                               0.000000, 0.000000, 1.000000, 0.000000,
                              -0.000002, 2.529099, 0.000002, 1.000000;;
                            }
                          } // End of Armature_mixamorig_LeftHandIndex4
                        } // End of Armature_mixamorig_LeftHandIndex3
                      } // End of Armature_mixamorig_LeftHandIndex2
                    } // End of Armature_mixamorig_LeftHandIndex1
                    Frame Armature_mixamorig_LeftHandMiddle1 {
                      FrameTransformMatrix {
                         0.985724,-0.158304,-0.057344, 0.000000,
                         0.159355, 0.987119, 0.014224, 0.000000,
                         0.054353,-0.023159, 0.998253, 0.000000,
                         0.000005, 9.700813, 0.000001, 1.000000;;
                      }
                      Frame Armature_mixamorig_LeftHandMiddle2 {
                        FrameTransformMatrix {
                           0.996405, 0.084717,-0.000022, 0.000000,
                          -0.081109, 0.954044, 0.288480, 0.000000,
                           0.024460,-0.287442, 0.957486, 0.000000,
                           0.000003, 4.014602,-0.000001, 1.000000;;
                        }
                        Frame Armature_mixamorig_LeftHandMiddle3 {
                          FrameTransformMatrix {
                             0.999624,-0.027376, 0.001270, 0.000000,
                             0.019484, 0.742536, 0.669523, 0.000000,
                            -0.019272,-0.669246, 0.742791, 0.000000,
                             0.000002, 2.996698,-0.000001, 1.000000;;
                          }
                          Frame Armature_mixamorig_LeftHandMiddle4 {
                            FrameTransformMatrix {
                               1.000000,-0.000000,-0.000000, 0.000000,
                               0.000000, 1.000000,-0.000000, 0.000000,
                               0.000000, 0.000000, 1.000000, 0.000000,
                              -0.000006, 2.824992,-0.000002, 1.000000;;
                            }
                          } // End of Armature_mixamorig_LeftHandMiddle4
                        } // End of Armature_mixamorig_LeftHandMiddle3
                      } // End of Armature_mixamorig_LeftHandMiddle2
                    } // End of Armature_mixamorig_LeftHandMiddle1
                    Frame Armature_mixamorig_LeftHandPinky1 {
                      FrameTransformMatrix {
                         0.926811,-0.360045, 0.106724, 0.000000,
                         0.349789, 0.931092, 0.103512, 0.000000,
                        -0.136638,-0.058605, 0.988886, 0.000000,
                         4.712705, 8.985518,-0.221599, 1.000000;;
                      }
                      Frame Armature_mixamorig_LeftHandPinky2 {
                        FrameTransformMatrix {
                           1.000000, 0.000477,-0.000432, 0.000000,
                          -0.000337, 0.959812, 0.280641, 0.000000,
                           0.000549,-0.280641, 0.959812, 0.000000,
                          -0.000001, 3.562503, 0.000002, 1.000000;;
                        }
                        Frame Armature_mixamorig_LeftHandPinky3 {
                          FrameTransformMatrix {
                             1.000000, 0.000878, 0.000424, 0.000000,
                            -0.000921, 0.707751, 0.706461, 0.000000,
                             0.000320,-0.706461, 0.707752, 0.000000,
                             0.000001, 2.335210, 0.000000, 1.000000;;
                          }
                          Frame Armature_mixamorig_LeftHandPinky4 {
                            FrameTransformMatrix {
                               1.000000, 0.000000,-0.000000, 0.000000,
                              -0.000000, 1.000000,-0.000000, 0.000000,
                              -0.000000, 0.000000, 1.000000, 0.000000,
                              -0.000000, 2.037302, 0.000004, 1.000000;;
                            }
                          } // End of Armature_mixamorig_LeftHandPinky4
                        } // End of Armature_mixamorig_LeftHandPinky3
                      } // End of Armature_mixamorig_LeftHandPinky2
                    } // End of Armature_mixamorig_LeftHandPinky1
                    Frame Armature_mixamorig_LeftHandRing1 {
                      FrameTransformMatrix {
                         0.983491,-0.179080, 0.026003, 0.000000,
                         0.175894, 0.979803, 0.095121, 0.000000,
                        -0.042512,-0.088977, 0.995126, 0.000000,
                         2.241705, 9.308414,-0.143493, 1.000000;;
                      }
                      Frame Armature_mixamorig_LeftHandRing2 {
                        FrameTransformMatrix {
                           0.999745, 0.022537, 0.001113, 0.000000,
                          -0.021442, 0.933459, 0.358044, 0.000000,
                           0.007031,-0.357977, 0.933704, 0.000000,
                           0.000000, 4.019394,-0.000000, 1.000000;;
                        }
                        Frame Armature_mixamorig_LeftHandRing3 {
                          FrameTransformMatrix {
                             0.999783,-0.020822, 0.001235, 0.000000,
                             0.015090, 0.762904, 0.646336, 0.000000,
                            -0.014400,-0.646177, 0.763052, 0.000000,
                             0.000000, 2.790812,-0.000000, 1.000000;;
                          }
                          Frame Armature_mixamorig_LeftHandRing4 {
                            FrameTransformMatrix {
                               1.000000, 0.000000,-0.000000, 0.000000,
                               0.000000, 1.000000, 0.000000, 0.000000,
                               0.000000,-0.000000, 1.000000, 0.000000,
                               0.000004, 2.540695,-0.000002, 1.000000;;
                            }
                          } // End of Armature_mixamorig_LeftHandRing4
                        } // End of Armature_mixamorig_LeftHandRing3
                      } // End of Armature_mixamorig_LeftHandRing2
                    } // End of Armature_mixamorig_LeftHandRing1
                    Frame Armature_mixamorig_LeftHandThumb1 {
                      FrameTransformMatrix {
                         0.829170, 0.554009,-0.074507, 0.000000,
                        -0.536362, 0.826040, 0.173128, 0.000000,
                         0.157460,-0.103590, 0.982077, 0.000000,
                        -2.370402, 3.545608, 1.908197, 1.000000;;
                      }
                      Frame Armature_mixamorig_LeftHandThumb2 {
                        FrameTransformMatrix {
                           0.986041,-0.166503,-0.000376, 0.000000,
                           0.166503, 0.986030, 0.004517, 0.000000,
                          -0.000381,-0.004516, 0.999990, 0.000000,
                           0.000000, 2.808398,-0.000001, 1.000000;;
                        }
                        Frame Armature_mixamorig_LeftHandThumb3 {
                          FrameTransformMatrix {
                             0.956278,-0.292093,-0.014613, 0.000000,
                             0.292443, 0.954508, 0.058247, 0.000000,
                            -0.003065,-0.059974, 0.998195, 0.000000,
                             0.000002, 2.379004, 0.000001, 1.000000;;
                          }
                          Frame Armature_mixamorig_LeftHandThumb4 {
                            FrameTransformMatrix {
                               1.000000,-0.000000,-0.000000, 0.000000,
                               0.000000, 1.000000,-0.000000, 0.000000,
                              -0.000000, 0.000000, 1.000000, 0.000000,
                               0.000001, 2.445009, 0.000004, 1.000000;;
                            }
                          } // End of Armature_mixamorig_LeftHandThumb4
                        } // End of Armature_mixamorig_LeftHandThumb3
                      } // End of Armature_mixamorig_LeftHandThumb2
                    } // End of Armature_mixamorig_LeftHandThumb1
                  } // End of Armature_mixamorig_LeftHand
                } // End of Armature_mixamorig_LeftForeArm
              } // End of Armature_mixamorig_LeftArm
            } // End of Armature_mixamorig_LeftShoulder
            Frame Armature_mixamorig_Neck {
              FrameTransformMatrix {
                 0.782897,-0.283945,-0.553577, 0.000000,
                 0.491313, 0.828039, 0.270116, 0.000000,
                 0.381685,-0.483453, 0.787775, 0.000000,
                 0.024399,15.862288,-1.675795, 1.000000;;
              }
              Frame Armature_mixamorig_Head {
                FrameTransformMatrix {
                   0.970269, 0.118285,-0.211155, 0.000000,
                  -0.083308, 0.982348, 0.167487, 0.000000,
                   0.227239,-0.144916, 0.962996, 0.000000,
                  -0.000003, 5.563998, 0.988083, 1.000000;;
                }
                Frame Armature_mixamorig_HeadTop_End {
                  FrameTransformMatrix {
                     1.000000, 0.000000, 0.000000, 0.000000,
                    -0.000000, 1.000000,-0.000000, 0.000000,
                    -0.000000, 0.000000, 1.000000, 0.000000,
                    -0.000003,18.311905, 3.086896, 1.000000;;
                  }
                } // End of Armature_mixamorig_HeadTop_End
                Frame Armature_mixamorig_LeftEye {
                  FrameTransformMatrix {
                    -0.000000,-0.000000,-1.000000, 0.000000,
                     1.000000,-0.000000, 0.000000, 0.000000,
                    -0.000000,-1.000000, 0.000000, 0.000000,
                     2.284394, 7.935702, 7.063709, 1.000000;;
                  }
                } // End of Armature_mixamorig_LeftEye
                Frame Armature_mixamorig_RightEye {
                  FrameTransformMatrix {
                    -0.000000, 0.000000, 1.000000, 0.000000,
                    -1.000000, 0.000000,-0.000000, 0.000000,
                    -0.000000,-1.000000, 0.000000, 0.000000,
                    -2.377501, 7.935704, 7.063701, 1.000000;;
                  }
                } // End of Armature_mixamorig_RightEye
              } // End of Armature_mixamorig_Head
            } // End of Armature_mixamorig_Neck
            Frame Armature_mixamorig_RightShoulder {
              FrameTransformMatrix {
                 0.430230,-0.057229, 0.900903, 0.000000,
                -0.902318,-0.056996, 0.427285, 0.000000,
                 0.026895,-0.996733,-0.076160, 0.000000,
                -5.935001,13.670590,-1.662591, 1.000000;;
              }
              Frame Armature_mixamorig_RightArm {
                FrameTransformMatrix {
                  -0.082968,-0.759527,-0.645163, 0.000000,
                   0.993163,-0.116368, 0.009276, 0.000000,
                  -0.082122,-0.639982, 0.763989, 0.000000,
                   0.000004,12.607891,-0.000004, 1.000000;;
                }
                Frame Armature_mixamorig_RightForeArm {
                  FrameTransformMatrix {
                     0.649735,-0.731386, 0.207171, 0.000000,
                     0.760119, 0.627975,-0.166934, 0.000000,
                    -0.008005, 0.265937, 0.963957, 0.000000,
                     0.000003,25.574310,-0.000011, 1.000000;;
                  }
                  Frame Armature_mixamorig_RightHand {
                    FrameTransformMatrix {
                       0.985200, 0.125840,-0.116380, 0.000000,
                      -0.171080, 0.763779,-0.622393, 0.000000,
                       0.010567, 0.633092, 0.774004, 0.000000,
                      -0.000006,21.603395, 0.000005, 1.000000;;
                    }
                    Frame Armature_mixamorig_RightHandIndex1 {
                      FrameTransformMatrix {
                         0.998734, 0.050277,-0.001490, 0.000000,
                        -0.022353, 0.470183, 0.882286, 0.000000,
                         0.045060,-0.881136, 0.470712, 0.000000,
                         2.341895, 9.909714,-0.290997, 1.000000;;
                      }
                      Frame Armature_mixamorig_RightHandIndex2 {
                        FrameTransformMatrix {
                           0.996880,-0.078900, 0.002421, 0.000000,
                           0.029765, 0.404125, 0.914220, 0.000000,
                          -0.073110,-0.911295, 0.405212, 0.000000,
                          -0.000002, 3.776796,-0.000001, 1.000000;;
                        }
                        Frame Armature_mixamorig_RightHandIndex3 {
                          FrameTransformMatrix {
                             0.999264, 0.009871, 0.037063, 0.000000,
                            -0.036841, 0.515833, 0.855896, 0.000000,
                            -0.010670,-0.856632, 0.515818, 0.000000,
                             0.000002, 2.543010, 0.000003, 1.000000;;
                          }
                          Frame Armature_mixamorig_RightHandIndex4 {
                            FrameTransformMatrix {
                               1.000000, 0.000000,-0.000000, 0.000000,
                              -0.000000, 1.000000,-0.000000, 0.000000,
                               0.000000, 0.000000, 1.000000, 0.000000,
                              -0.000002, 2.528999, 0.000000, 1.000000;;
                            }
                          } // End of Armature_mixamorig_RightHandIndex4
                        } // End of Armature_mixamorig_RightHandIndex3
                      } // End of Armature_mixamorig_RightHandIndex2
                    } // End of Armature_mixamorig_RightHandIndex1
                    Frame Armature_mixamorig_RightHandMiddle1 {
                      FrameTransformMatrix {
                         0.999749,-0.001177,-0.022394, 0.000000,
                         0.021318, 0.359800, 0.932786, 0.000000,
                         0.006960,-0.933029, 0.359734, 0.000000,
                        -0.000013, 9.700710, 0.000000, 1.000000;;
                      }
                      Frame Armature_mixamorig_RightHandMiddle2 {
                        FrameTransformMatrix {
                           0.996111,-0.088095, 0.001379, 0.000000,
                           0.009443, 0.122307, 0.992447, 0.000000,
                          -0.087598,-0.988575, 0.122664, 0.000000,
                          -0.000002, 4.014699, 0.000004, 1.000000;;
                        }
                        Frame Armature_mixamorig_RightHandMiddle3 {
                          FrameTransformMatrix {
                             0.999441, 0.027075, 0.019591, 0.000000,
                            -0.033363, 0.842398, 0.537823, 0.000000,
                            -0.001942,-0.538176, 0.842830, 0.000000,
                             0.000008, 2.996715,-0.000007, 1.000000;;
                          }
                          Frame Armature_mixamorig_RightHandMiddle4 {
                            FrameTransformMatrix {
                               1.000000, 0.000000, 0.000000, 0.000000,
                              -0.000000, 1.000000, 0.000000, 0.000000,
                               0.000000, 0.000000, 1.000000, 0.000000,
                              -0.000001, 2.825005,-0.000000, 1.000000;;
                            }
                          } // End of Armature_mixamorig_RightHandMiddle4
                        } // End of Armature_mixamorig_RightHandMiddle3
                      } // End of Armature_mixamorig_RightHandMiddle2
                    } // End of Armature_mixamorig_RightHandMiddle1
                    Frame Armature_mixamorig_RightHandPinky1 {
                      FrameTransformMatrix {
                         0.997558,-0.003883,-0.069741, 0.000000,
                         0.069843, 0.042572, 0.996649, 0.000000,
                        -0.000901,-0.999086, 0.042739, 0.000000,
                        -4.712711, 8.985521,-0.221007, 1.000000;;
                      }
                      Frame Armature_mixamorig_RightHandPinky2 {
                        FrameTransformMatrix {
                           0.999994,-0.002261, 0.002468, 0.000000,
                          -0.000630, 0.597027, 0.802221, 0.000000,
                          -0.003288,-0.802218, 0.597022, 0.000000,
                           0.000008, 3.562500,-0.000009, 1.000000;;
                        }
                        Frame Armature_mixamorig_RightHandPinky3 {
                          FrameTransformMatrix {
                             0.999992, 0.002192, 0.003452, 0.000000,
                            -0.003435, 0.908434, 0.418015, 0.000000,
                            -0.002220,-0.418023, 0.908434, 0.000000,
                            -0.000004, 2.335197, 0.000001, 1.000000;;
                          }
                          Frame Armature_mixamorig_RightHandPinky4 {
                            FrameTransformMatrix {
                               1.000000,-0.000000, 0.000000, 0.000000,
                              -0.000000, 1.000000,-0.000000, 0.000000,
                              -0.000000,-0.000000, 1.000000, 0.000000,
                              -0.000007, 2.037304, 0.000002, 1.000000;;
                            }
                          } // End of Armature_mixamorig_RightHandPinky4
                        } // End of Armature_mixamorig_RightHandPinky3
                      } // End of Armature_mixamorig_RightHandPinky2
                    } // End of Armature_mixamorig_RightHandPinky1
                    Frame Armature_mixamorig_RightHandRing1 {
                      FrameTransformMatrix {
                         0.996750, 0.079049, 0.015524, 0.000000,
                        -0.029097, 0.173570, 0.984392, 0.000000,
                         0.075121,-0.981644, 0.175306, 0.000000,
                        -2.241714, 9.308421,-0.142995, 1.000000;;
                      }
                      Frame Armature_mixamorig_RightHandRing2 {
                        FrameTransformMatrix {
                           0.999726,-0.021029,-0.010285, 0.000000,
                           0.016361, 0.313426, 0.949472, 0.000000,
                          -0.016743,-0.949380, 0.313684, 0.000000,
                           0.000005, 4.019395,-0.000008, 1.000000;;
                        }
                        Frame Armature_mixamorig_RightHandRing3 {
                          FrameTransformMatrix {
                             0.999728, 0.023307, 0.000067, 0.000000,
                            -0.018182, 0.778085, 0.627895, 0.000000,
                             0.014582,-0.627726, 0.778298, 0.000000,
                            -0.000003, 2.790814,-0.000004, 1.000000;;
                          }
                          Frame Armature_mixamorig_RightHandRing4 {
                            FrameTransformMatrix {
                               1.000000, 0.000000,-0.000000, 0.000000,
                              -0.000000, 1.000000, 0.000000, 0.000000,
                               0.000000,-0.000000, 1.000000, 0.000000,
                              -0.000010, 2.540698,-0.000000, 1.000000;;
                            }
                          } // End of Armature_mixamorig_RightHandRing4
                        } // End of Armature_mixamorig_RightHandRing3
                      } // End of Armature_mixamorig_RightHandRing2
                    } // End of Armature_mixamorig_RightHandRing1
                    Frame Armature_mixamorig_RightHandThumb1 {
                      FrameTransformMatrix {
                         0.975813,-0.102088, 0.193306, 0.000000,
                        -0.100232, 0.576901, 0.810641, 0.000000,
                        -0.194275,-0.810409, 0.552715, 0.000000,
                         2.370389, 3.545605, 1.909007, 1.000000;;
                      }
                      Frame Armature_mixamorig_RightHandThumb2 {
                        FrameTransformMatrix {
                           0.951210, 0.011191, 0.308342, 0.000000,
                           0.052529, 0.978879,-0.197578, 0.000000,
                          -0.304040, 0.204135, 0.930531, 0.000000,
                           0.000004, 2.807999, 0.000001, 1.000000;;
                        }
                        Frame Armature_mixamorig_RightHandThumb3 {
                          FrameTransformMatrix {
                             0.928464, 0.237488,-0.285577, 0.000000,
                            -0.303032, 0.928940,-0.212700, 0.000000,
                             0.214770, 0.284023, 0.934454, 0.000000,
                            -0.000001, 2.379007,-0.000010, 1.000000;;
                          }
                          Frame Armature_mixamorig_RightHandThumb4 {
                            FrameTransformMatrix {
                               1.000000, 0.000000, 0.000000, 0.000000,
                              -0.000000, 1.000000,-0.000000, 0.000000,
                               0.000000, 0.000000, 1.000000, 0.000000,
                              -0.000004, 2.445292, 0.000001, 1.000000;;
                            }
                          } // End of Armature_mixamorig_RightHandThumb4
                        } // End of Armature_mixamorig_RightHandThumb3
                      } // End of Armature_mixamorig_RightHandThumb2
                    } // End of Armature_mixamorig_RightHandThumb1
                  } // End of Armature_mixamorig_RightHand
                } // End of Armature_mixamorig_RightForeArm
              } // End of Armature_mixamorig_RightArm
            } // End of Armature_mixamorig_RightShoulder
          } // End of Armature_mixamorig_Spine2
        } // End of Armature_mixamorig_Spine1
      } // End of Armature_mixamorig_Spine
    } // End of Armature_mixamorig_Hips
  } // End of Armature
} // End of Root
AnimationSet Global {
  Animation {
    {Armature}
    AnimationKey { // Rotation
      0;
      155;
      0;4;-0.707107, 0.707107, 0.000000, 0.000000;;,
      1;4;-0.707107, 0.707107, 0.000000, 0.000000;;,
      2;4;-0.707107, 0.707107, 0.000000, 0.000000;;,
      3;4;-0.707107, 0.707107, 0.000000, 0.000000;;,
      4;4;-0.707107, 0.707107, 0.000000, 0.000000;;,
      5;4;-0.707107, 0.707107, 0.000000, 0.000000;;,
      6;4;-0.707107, 0.707107, 0.000000, 0.000000;;,
      7;4;-0.707107, 0.707107, 0.000000, 0.000000;;,
      8;4;-0.707107, 0.707107, 0.000000, 0.000000;;,
      9;4;-0.707107, 0.707107, 0.000000, 0.000000;;,
      10;4;-0.707107, 0.707107, 0.000000, 0.000000;;,
      11;4;-0.707107, 0.707107, 0.000000, 0.000000;;,
      12;4;-0.707107, 0.707107, 0.000000, 0.000000;;,
      13;4;-0.707107, 0.707107, 0.000000, 0.000000;;,
      14;4;-0.707107, 0.707107, 0.000000, 0.000000;;,
      15;4;-0.707107, 0.707107, 0.000000, 0.000000;;,
      16;4;-0.707107, 0.707107, 0.000000, 0.000000;;,
      17;4;-0.707107, 0.707107, 0.000000, 0.000000;;,
      18;4;-0.707107, 0.707107, 0.000000, 0.000000;;,
      19;4;-0.707107, 0.707107, 0.000000, 0.000000;;,
      20;4;-0.707107, 0.707107, 0.000000, 0.000000;;,
      21;4;-0.707107, 0.707107, 0.000000, 0.000000;;,
      22;4;-0.707107, 0.707107, 0.000000, 0.000000;;,
      23;4;-0.707107, 0.707107, 0.000000, 0.000000;;,
      24;4;-0.707107, 0.707107, 0.000000, 0.000000;;,
      25;4;-0.707107, 0.707107, 0.000000, 0.000000;;,
      26;4;-0.707107, 0.707107, 0.000000, 0.000000;;,
      27;4;-0.707107, 0.707107, 0.000000, 0.000000;;,
      28;4;-0.707107, 0.707107, 0.000000, 0.000000;;,
      29;4;-0.707107, 0.707107, 0.000000, 0.000000;;,
      30;4;-0.707107, 0.707107, 0.000000, 0.000000;;,
      31;4;-0.707107, 0.707107, 0.000000, 0.000000;;,
      32;4;-0.707107, 0.707107, 0.000000, 0.000000;;,
      33;4;-0.707107, 0.707107, 0.000000, 0.000000;;,
      34;4;-0.707107, 0.707107, 0.000000, 0.000000;;,
      35;4;-0.707107, 0.707107, 0.000000, 0.000000;;,
      36;4;-0.707107, 0.707107, 0.000000, 0.000000;;,
      37;4;-0.707107, 0.707107, 0.000000, 0.000000;;,
      38;4;-0.707107, 0.707107, 0.000000, 0.000000;;,
      39;4;-0.707107, 0.707107, 0.000000, 0.000000;;,
      40;4;-0.707107, 0.707107, 0.000000, 0.000000;;,
      41;4;-0.707107, 0.707107, 0.000000, 0.000000;;,
      42;4;-0.707107, 0.707107, 0.000000, 0.000000;;,
      43;4;-0.707107, 0.707107, 0.000000, 0.000000;;,
      44;4;-0.707107, 0.707107, 0.000000, 0.000000;;,
      45;4;-0.707107, 0.707107, 0.000000, 0.000000;;,
      46;4;-0.707107, 0.707107, 0.000000, 0.000000;;,
      47;4;-0.707107, 0.707107, 0.000000, 0.000000;;,
      48;4;-0.707107, 0.707107, 0.000000, 0.000000;;,
      49;4;-0.707107, 0.707107, 0.000000, 0.000000;;,
      50;4;-0.707107, 0.707107, 0.000000, 0.000000;;,
      51;4;-0.707107, 0.707107, 0.000000, 0.000000;;,
      52;4;-0.707107, 0.707107, 0.000000, 0.000000;;,
      53;4;-0.707107, 0.707107, 0.000000, 0.000000;;,
      54;4;-0.707107, 0.707107, 0.000000, 0.000000;;,
      55;4;-0.707107, 0.707107, 0.000000, 0.000000;;,
      56;4;-0.707107, 0.707107, 0.000000, 0.000000;;,
      57;4;-0.707107, 0.707107, 0.000000, 0.000000;;,
      58;4;-0.707107, 0.707107, 0.000000, 0.000000;;,
      59;4;-0.707107, 0.707107, 0.000000, 0.000000;;,
      60;4;-0.707107, 0.707107, 0.000000, 0.000000;;,
      61;4;-0.707107, 0.707107, 0.000000, 0.000000;;,
      62;4;-0.707107, 0.707107, 0.000000, 0.000000;;,
      63;4;-0.707107, 0.707107, 0.000000, 0.000000;;,
      64;4;-0.707107, 0.707107, 0.000000, 0.000000;;,
      65;4;-0.707107, 0.707107, 0.000000, 0.000000;;,
      66;4;-0.707107, 0.707107, 0.000000, 0.000000;;,
      67;4;-0.707107, 0.707107, 0.000000, 0.000000;;,
      68;4;-0.707107, 0.707107, 0.000000, 0.000000;;,
      69;4;-0.707107, 0.707107, 0.000000, 0.000000;;,
      70;4;-0.707107, 0.707107, 0.000000, 0.000000;;,
      71;4;-0.707107, 0.707107, 0.000000, 0.000000;;,
      72;4;-0.707107, 0.707107, 0.000000, 0.000000;;,
      73;4;-0.707107, 0.707107, 0.000000, 0.000000;;,
      74;4;-0.707107, 0.707107, 0.000000, 0.000000;;,
      75;4;-0.707107, 0.707107, 0.000000, 0.000000;;,
      76;4;-0.707107, 0.707107, 0.000000, 0.000000;;,
      77;4;-0.707107, 0.707107, 0.000000, 0.000000;;,
      78;4;-0.707107, 0.707107, 0.000000, 0.000000;;,
      79;4;-0.707107, 0.707107, 0.000000, 0.000000;;,
      80;4;-0.707107, 0.707107, 0.000000, 0.000000;;,
      81;4;-0.707107, 0.707107, 0.000000, 0.000000;;,
      82;4;-0.707107, 0.707107, 0.000000, 0.000000;;,
      83;4;-0.707107, 0.707107, 0.000000, 0.000000;;,
      84;4;-0.707107, 0.707107, 0.000000, 0.000000;;,
      85;4;-0.707107, 0.707107, 0.000000, 0.000000;;,
      86;4;-0.707107, 0.707107, 0.000000, 0.000000;;,
      87;4;-0.707107, 0.707107, 0.000000, 0.000000;;,
      88;4;-0.707107, 0.707107, 0.000000, 0.000000;;,
      89;4;-0.707107, 0.707107, 0.000000, 0.000000;;,
      90;4;-0.707107, 0.707107, 0.000000, 0.000000;;,
      91;4;-0.707107, 0.707107, 0.000000, 0.000000;;,
      92;4;-0.707107, 0.707107, 0.000000, 0.000000;;,
      93;4;-0.707107, 0.707107, 0.000000, 0.000000;;,
      94;4;-0.707107, 0.707107, 0.000000, 0.000000;;,
      95;4;-0.707107, 0.707107, 0.000000, 0.000000;;,
      96;4;-0.707107, 0.707107, 0.000000, 0.000000;;,
      97;4;-0.707107, 0.707107, 0.000000, 0.000000;;,
      98;4;-0.707107, 0.707107, 0.000000, 0.000000;;,
      99;4;-0.707107, 0.707107, 0.000000, 0.000000;;,
      100;4;-0.707107, 0.707107, 0.000000, 0.000000;;,
      101;4;-0.707107, 0.707107, 0.000000, 0.000000;;,
      102;4;-0.707107, 0.707107, 0.000000, 0.000000;;,
      103;4;-0.707107, 0.707107, 0.000000, 0.000000;;,
      104;4;-0.707107, 0.707107, 0.000000, 0.000000;;,
      105;4;-0.707107, 0.707107, 0.000000, 0.000000;;,
      106;4;-0.707107, 0.707107, 0.000000, 0.000000;;,
      107;4;-0.707107, 0.707107, 0.000000, 0.000000;;,
      108;4;-0.707107, 0.707107, 0.000000, 0.000000;;,
      109;4;-0.707107, 0.707107, 0.000000, 0.000000;;,
      110;4;-0.707107, 0.707107, 0.000000, 0.000000;;,
      111;4;-0.707107, 0.707107, 0.000000, 0.000000;;,
      112;4;-0.707107, 0.707107, 0.000000, 0.000000;;,
      113;4;-0.707107, 0.707107, 0.000000, 0.000000;;,
      114;4;-0.707107, 0.707107, 0.000000, 0.000000;;,
      115;4;-0.707107, 0.707107, 0.000000, 0.000000;;,
      116;4;-0.707107, 0.707107, 0.000000, 0.000000;;,
      117;4;-0.707107, 0.707107, 0.000000, 0.000000;;,
      118;4;-0.707107, 0.707107, 0.000000, 0.000000;;,
      119;4;-0.707107, 0.707107, 0.000000, 0.000000;;,
      120;4;-0.707107, 0.707107, 0.000000, 0.000000;;,
      121;4;-0.707107, 0.707107, 0.000000, 0.000000;;,
      122;4;-0.707107, 0.707107, 0.000000, 0.000000;;,
      123;4;-0.707107, 0.707107, 0.000000, 0.000000;;,
      124;4;-0.707107, 0.707107, 0.000000, 0.000000;;,
      125;4;-0.707107, 0.707107, 0.000000, 0.000000;;,
      126;4;-0.707107, 0.707107, 0.000000, 0.000000;;,
      127;4;-0.707107, 0.707107, 0.000000, 0.000000;;,
      128;4;-0.707107, 0.707107, 0.000000, 0.000000;;,
      129;4;-0.707107, 0.707107, 0.000000, 0.000000;;,
      130;4;-0.707107, 0.707107, 0.000000, 0.000000;;,
      131;4;-0.707107, 0.707107, 0.000000, 0.000000;;,
      132;4;-0.707107, 0.707107, 0.000000, 0.000000;;,
      133;4;-0.707107, 0.707107, 0.000000, 0.000000;;,
      134;4;-0.707107, 0.707107, 0.000000, 0.000000;;,
      135;4;-0.707107, 0.707107, 0.000000, 0.000000;;,
      136;4;-0.707107, 0.707107, 0.000000, 0.000000;;,
      137;4;-0.707107, 0.707107, 0.000000, 0.000000;;,
      138;4;-0.707107, 0.707107, 0.000000, 0.000000;;,
      139;4;-0.707107, 0.707107, 0.000000, 0.000000;;,
      140;4;-0.707107, 0.707107, 0.000000, 0.000000;;,
      141;4;-0.707107, 0.707107, 0.000000, 0.000000;;,
      142;4;-0.707107, 0.707107, 0.000000, 0.000000;;,
      143;4;-0.707107, 0.707107, 0.000000, 0.000000;;,
      144;4;-0.707107, 0.707107, 0.000000, 0.000000;;,
      145;4;-0.707107, 0.707107, 0.000000, 0.000000;;,
      146;4;-0.707107, 0.707107, 0.000000, 0.000000;;,
      147;4;-0.707107, 0.707107, 0.000000, 0.000000;;,
      148;4;-0.707107, 0.707107, 0.000000, 0.000000;;,
      149;4;-0.707107, 0.707107, 0.000000, 0.000000;;,
      150;4;-0.707107, 0.707107, 0.000000, 0.000000;;,
      151;4;-0.707107, 0.707107, 0.000000, 0.000000;;,
      152;4;-0.707107, 0.707107, 0.000000, 0.000000;;,
      153;4;-0.707107, 0.707107, 0.000000, 0.000000;;,
      154;4;-0.707107, 0.707107, 0.000000, 0.000000;;;
    }
    AnimationKey { // Scale
      1;
      155;
      0;3; 0.100000, 0.100000, 0.100000;;,
      1;3; 0.100000, 0.100000, 0.100000;;,
      2;3; 0.100000, 0.100000, 0.100000;;,
      3;3; 0.100000, 0.100000, 0.100000;;,
      4;3; 0.100000, 0.100000, 0.100000;;,
      5;3; 0.100000, 0.100000, 0.100000;;,
      6;3; 0.100000, 0.100000, 0.100000;;,
      7;3; 0.100000, 0.100000, 0.100000;;,
      8;3; 0.100000, 0.100000, 0.100000;;,
      9;3; 0.100000, 0.100000, 0.100000;;,
      10;3; 0.100000, 0.100000, 0.100000;;,
      11;3; 0.100000, 0.100000, 0.100000;;,
      12;3; 0.100000, 0.100000, 0.100000;;,
      13;3; 0.100000, 0.100000, 0.100000;;,
      14;3; 0.100000, 0.100000, 0.100000;;,
      15;3; 0.100000, 0.100000, 0.100000;;,
      16;3; 0.100000, 0.100000, 0.100000;;,
      17;3; 0.100000, 0.100000, 0.100000;;,
      18;3; 0.100000, 0.100000, 0.100000;;,
      19;3; 0.100000, 0.100000, 0.100000;;,
