xof 0303txt 0032

template XSkinMeshHeader {
  <3cf169ce-ff7c-44ab-93c0-f78f62d172e2>
  WORD nMaxSkinWeightsPerVertex;
  WORD nMaxSkinWeightsPerFace;
  WORD nBones;
}

template SkinWeights {
  <6f0d123b-bad2-4167-a0d0-80224f25fabb>
  STRING transformNodeName;
  DWORD nWeights;
  array DWORD vertexIndices[nWeights];
  array float weights[nWeights];
  Matrix4x4 matrixOffset;
}

Frame Root {
  FrameTransformMatrix {
     1.000000, 0.000000, 0.000000, 0.000000,
     0.000000,-0.000000,-1.000000, 0.000000,
     0.000000, 1.000000,-0.000000, 0.000000,
     0.000000, 0.000000, 0.000000, 1.000000;;
  }
  Frame Armature {
    FrameTransformMatrix {
       0.100000, 0.000000, 0.000000, 0.000000,
       0.000000,-0.000000, 0.100000, 0.000000,
       0.000000,-0.100000,-0.000000, 0.000000,
       0.000000, 0.000000, 0.000000, 1.000000;;
    }
    Frame Armature_mixamorig_Hips {
      FrameTransformMatrix {
         0.978017, 0.047177, 0.203120, 0.000000,
        -0.112524, 0.939482, 0.323593, 0.000000,
        -0.175562,-0.339335, 0.924137, 0.000000,
         0.002511,85.589005, 0.035827, 1.000000;;
      }
      Frame Armature_mixamorig_LeftUpLeg {
        FrameTransformMatrix {
          -0.980443, 0.052330, 0.189705, 0.000000,
           0.130407,-0.549231, 0.825384, 0.000000,
           0.147393, 0.834031, 0.531631, 0.000000,
           9.789100,-5.875906,-0.583702, 1.000000;;
        }
        Frame Armature_mixamorig_LeftLeg {
          FrameTransformMatrix {
             0.999601, 0.014914,-0.023976, 0.000000,
            -0.015309,-0.427238,-0.904009, 0.000000,
            -0.023726, 0.904016,-0.426840, 0.000000,
             0.000001,41.701996, 0.000000, 1.000000;;
          }
          Frame Armature_mixamorig_LeftFoot {
            FrameTransformMatrix {
               0.948986, 0.303846,-0.084276, 0.000000,
              -0.177702, 0.736148, 0.653076, 0.000000,
               0.260474,-0.604784, 0.752589, 0.000000,
               0.000000,36.981030, 0.000002, 1.000000;;
            }
            Frame Armature_mixamorig_LeftToeBase {
              FrameTransformMatrix {
                 0.991778, 0.012191, 0.127387, 0.000000,
                -0.094017, 0.744734, 0.660706, 0.000000,
                -0.086814,-0.667250, 0.739757, 0.000000,
                -0.000001,16.700535,-0.000001, 1.000000;;
              }
            } // End of Armature_mixamorig_LeftToeBase
          } // End of Armature_mixamorig_LeftFoot
        } // End of Armature_mixamorig_LeftLeg
      } // End of Armature_mixamorig_LeftUpLeg
      Frame Armature_mixamorig_RightUpLeg {
        FrameTransformMatrix {
          -0.991176, 0.131557,-0.016237, 0.000000,
          -0.129052,-0.929746, 0.344826, 0.000000,
           0.030270, 0.343897, 0.938462, 0.000000,
          -9.857699,-5.875906,-0.583701, 1.000000;;
        }
        Frame Armature_mixamorig_RightLeg {
          FrameTransformMatrix {
             0.987301, 0.038726, 0.154070, 0.000000,
             0.084590, 0.692757,-0.716193, 0.000000,
            -0.134468, 0.720131, 0.680684, 0.000000,
            -0.000002,41.701988,-0.000000, 1.000000;;
          }
          Frame Armature_mixamorig_RightFoot {
            FrameTransformMatrix {
               0.994778, 0.048542, 0.089778, 0.000000,
              -0.092309, 0.052673, 0.994336, 0.000000,
               0.043538,-0.997431, 0.056879, 0.000000,
               0.000000,36.981026, 0.000003, 1.000000;;
            }
            Frame Armature_mixamorig_RightToeBase {
              FrameTransformMatrix {
                 0.996339,-0.082491,-0.022426, 0.000000,
                 0.069704, 0.632082, 0.771760, 0.000000,
                -0.049489,-0.770498, 0.635518, 0.000000,
                 0.000001,16.700535,-0.000002, 1.000000;;
              }
            } // End of Armature_mixamorig_RightToeBase
          } // End of Armature_mixamorig_RightFoot
        } // End of Armature_mixamorig_RightLeg
      } // End of Armature_mixamorig_RightUpLeg
      Frame Armature_mixamorig_Spine {
        FrameTransformMatrix {
           0.990520,-0.057848,-0.124591, 0.000000,
           0.100515, 0.923435, 0.370357, 0.000000,
           0.093627,-0.379370, 0.920496, 0.000000,
           0.017300,10.574793,-1.117201, 1.000000;;
        }
        Frame Armature_mixamorig_Spine1 {
          FrameTransformMatrix {
             0.999425,-0.006765,-0.033213, 0.000000,
             0.007967, 0.999313, 0.036185, 0.000000,
             0.032946,-0.036429, 0.998793, 0.000000,
             0.000001,12.406006,-0.000006, 1.000000;;
          }
          Frame Armature_mixamorig_Spine2 {
            FrameTransformMatrix {
               0.999398,-0.006724,-0.034034, 0.000000,
               0.011450, 0.989995, 0.140633, 0.000000,
               0.032748,-0.140938, 0.989477, 0.000000,
               0.000000,14.178295,-0.000002, 1.000000;;
            }
            Frame Armature_mixamorig_LeftShoulder {
              FrameTransformMatrix {
                -0.158407, 0.080294,-0.984104, 0.000000,
                 0.904030,-0.388987,-0.177255, 0.000000,
                -0.397036,-0.917737,-0.010970, 0.000000,
                 5.935000,13.670202,-1.662607, 1.000000;;
              }
              Frame Armature_mixamorig_LeftArm {
                FrameTransformMatrix {
                   0.958915, 0.271860, 0.081088, 0.000000,
                  -0.235394, 0.602923, 0.762282, 0.000000,
                   0.158344,-0.750051, 0.642146, 0.000000,
                   0.000001,12.607889, 0.000010, 1.000000;;
                }
                Frame Armature_mixamorig_LeftForeArm {
                  FrameTransformMatrix {
                     0.555942, 0.805210, 0.206311, 0.000000,
                    -0.800451, 0.585517,-0.128251, 0.000000,
                    -0.224068,-0.093842, 0.970045, 0.000000,
                     0.000008,25.574303, 0.000002, 1.000000;;
                  }
                  Frame Armature_mixamorig_LeftHand {
                    FrameTransformMatrix {
                       0.896661, 0.442255, 0.020235, 0.000000,
                      -0.441769, 0.890813, 0.106270, 0.000000,
                       0.028972,-0.104227, 0.994132, 0.000000,
                       0.000001,21.603411,-0.000001, 1.000000;;
                    }
                    Frame Armature_mixamorig_LeftHandIndex1 {
                      FrameTransformMatrix {
                         0.991294, 0.108587, 0.074466, 0.000000,
                        -0.131308, 0.773572, 0.619955, 0.000000,
                         0.009714,-0.624336, 0.781096, 0.000000,
                        -2.341903, 9.909715,-0.291400, 1.000000;;
                      }
                      Frame Armature_mixamorig_LeftHandIndex2 {
                        FrameTransformMatrix {
                           0.997040, 0.076882, 0.000022, 0.000000,
                          -0.057006, 0.739093, 0.671186, 0.000000,
                           0.051586,-0.669201, 0.741289, 0.000000,
                          -0.000006, 3.776704, 0.000001, 1.000000;;
                        }
                        Frame Armature_mixamorig_LeftHandIndex3 {
                          FrameTransformMatrix {
                             0.999424,-0.033708,-0.003977, 0.000000,
                             0.033940, 0.993390, 0.109652, 0.000000,
                             0.000255,-0.109724, 0.993962, 0.000000,
                             0.000005, 2.542996,-0.000003, 1.000000;;
                          }
                        } // End of Armature_mixamorig_LeftHandIndex3
                      } // End of Armature_mixamorig_LeftHandIndex2
                    } // End of Armature_mixamorig_LeftHandIndex1
                    Frame Armature_mixamorig_LeftHandMiddle1 {
                      FrameTransformMatrix {
                         0.999249, 0.037015, 0.011413, 0.000000,
                        -0.035965, 0.777209, 0.628214, 0.000000,
                         0.014383,-0.628153, 0.777957, 0.000000,
                        -0.000002, 9.700809,-0.000005, 1.000000;;
                      }
                      Frame Armature_mixamorig_LeftHandMiddle2 {
                        FrameTransformMatrix {
                           0.996352, 0.085335, 0.000865, 0.000000,
                          -0.054615, 0.629817, 0.774821, 0.000000,
                           0.065575,-0.772042, 0.632180, 0.000000,
                          -0.000008, 4.014599,-0.000001, 1.000000;;
                        }
                        Frame Armature_mixamorig_LeftHandMiddle3 {
                          FrameTransformMatrix {
                             0.999596,-0.026681,-0.009832, 0.000000,
                             0.028422, 0.947885, 0.317342, 0.000000,
                             0.000852,-0.317493, 0.948260, 0.000000,
                            -0.000002, 2.996704, 0.000001, 1.000000;;
                          }
                        } // End of Armature_mixamorig_LeftHandMiddle3
                      } // End of Armature_mixamorig_LeftHandMiddle2
                    } // End of Armature_mixamorig_LeftHandMiddle1
                    Frame Armature_mixamorig_LeftHandPinky1 {
                      FrameTransformMatrix {
                         0.990339, 0.093299, 0.102587, 0.000000,
                        -0.138101, 0.596753, 0.790452, 0.000000,
                         0.012530,-0.796982, 0.603872, 0.000000,
                         4.712698, 8.985515,-0.221606, 1.000000;;
                      }
                      Frame Armature_mixamorig_LeftHandPinky2 {
                        FrameTransformMatrix {
                           0.999999, 0.001412, 0.000977, 0.000000,
                          -0.001341, 0.286580, 0.958055, 0.000000,
                           0.001073,-0.958055, 0.286582, 0.000000,
                           0.000008, 3.562496,-0.000001, 1.000000;;
                        }
                        Frame Armature_mixamorig_LeftHandPinky3 {
                          FrameTransformMatrix {
                             1.000000, 0.000694, 0.000182, 0.000000,
                            -0.000694, 0.870704, 0.491807, 0.000000,
                             0.000182,-0.491807, 0.870704, 0.000000,
                            -0.000005, 2.335207, 0.000004, 1.000000;;
                          }
                        } // End of Armature_mixamorig_LeftHandPinky3
                      } // End of Armature_mixamorig_LeftHandPinky2
                    } // End of Armature_mixamorig_LeftHandPinky1
                    Frame Armature_mixamorig_LeftHandRing1 {
                      FrameTransformMatrix {
                         0.999939,-0.003801, 0.010381, 0.000000,
                        -0.007470, 0.459970, 0.887903, 0.000000,
                        -0.008150,-0.887926, 0.459914, 0.000000,
                         2.241699, 9.308415,-0.143496, 1.000000;;
                      }
                      Frame Armature_mixamorig_LeftHandRing2 {
                        FrameTransformMatrix {
                           0.999744, 0.016952, 0.015008, 0.000000,
                          -0.022610, 0.712828, 0.700974, 0.000000,
                           0.001185,-0.701134, 0.713028, 0.000000,
                          -0.000004, 4.019395,-0.000004, 1.000000;;
                        }
                        Frame Armature_mixamorig_LeftHandRing3 {
                          FrameTransformMatrix {
                             0.999774,-0.021263, 0.000938, 0.000000,
                             0.020219, 0.962567, 0.270288, 0.000000,
                            -0.006650,-0.270208, 0.962779, 0.000000,
                             0.000005, 2.790810,-0.000000, 1.000000;;
                          }
                        } // End of Armature_mixamorig_LeftHandRing3
                      } // End of Armature_mixamorig_LeftHandRing2
                    } // End of Armature_mixamorig_LeftHandRing1
                    Frame Armature_mixamorig_LeftHandThumb1 {
                      FrameTransformMatrix {
                         0.865766, 0.491568,-0.093859, 0.000000,
                        -0.457348, 0.853307, 0.250400, 0.000000,
                         0.203179,-0.173862, 0.963582, 0.000000,
                        -2.370405, 3.545615, 1.908193, 1.000000;;
                      }
                      Frame Armature_mixamorig_LeftHandThumb2 {
                        FrameTransformMatrix {
                           0.954992,-0.274752,-0.111808, 0.000000,
                           0.291755, 0.938075, 0.186800, 0.000000,
                           0.053560,-0.211013, 0.976015, 0.000000,
                          -0.000003, 2.808398, 0.000001, 1.000000;;
                        }
                        Frame Armature_mixamorig_LeftHandThumb3 {
                          FrameTransformMatrix {
                             0.618158, 0.106484,-0.778808, 0.000000,
                             0.121190, 0.966025, 0.228273, 0.000000,
                             0.776655,-0.235492, 0.584252, 0.000000,
                            -0.000003, 2.378998, 0.000008, 1.000000;;
                          }
                        } // End of Armature_mixamorig_LeftHandThumb3
                      } // End of Armature_mixamorig_LeftHandThumb2
                    } // End of Armature_mixamorig_LeftHandThumb1
                  } // End of Armature_mixamorig_LeftHand
                } // End of Armature_mixamorig_LeftForeArm
              } // End of Armature_mixamorig_LeftArm
            } // End of Armature_mixamorig_LeftShoulder
            Frame Armature_mixamorig_Neck {
              FrameTransformMatrix {
                 0.999574,-0.018030,-0.022957, 0.000000,
                 0.013516, 0.982935,-0.183457, 0.000000,
                 0.025873, 0.183068, 0.982760, 0.000000,
                 0.024400,15.862293,-1.675803, 1.000000;;
              }
              Frame Armature_mixamorig_Head {
                FrameTransformMatrix {
                   0.993772,-0.061390, 0.093001, 0.000000,
                   0.096052, 0.895015,-0.435572, 0.000000,
                  -0.056498, 0.441792, 0.895337, 0.000000,
                  -0.000000, 5.564010, 0.988104, 1.000000;;
                }
                Frame Armature_mixamorig_HeadTop_End {
                  FrameTransformMatrix {
                     1.000000,-0.000000, 0.000000, 0.000000,
                    -0.000000, 1.000000,-0.000000, 0.000000,
                     0.000000, 0.000000, 1.000000, 0.000000,
                     0.000000,18.311903, 3.086898, 1.000000;;
                  }
                } // End of Armature_mixamorig_HeadTop_End
                Frame Armature_mixamorig_LeftEye {
                  FrameTransformMatrix {
                    -0.000000, 0.000000,-1.000000, 0.000000,
                     1.000000,-0.000000,-0.000000, 0.000000,
                    -0.000000,-1.000000, 0.000000, 0.000000,
                     2.284400, 7.935708, 7.063695, 1.000000;;
                  }
                } // End of Armature_mixamorig_LeftEye
                Frame Armature_mixamorig_RightEye {
                  FrameTransformMatrix {
                     0.000000,-0.000000, 1.000000, 0.000000,
                    -1.000000, 0.000000,-0.000000, 0.000000,
                    -0.000000,-1.000000, 0.000000, 0.000000,
                    -2.377501, 7.935704, 7.063693, 1.000000;;
                  }
                } // End of Armature_mixamorig_RightEye
              } // End of Armature_mixamorig_Head
            } // End of Armature_mixamorig_Neck
            Frame Armature_mixamorig_RightShoulder {
              FrameTransformMatrix {
                 0.213911, 0.001833, 0.976851, 0.000000,
                -0.974642,-0.066839, 0.213553, 0.000000,
                 0.065683,-0.997762,-0.012511, 0.000000,
                -5.935001,13.670600,-1.662604, 1.000000;;
              }
              Frame Armature_mixamorig_RightArm {
                FrameTransformMatrix {
                   0.865618,-0.102635,-0.490074, 0.000000,
                   0.438993, 0.626302, 0.644229, 0.000000,
                   0.240814,-0.772795, 0.587194, 0.000000,
                  -0.000001,12.607899, 0.000004, 1.000000;;
                }
                Frame Armature_mixamorig_RightForeArm {
                  FrameTransformMatrix {
                     0.113476,-0.974689,-0.192626, 0.000000,
                     0.990785, 0.125443,-0.051072, 0.000000,
                     0.073942,-0.185055, 0.979942, 0.000000,
                    -0.000002,25.574299,-0.000006, 1.000000;;
                  }
                  Frame Armature_mixamorig_RightHand {
                    FrameTransformMatrix {
                       0.966886,-0.254252,-0.022079, 0.000000,
                       0.254120, 0.951168, 0.175222, 0.000000,
                      -0.023550,-0.175030, 0.984281, 0.000000,
                      -0.000013,21.603401, 0.000006, 1.000000;;
                    }
                    Frame Armature_mixamorig_RightHandIndex1 {
                      FrameTransformMatrix {
                         0.998628, 0.052352,-0.001276, 0.000000,
                        -0.023919, 0.477655, 0.878222, 0.000000,
                         0.046586,-0.876986, 0.478251, 0.000000,
                         2.341909, 9.909706,-0.290995, 1.000000;;
                      }
                      Frame Armature_mixamorig_RightHandIndex2 {
                        FrameTransformMatrix {
                           0.997036,-0.076931,-0.000082, 0.000000,
                           0.030618, 0.395833, 0.917812, 0.000000,
                          -0.070576,-0.915094, 0.397016, 0.000000,
                           0.000008, 3.776789,-0.000001, 1.000000;;
                        }
                        Frame Armature_mixamorig_RightHandIndex3 {
                          FrameTransformMatrix {
                             0.999418, 0.007211, 0.033330, 0.000000,
                            -0.032368, 0.508175, 0.860645, 0.000000,
                            -0.010731,-0.861223, 0.508113, 0.000000,
                             0.000015, 2.543005, 0.000001, 1.000000;;
                          }
                        } // End of Armature_mixamorig_RightHandIndex3
                      } // End of Armature_mixamorig_RightHandIndex2
                    } // End of Armature_mixamorig_RightHandIndex1
                    Frame Armature_mixamorig_RightHandMiddle1 {
                      FrameTransformMatrix {
                         0.999766, 0.001958,-0.021526, 0.000000,
                         0.019272, 0.370172, 0.928763, 0.000000,
                         0.009787,-0.928961, 0.370048, 0.000000,
                         0.000006, 9.700707, 0.000001, 1.000000;;
                      }
                      Frame Armature_mixamorig_RightHandMiddle2 {
                        FrameTransformMatrix {
                           0.996317,-0.085725,-0.001660, 0.000000,
                           0.009873, 0.095465, 0.995384, 0.000000,
                          -0.085171,-0.991735, 0.095960, 0.000000,
                           0.000007, 4.014689,-0.000004, 1.000000;;
                        }
                        Frame Armature_mixamorig_RightHandMiddle3 {
                          FrameTransformMatrix {
                             0.999608, 0.023228, 0.015662, 0.000000,
                            -0.028008, 0.841138, 0.540095, 0.000000,
                            -0.000628,-0.540321, 0.841459, 0.000000,
                            -0.000002, 2.996713, 0.000003, 1.000000;;
                          }
                        } // End of Armature_mixamorig_RightHandMiddle3
                      } // End of Armature_mixamorig_RightHandMiddle2
                    } // End of Armature_mixamorig_RightHandMiddle1
                    Frame Armature_mixamorig_RightHandPinky1 {
                      FrameTransformMatrix {
                         0.997586,-0.002065,-0.069406, 0.000000,
                         0.069412, 0.056400, 0.995992, 0.000000,
                         0.001858,-0.998406, 0.056407, 0.000000,
                        -4.712701, 8.985514,-0.221003, 1.000000;;
                      }
                      Frame Armature_mixamorig_RightHandPinky2 {
                        FrameTransformMatrix {
                           0.999999,-0.001187,-0.000612, 0.000000,
                           0.001188, 0.581894, 0.813264, 0.000000,
                          -0.000610,-0.813264, 0.581895, 0.000000,
                           0.000006, 3.562499, 0.000002, 1.000000;;
                        }
                        Frame Armature_mixamorig_RightHandPinky3 {
                          FrameTransformMatrix {
                             1.000000,-0.000637,-0.000146, 0.000000,
                             0.000636, 0.900092, 0.435699, 0.000000,
                            -0.000146,-0.435699, 0.900092, 0.000000,
                            -0.000000, 2.335206, 0.000002, 1.000000;;
                          }
                        } // End of Armature_mixamorig_RightHandPinky3
                      } // End of Armature_mixamorig_RightHandPinky2
                    } // End of Armature_mixamorig_RightHandPinky1
                    Frame Armature_mixamorig_RightHandRing1 {
                      FrameTransformMatrix {
                         0.996658, 0.080282, 0.015083, 0.000000,
                        -0.029915, 0.186897, 0.981924, 0.000000,
                         0.076012,-0.979094, 0.188674, 0.000000,
                        -2.241695, 9.308414,-0.142993, 1.000000;;
                      }
                      Frame Armature_mixamorig_RightHandRing2 {
                        FrameTransformMatrix {
                           0.999713,-0.020225,-0.012822, 0.000000,
                           0.018107, 0.288066, 0.957439, 0.000000,
                          -0.015670,-0.957397, 0.288350, 0.000000,
                          -0.000004, 4.019390,-0.000000, 1.000000;;
                        }
                        Frame Armature_mixamorig_RightHandRing3 {
                          FrameTransformMatrix {
                             0.999785, 0.020713,-0.001214, 0.000000,
                            -0.015298, 0.775388, 0.631300, 0.000000,
                             0.014017,-0.631145, 0.775538, 0.000000,
                             0.000006, 2.790807, 0.000000, 1.000000;;
                          }
                        } // End of Armature_mixamorig_RightHandRing3
                      } // End of Armature_mixamorig_RightHandRing2
                    } // End of Armature_mixamorig_RightHandRing1
                    Frame Armature_mixamorig_RightHandThumb1 {
                      FrameTransformMatrix {
                         0.976735,-0.103502, 0.187820, 0.000000,
                        -0.095349, 0.574894, 0.812654, 0.000000,
                        -0.192088,-0.811656, 0.551650, 0.000000,
                         2.370410, 3.545611, 1.909010, 1.000000;;
                      }
                      Frame Armature_mixamorig_RightHandThumb2 {
                        FrameTransformMatrix {
                           0.951150, 0.004182, 0.308702, 0.000000,
                           0.056200, 0.980856,-0.186447, 0.000000,
                          -0.303572, 0.194688, 0.932706, 0.000000,
                          -0.000005, 2.807998,-0.000001, 1.000000;;
                        }
                        Frame Armature_mixamorig_RightHandThumb3 {
                          FrameTransformMatrix {
                             0.927103, 0.226657,-0.298509, 0.000000,
                            -0.296321, 0.930930,-0.213454, 0.000000,
                             0.229510, 0.286348, 0.930231, 0.000000,
                             0.000005, 2.379013, 0.000001, 1.000000;;
                          }
                        } // End of Armature_mixamorig_RightHandThumb3
                      } // End of Armature_mixamorig_RightHandThumb2
                    } // End of Armature_mixamorig_RightHandThumb1
                  } // End of Armature_mixamorig_RightHand
                } // End of Armature_mixamorig_RightForeArm
              } // End of Armature_mixamorig_RightArm
            } // End of Armature_mixamorig_RightShoulder
          } // End of Armature_mixamorig_Spine2
        } // End of Armature_mixamorig_Spine1
      } // End of Armature_mixamorig_Spine
    } // End of Armature_mixamorig_Hips
  } // End of Armature
} // End of Root
AnimationSet Global {
  Animation {
    {Armature}
    AnimationKey { // Rotation
      0;
      22;
      0;4;-0.707107, 0.707107, 0.000000, 0.000000;;,
      1;4;-0.707107, 0.707107, 0.000000, 0.000000;;,
      2;4;-0.707107, 0.707107, 0.000000, 0.000000;;,
      3;4;-0.707107, 0.707107, 0.000000, 0.000000;;,
      4;4;-0.707107, 0.707107, 0.000000, 0.000000;;,
      5;4;-0.707107, 0.707107, 0.000000, 0.000000;;,
      6;4;-0.707107, 0.707107, 0.000000, 0.000000;;,
      7;4;-0.707107, 0.707107, 0.000000, 0.000000;;,
      8;4;-0.707107, 0.707107, 0.000000, 0.000000;;,
      9;4;-0.707107, 0.707107, 0.000000, 0.000000;;,
      10;4;-0.707107, 0.707107, 0.000000, 0.000000;;,
      11;4;-0.707107, 0.707107, 0.000000, 0.000000;;,
      12;4;-0.707107, 0.707107, 0.000000, 0.000000;;,
      13;4;-0.707107, 0.707107, 0.000000, 0.000000;;,
      14;4;-0.707107, 0.707107, 0.000000, 0.000000;;,
      15;4;-0.707107, 0.707107, 0.000000, 0.000000;;,
      16;4;-0.707107, 0.707107, 0.000000, 0.000000;;,
      17;4;-0.707107, 0.707107, 0.000000, 0.000000;;,
      18;4;-0.707107, 0.707107, 0.000000, 0.000000;;,
      19;4;-0.707107, 0.707107, 0.000000, 0.000000;;,
      20;4;-0.707107, 0.707107, 0.000000, 0.000000;;,
      21;4;-0.707107, 0.707107, 0.000000, 0.000000;;;
    }
    AnimationKey { // Scale
      1;
      22;
      0;3; 0.100000, 0.100000, 0.100000;;,
      1;3; 0.100000, 0.100000, 0.100000;;,
      2;3; 0.100000, 0.100000, 0.100000;;,
      3;3; 0.100000, 0.100000, 0.100000;;,
      4;3; 0.100000, 0.100000, 0.100000;;,
      5;3; 0.100000, 0.100000, 0.100000;;,
      6;3; 0.100000, 0.100000, 0.100000;;,
      7;3; 0.100000, 0.100000, 0.100000;;,
      8;3; 0.100000, 0.100000, 0.100000;;,
      9;3; 0.100000, 0.100000, 0.100000;;,
      10;3; 0.100000, 0.100000, 0.100000;;,
      11;3; 0.100000, 0.100000, 0.100000;;,
      12;3; 0.100000, 0.100000, 0.100000;;,
      13;3; 0.100000, 0.100000, 0.100000;;,
      14;3; 0.100000, 0.100000, 0.100000;;,
      15;3; 0.100000, 0.100000, 0.100000;;,
      16;3; 0.100000, 0.100000, 0.100000;;,
      17;3; 0.100000, 0.100000, 0.100000;;,
      18;3; 0.100000, 0.100000, 0.100000;;,
      19;3; 0.100000, 0.100000, 0.100000;;,
      20;3; 0.100000, 0.100000, 0.100000;;,
      21;3; 0.100000, 0.100000, 0.100000;;;
    }
    AnimationKey { // Position
      2;
      22;
      0;3; 0.000000, 0.000000, 0.000000;;,
      1;3; 0.000000, 0.000000, 0.000000;;,
      2;3; 0.000000, 0.000000, 0.000000;;,
      3;3; 0.000000, 0.000000, 0.000000;;,
      4;3; 0.000000, 0.000000, 0.000000;;,
      5;3; 0.000000, 0.000000, 0.000000;;,
      6;3; 0.000000, 0.000000, 0.000000;;,
      7;3; 0.000000, 0.000000, 0.000000;;,
      8;3; 0.000000, 0.000000, 0.000000;;,
      9;3; 0.000000, 0.000000, 0.000000;;,
      10;3; 0.000000, 0.000000, 0.000000;;,
      11;3; 0.000000, 0.000000, 0.000000;;,
      12;3; 0.000000, 0.000000, 0.000000;;,
      13;3; 0.000000, 0.000000, 0.000000;;,
      14;3; 0.000000, 0.000000, 0.000000;;,
      15;3; 0.000000, 0.000000, 0.000000;;,
      16;3; 0.000000, 0.000000, 0.000000;;,
      17;3; 0.000000, 0.000000, 0.000000;;,
      18;3; 0.000000, 0.000000, 0.000000;;,
      19;3; 0.000000, 0.000000, 0.000000;;,
      20;3; 0.000000, 0.000000, 0.000000;;,
      21;3; 0.000000, 0.000000, 0.000000;;;
    }
  }
  Animation {
    {Armature_mixamorig_Hips}
    AnimationKey { // Rotation
      0;
      22;
      0;4;-0.980005, 0.169113,-0.096602, 0.040740;;,
      1;4;-0.979380, 0.164421,-0.104137, 0.054177;;,
      2;4;-0.978568, 0.172061,-0.097982, 0.056567;;,
      3;4;-0.978054, 0.183381,-0.085347, 0.049978;;,
      4;4;-0.979319, 0.185015,-0.070349, 0.041887;;,
      5;4;-0.982936, 0.171534,-0.054709, 0.037687;;,
      6;4;-0.987106, 0.150526,-0.038751, 0.038225;;,
      7;4;-0.989802, 0.134468,-0.019110, 0.042962;;,
      8;4;-0.990112, 0.132808, 0.006920, 0.044628;;,
      9;4;-0.987883, 0.147457, 0.036354, 0.031968;;,
      10;4;-0.983088, 0.172242, 0.062059, 0.004472;;,
      11;4;-0.976881, 0.198460, 0.075829,-0.023829;;,
      12;4;-0.972009, 0.219777, 0.073869,-0.037947;;,
      13;4;-0.970838, 0.229622, 0.059494,-0.034745;;,
      14;4;-0.974053, 0.221698, 0.039915,-0.021877;;,
      15;4;-0.980080, 0.197168, 0.022394,-0.008156;;,
      16;4;-0.985875, 0.167037, 0.012099, 0.001668;;,
      17;4;-0.989317, 0.145508, 0.007435, 0.004825;;,
      18;4;-0.990160, 0.139883,-0.001410, 0.003755;;,
      19;4;-0.989000, 0.145936,-0.023000, 0.007217;;,
      20;4;-0.985864, 0.156363,-0.056404, 0.020999;;,
      21;4;-0.980005, 0.169113,-0.096602, 0.040740;;;
    }
    AnimationKey { // Scale
      1;
      22;
      0;3; 1.000000, 1.000000, 1.000000;;,
      1;3; 1.000000, 1.000000, 1.000000;;,
      2;3; 1.000000, 1.000000, 1.000000;;,
      3;3; 1.000000, 1.000000, 1.000000;;,
      4;3; 1.000000, 1.000000, 1.000000;;,
      5;3; 1.000000, 1.000000, 1.000000;;,
      6;3; 1.000000, 1.000000, 1.000000;;,
      7;3; 1.000000, 1.000000, 1.000000;;,
      8;3; 1.000000, 1.000000, 1.000000;;,
      9;3; 1.000000, 1.000000, 1.000000;;,
      10;3; 1.000000, 1.000000, 1.000000;;,
      11;3; 1.000000, 1.000000, 1.000000;;,
      12;3; 1.000000, 1.000000, 1.000000;;,
      13;3; 1.000000, 1.000000, 1.000000;;,
      14;3; 1.000000, 1.000000, 1.000000;;,
      15;3; 1.000000, 1.000000, 1.000000;;,
      16;3; 1.000000, 1.000000, 1.000000;;,
      17;3; 1.000000, 1.000000, 1.000000;;,
      18;3; 1.000000, 1.000000, 1.000000;;,
      19;3; 1.000000, 1.000000, 1.000000;;,
      20;3; 1.000000, 1.000000, 1.000000;;,
      21;3; 1.000000, 1.000000, 1.000000;;;
    }
    AnimationKey { // Position
      2;
      22;
      0;3; 0.002511,85.589005, 0.035827;;,
      1;3; 0.305129,86.880386,-0.287518;;,
      2;3; 0.349532,88.040062,-0.890136;;,
      3;3; 0.356485,89.050034,-1.752057;;,
      4;3; 0.502210,89.604919,-2.922450;;,
      5;3; 0.794326,89.288475,-4.379527;;,
      6;3; 1.185776,88.177376,-5.908984;;,
      7;3; 1.659958,86.854645,-7.281057;;,
      8;3; 2.128329,85.955948,-8.282711;;,
      9;3; 2.421058,86.007439,-8.809025;;,
      10;3; 2.520845,87.291855,-8.835275;;,
      11;3; 2.612903,89.493652,-8.400576;;,
      12;3; 2.837665,91.721214,-7.627227;;,
      13;3; 3.142939,93.076805,-6.659540;;,
      14;3; 3.349024,93.188522,-5.665658;;,
      15;3; 3.268196,92.152412,-4.730682;;,
      16;3; 2.828696,90.218872,-3.825567;;,
      17;3; 2.145902,87.793121,-2.885298;;,
      18;3; 1.404396,85.482597,-1.875584;;,
      19;3; 0.757483,84.109436,-0.943845;;,
      20;3; 0.279168,84.178024,-0.269231;;,
      21;3; 0.007448,85.589005, 0.035823;;;
    }
  }
  Animation {
    {Armature_mixamorig_Spine}
    AnimationKey { // Rotation
      0;
      22;
      0;4;-0.979088, 0.191435, 0.055720,-0.040436;;,
      1;4;-0.974059, 0.180589, 0.121351,-0.062218;;,
      2;4;-0.970950, 0.155922, 0.166860,-0.071425;;,
      3;4;-0.970810, 0.130810, 0.188654,-0.069464;;,
      4;4;-0.972403, 0.120676, 0.189550,-0.062766;;,
      5;4;-0.974463, 0.131196, 0.172909,-0.057549;;,
      6;4;-0.976133, 0.155755, 0.140153,-0.057106;;,
      7;4;-0.977211, 0.181110, 0.092414,-0.060964;;,
      8;4;-0.979028, 0.191419, 0.035188,-0.060203;;,
      9;4;-0.982538, 0.179610,-0.022895,-0.042844;;,
      10;4;-0.984962, 0.154634,-0.076645,-0.007988;;,
      11;4;-0.983520, 0.128637,-0.123409, 0.030178;;,
      12;4;-0.980118, 0.105867,-0.159072, 0.053455;;,
      13;4;-0.978144, 0.089825,-0.179584, 0.053995;;,
      14;4;-0.978263, 0.087072,-0.184246, 0.038382;;,
      15;4;-0.979156, 0.098862,-0.176330, 0.019706;;,
      16;4;-0.979846, 0.118536,-0.160502, 0.009469;;,
      17;4;-0.980784, 0.138438,-0.136832, 0.013203;;,
      18;4;-0.982597, 0.154412,-0.100684, 0.022854;;,
      19;4;-0.984562, 0.166180,-0.050920, 0.020709;;,
      20;4;-0.984159, 0.177207, 0.004783,-0.002516;;,
      21;4;-0.979088, 0.191435, 0.055720,-0.040436;;;
    }
    AnimationKey { // Scale
      1;
      22;
      0;3; 1.000000, 1.000000, 1.000000;;,
      1;3; 1.000000, 1.000000, 1.000000;;,
      2;3; 1.000000, 1.000000, 1.000000;;,
      3;3; 1.000000, 1.000000, 1.000000;;,
      4;3; 1.000000, 1.000000, 1.000000;;,
      5;3; 1.000000, 1.000000, 1.000000;;,
      6;3; 1.000000, 1.000000, 1.000000;;,
      7;3; 1.000000, 1.000000, 1.000000;;,
      8;3; 1.000000, 1.000000, 1.000000;;,
      9;3; 1.000000, 1.000000, 1.000000;;,
      10;3; 1.000000, 1.000000, 1.000000;;,
      11;3; 1.000000, 1.000000, 1.000000;;,
      12;3; 1.000000, 1.000000, 1.000000;;,
      13;3; 1.000000, 1.000000, 1.000000;;,
      14;3; 1.000000, 1.000000, 1.000000;;,
      15;3; 1.000000, 1.000000, 1.000000;;,
      16;3; 1.000000, 1.000000, 1.000000;;,
      17;3; 1.000000, 1.000000, 1.000000;;,
      18;3; 1.000000, 1.000000, 1.000000;;,
      19;3; 1.000000, 1.000000, 1.000000;;,
      20;3; 1.000000, 1.000000, 1.000000;;,
      21;3; 1.000000, 1.000000, 1.000000;;;
    }
    AnimationKey { // Position
      2;
      22;
      0;3; 0.017300,10.574793,-1.117201;;,
      1;3; 0.017299,10.574801,-1.117195;;,
      2;3; 0.017299,10.574804,-1.117198;;,
      3;3; 0.017301,10.574805,-1.117196;;,
      4;3; 0.017300,10.574785,-1.117201;;,
      5;3; 0.017301,10.574799,-1.117201;;,
      6;3; 0.017300,10.574804,-1.117201;;,
      7;3; 0.017299,10.574802,-1.117200;;,
      8;3; 0.017300,10.574798,-1.117203;;,
      9;3; 0.017300,10.574812,-1.117199;;,
      10;3; 0.017300,10.574808,-1.117203;;,
      11;3; 0.017300,10.574786,-1.117193;;,
      12;3; 0.017300,10.574799,-1.117203;;,
      13;3; 0.017299,10.574794,-1.117201;;,
      14;3; 0.017300,10.574796,-1.117195;;,
      15;3; 0.017300,10.574800,-1.117201;;,
      16;3; 0.017300,10.574802,-1.117197;;,
      17;3; 0.017300,10.574801,-1.117199;;,
      18;3; 0.017300,10.574797,-1.117198;;,
      19;3; 0.017300,10.574781,-1.117197;;,
      20;3; 0.017300,10.574787,-1.117200;;,
      21;3; 0.017300,10.574793,-1.117199;;;
    }
  }
  Animation {
    {Armature_mixamorig_Spine1}
    AnimationKey { // Rotation
      0;
      22;
      0;4;-0.999691, 0.018159, 0.016545,-0.003684;;,
      1;4;-0.999198, 0.020653, 0.034279,-0.001422;;,
      2;4;-0.998705, 0.022110, 0.045713, 0.003130;;,
      3;4;-0.998419, 0.023077, 0.050747, 0.007182;;,
      4;4;-0.998392, 0.023966, 0.050532, 0.009223;;,
      5;4;-0.998602, 0.024734, 0.045812, 0.009100;;,
      6;4;-0.998984, 0.025034, 0.036765, 0.007294;;,
      7;4;-0.999400, 0.024787, 0.023841, 0.004186;;,
      8;4;-0.999668, 0.024253, 0.008647, 0.000606;;,
      9;4;-0.999706, 0.023196,-0.006765,-0.001959;;,
      10;4;-0.999561, 0.020421,-0.021357,-0.002307;;,
      11;4;-0.999280, 0.015572,-0.034601,-0.000615;;,
      12;4;-0.998926, 0.011252,-0.044940, 0.000896;;,
      13;4;-0.998672, 0.010724,-0.050392,-0.000270;;,
      14;4;-0.998610, 0.013762,-0.050710,-0.004091;;,
      15;4;-0.998679, 0.017411,-0.047608,-0.008345;;,
      16;4;-0.998824, 0.019806,-0.042916,-0.010836;;,
      17;4;-0.999071, 0.021234,-0.035942,-0.010657;;,
      18;4;-0.999424, 0.022282,-0.024135,-0.008501;;,
      19;4;-0.999692, 0.022480,-0.008551,-0.006139;;,
      20;4;-0.999750, 0.021065, 0.005880,-0.004674;;,
      21;4;-0.999691, 0.018159, 0.016545,-0.003684;;;
    }
    AnimationKey { // Scale
      1;
      22;
      0;3; 1.000000, 1.000000, 1.000000;;,
      1;3; 1.000000, 1.000000, 1.000000;;,
      2;3; 1.000000, 1.000000, 1.000000;;,
      3;3; 1.000000, 1.000000, 1.000000;;,
      4;3; 1.000000, 1.000000, 1.000000;;,
      5;3; 1.000000, 1.000000, 1.000000;;,
      6;3; 1.000000, 1.000000, 1.000000;;,
      7;3; 1.000000, 1.000000, 1.000000;;,
      8;3; 1.000000, 1.000000, 1.000000;;,
      9;3; 1.000000, 1.000000, 1.000000;;,
      10;3; 1.000000, 1.000000, 1.000000;;,
      11;3; 1.000000, 1.000000, 1.000000;;,
      12;3; 1.000000, 1.000000, 1.000000;;,
      13;3; 1.000000, 1.000000, 1.000000;;,
      14;3; 1.000000, 1.000000, 1.000000;;,
      15;3; 1.000000, 1.000000, 1.000000;;,
      16;3; 1.000000, 1.000000, 1.000000;;,
      17;3; 1.000000, 1.000000, 1.000000;;,
      18;3; 1.000000, 1.000000, 1.000000;;,
      19;3; 1.000000, 1.000000, 1.000000;;,
      20;3; 1.000000, 1.000000, 1.000000;;,
      21;3; 1.000000, 1.000000, 1.000000;;;
    }
    AnimationKey { // Position
      2;
      22;
      0;3; 0.000001,12.406006,-0.000006;;,
      1;3; 0.000000,12.405996,-0.000001;;,
      2;3; 0.000000,12.406006, 0.000005;;,
      3;3; 0.000001,12.405997, 0.000004;;,
      4;3; 0.000001,12.406001,-0.000004;;,
      5;3;-0.000001,12.405991,-0.000004;;,
      6;3;-0.000001,12.406005, 0.000004;;,
      7;3; 0.000001,12.405979,-0.000001;;,
      8;3; 0.000001,12.405994, 0.000008;;,
      9;3;-0.000000,12.405995, 0.000002;;,
      10;3;-0.000000,12.405992,-0.000006;;,
      11;3;-0.000000,12.406006,-0.000003;;,
      12;3;-0.000001,12.405994, 0.000002;;,
      13;3; 0.000000,12.405989,-0.000004;;,
      14;3;-0.000000,12.406000,-0.000000;;,
      15;3; 0.000000,12.406004,-0.000001;;,
      16;3;-0.000000,12.406007, 0.000007;;,
      17;3; 0.000001,12.406005, 0.000001;;,
      18;3;-0.000001,12.406003,-0.000003;;,
      19;3; 0.000001,12.406003,-0.000003;;,
      20;3; 0.000001,12.406001,-0.000004;;,
      21;3;-0.000001,12.406003, 0.000001;;;
    }
  }
  Animation {
    {Armature_mixamorig_Spine2}
    AnimationKey { // Rotation
      0;
      22;
      0;4;-0.997355, 0.070579, 0.016740,-0.004555;;,
      1;4;-0.996774, 0.072372, 0.034442,-0.004101;;,
      2;4;-0.996313, 0.072530, 0.045813,-0.000591;;,
      3;4;-0.996041, 0.072911, 0.050756, 0.003116;;,
      4;4;-0.995918, 0.074673, 0.050437, 0.005265;;,
      5;4;-0.995997, 0.076647, 0.045648, 0.005579;;,
      6;4;-0.996341, 0.077117, 0.036574, 0.004568;;,
      7;4;-0.996798, 0.076351, 0.023602, 0.002651;;,
      8;4;-0.997108, 0.075532, 0.008329, 0.000568;;,
      9;4;-0.997196, 0.074495,-0.007098,-0.000449;;,
      10;4;-0.997175, 0.071945,-0.021596, 0.000539;;,
      11;4;-0.997118, 0.067376,-0.034716, 0.003219;;,
      12;4;-0.996975, 0.063164,-0.044972, 0.005350;;,
      13;4;-0.996742, 0.062821,-0.050387, 0.004499;;,
      14;4;-0.996511, 0.066279,-0.050713, 0.000774;;,
      15;4;-0.996405, 0.069937,-0.047678,-0.003561;;,
      16;4;-0.996514, 0.071176,-0.043064,-0.006296;;,
      17;4;-0.996809, 0.070895,-0.036075,-0.006642;;,
      18;4;-0.997128, 0.071582,-0.024111,-0.005521;;,
      19;4;-0.997261, 0.073344,-0.008327,-0.004633;;,
      20;4;-0.997262, 0.073551, 0.006177,-0.004581;;,
      21;4;-0.997355, 0.070579, 0.016740,-0.004555;;;
    }
    AnimationKey { // Scale
      1;
      22;
      0;3; 1.000000, 1.000000, 1.000000;;,
      1;3; 1.000000, 1.000000, 1.000000;;,
      2;3; 1.000000, 1.000000, 1.000000;;,
      3;3; 1.000000, 1.000000, 1.000000;;,
      4;3; 1.000000, 1.000000, 1.000000;;,
      5;3; 1.000000, 1.000000, 1.000000;;,
      6;3; 1.000000, 1.000000, 1.000000;;,
      7;3; 1.000000, 1.000000, 1.000000;;,
      8;3; 1.000000, 1.000000, 1.000000;;,
      9;3; 1.000000, 1.000000, 1.000000;;,
      10;3; 1.000000, 1.000000, 1.000000;;,
      11;3; 1.000000, 1.000000, 1.000000;;,
      12;3; 1.000000, 1.000000, 1.000000;;,
      13;3; 1.000000, 1.000000, 1.000000;;,
      14;3; 1.000000, 1.000000, 1.000000;;,
      15;3; 1.000000, 1.000000, 1.000000;;,
      16;3; 1.000000, 1.000000, 1.000000;;,
      17;3; 1.000000, 1.000000, 1.000000;;,
