xof 0303txt 0032

template XSkinMeshHeader {
  <3cf169ce-ff7c-44ab-93c0-f78f62d172e2>
  WORD nMaxSkinWeightsPerVertex;
  WORD nMaxSkinWeightsPerFace;
  WORD nBones;
}

template SkinWeights {
  <6f0d123b-bad2-4167-a0d0-80224f25fabb>
  STRING transformNodeName;
  DWORD nWeights;
  array DWORD vertexIndices[nWeights];
  array float weights[nWeights];
  Matrix4x4 matrixOffset;
}

Frame Root {
  FrameTransformMatrix {
     1.000000, 0.000000, 0.000000, 0.000000,
     0.000000,-0.000000,-1.000000, 0.000000,
     0.000000, 1.000000,-0.000000, 0.000000,
     0.000000, 0.000000, 0.000000, 1.000000;;
  }
  Frame Armature {
    FrameTransformMatrix {
       0.010000, 0.000000, 0.000000, 0.000000,
       0.000000,-0.000000, 0.010000, 0.000000,
       0.000000,-0.010000,-0.000000, 0.000000,
       0.000000, 0.000000, 0.000000, 1.000000;;
    }
    Frame Armature_mixamorig_Hips {
      FrameTransformMatrix {
         0.550185,-0.133525, 0.824298, 0.000000,
         0.143277, 0.987589, 0.064344, 0.000000,
        -0.822659, 0.082702, 0.562487, 0.000000,
        17.557505,724.831055,13.606339, 1.000000;;
      }
      Frame Armature_mixamorig_LeftUpLeg {
        FrameTransformMatrix {
          -0.732125,-0.255697, 0.631357, 0.000000,
           0.635424,-0.590307, 0.497769, 0.000000,
           0.245417, 0.765609, 0.594653, 0.000000,
          93.699692,-45.665974,12.677399, 1.000000;;
        }
        Frame Armature_mixamorig_LeftLeg {
          FrameTransformMatrix {
             0.898891, 0.431149,-0.078144, 0.000000,
            -0.211050, 0.269727,-0.939524, 0.000000,
            -0.383997, 0.861021, 0.333449, 0.000000,
            -0.000017,391.884064,-0.000006, 1.000000;;
          }
          Frame Armature_mixamorig_LeftFoot {
            FrameTransformMatrix {
               0.893322,-0.449379, 0.005849, 0.000000,
               0.186254, 0.382037, 0.905184, 0.000000,
              -0.409005,-0.807532, 0.424980, 0.000000,
              -0.000011,357.861572, 0.000002, 1.000000;;
            }
            Frame Armature_mixamorig_LeftToeBase {
              FrameTransformMatrix {
                 0.999974,-0.005743, 0.004433, 0.000000,
                 0.001137, 0.727470, 0.686139, 0.000000,
                -0.007165,-0.686116, 0.727457, 0.000000,
                 0.000010,154.092453,-0.000051, 1.000000;;
              }
            } // End of Armature_mixamorig_LeftToeBase
          } // End of Armature_mixamorig_LeftFoot
        } // End of Armature_mixamorig_LeftLeg
      } // End of Armature_mixamorig_LeftUpLeg
      Frame Armature_mixamorig_RightUpLeg {
        FrameTransformMatrix {
          -0.935165, 0.132121,-0.328539, 0.000000,
          -0.272820,-0.860328, 0.430587, 0.000000,
          -0.225788, 0.492321, 0.840615, 0.000000,
          -93.699692,-45.665962,13.235897, 1.000000;;
        }
        Frame Armature_mixamorig_RightLeg {
          FrameTransformMatrix {
             0.993562, 0.016515, 0.112084, 0.000000,
             0.100930, 0.320382,-0.941896, 0.000000,
            -0.051465, 0.947144, 0.316653, 0.000000,
            -0.000015,391.883148, 0.000002, 1.000000;;
          }
          Frame Armature_mixamorig_RightFoot {
            FrameTransformMatrix {
               0.964829, 0.231868, 0.123861, 0.000000,
              -0.140427, 0.056297, 0.988489, 0.000000,
               0.222226,-0.971117, 0.086878, 0.000000,
              -0.000002,357.860779, 0.000006, 1.000000;;
            }
            Frame Armature_mixamorig_RightToeBase {
              FrameTransformMatrix {
                 0.999997, 0.002018,-0.001198, 0.000000,
                -0.000613, 0.717491, 0.696568, 0.000000,
                 0.002266,-0.696565, 0.717490, 0.000000,
                -0.000019,154.509125, 0.000009, 1.000000;;
              }
            } // End of Armature_mixamorig_RightToeBase
          } // End of Armature_mixamorig_RightFoot
        } // End of Armature_mixamorig_RightLeg
      } // End of Armature_mixamorig_RightUpLeg
      Frame Armature_mixamorig_Spine {
        FrameTransformMatrix {
           0.998296, 0.010897, 0.057334, 0.000000,
          -0.029541, 0.941610, 0.335408, 0.000000,
          -0.050331,-0.336530, 0.940327, 0.000000,
           0.000001,82.360626,-1.278303, 1.000000;;
        }
        Frame Armature_mixamorig_Spine1 {
          FrameTransformMatrix {
             0.996264, 0.084518, 0.017733, 0.000000,
            -0.085895, 0.991044, 0.102242, 0.000000,
            -0.008933,-0.103383, 0.994602, 0.000000,
             0.000010,96.098671, 0.000019, 1.000000;;
          }
          Frame Armature_mixamorig_Spine2 {
            FrameTransformMatrix {
               0.996314, 0.084024, 0.017281, 0.000000,
              -0.085343, 0.991256, 0.100637, 0.000000,
              -0.008674,-0.101741, 0.994773, 0.000000,
              -0.000003,109.827599,-0.000046, 1.000000;;
            }
            Frame Armature_mixamorig_LeftShoulder {
              FrameTransformMatrix {
                 0.320209, 0.023256,-0.947061, 0.000000,
                 0.811510,-0.522536, 0.261547, 0.000000,
                -0.488791,-0.852300,-0.186194, 0.000000,
                45.514473,109.232491, 0.066502, 1.000000;;
              }
              Frame Armature_mixamorig_LeftArm {
                FrameTransformMatrix {
                   0.799943, 0.091971, 0.592986, 0.000000,
                  -0.139462, 0.989621, 0.034647, 0.000000,
                  -0.583644,-0.110415, 0.804467, 0.000000,
                   0.000018,95.179581, 0.000055, 1.000000;;
                }
                Frame Armature_mixamorig_LeftForeArm {
                  FrameTransformMatrix {
                     0.786512, 0.617284,-0.018975, 0.000000,
                    -0.615584, 0.781140,-0.104295, 0.000000,
                    -0.049557, 0.093710, 0.994365, 0.000000,
                    -0.000019,207.294174,-0.000054, 1.000000;;
                  }
                  Frame Armature_mixamorig_LeftHand {
                    FrameTransformMatrix {
                       0.973171, 0.023704,-0.228858, 0.000000,
                      -0.064004, 0.983309,-0.170315, 0.000000,
                       0.221001, 0.180394, 0.958445, 0.000000,
                      -0.000015,263.734589,-0.000051, 1.000000;;
                    }
                    Frame Armature_mixamorig_LeftHandIndex1 {
                      FrameTransformMatrix {
                         0.990517,-0.018439,-0.136149, 0.000000,
                         0.137191, 0.079224, 0.987371, 0.000000,
                        -0.007420,-0.996686, 0.081003, 0.000000,
                        -24.511330,75.786583, 0.565104, 1.000000;;
                      }
                      Frame Armature_mixamorig_LeftHandIndex2 {
                        FrameTransformMatrix {
                           0.976840,-0.109952,-0.183561, 0.000000,
                           0.107881,-0.487779, 0.866276, 0.000000,
                          -0.184786,-0.866015,-0.464620, 0.000000,
                           0.000288,26.545303, 0.000036, 1.000000;;
                        }
                        Frame Armature_mixamorig_LeftHandIndex3 {
                          FrameTransformMatrix {
                             0.977425,-0.114434,-0.177609, 0.000000,
                             0.103357,-0.474204, 0.874327, 0.000000,
                            -0.184276,-0.872946,-0.451671, 0.000000,
                             0.002678,24.502037,-0.000027, 1.000000;;
                          }
                        } // End of Armature_mixamorig_LeftHandIndex3
                      } // End of Armature_mixamorig_LeftHandIndex2
                    } // End of Armature_mixamorig_LeftHandIndex1
                    Frame Armature_mixamorig_LeftHandMiddle1 {
                      FrameTransformMatrix {
                         0.993557,-0.017654,-0.111948, 0.000000,
                         0.112785, 0.057078, 0.991979, 0.000000,
                        -0.011122,-0.998214, 0.058702, 0.000000,
                        -8.188011,75.844910, 0.198011, 1.000000;;
                      }
                      Frame Armature_mixamorig_LeftHandMiddle2 {
                        FrameTransformMatrix {
                           0.977908,-0.120714,-0.170657, 0.000000,
                           0.116123,-0.365125, 0.923688, 0.000000,
                          -0.173813,-0.923099,-0.343041, 0.000000,
                           0.001513,29.472282,-0.000086, 1.000000;;
                        }
                        Frame Armature_mixamorig_LeftHandMiddle3 {
                          FrameTransformMatrix {
                             0.974462,-0.110175,-0.195666, 0.000000,
                             0.108838,-0.530433, 0.840711, 0.000000,
                            -0.196413,-0.840537,-0.504896, 0.000000,
                             0.000549,28.342907,-0.000137, 1.000000;;
                          }
                        } // End of Armature_mixamorig_LeftHandMiddle3
                      } // End of Armature_mixamorig_LeftHandMiddle2
                    } // End of Armature_mixamorig_LeftHandMiddle1
                    Frame Armature_mixamorig_LeftHandPinky1 {
                      FrameTransformMatrix {
                         0.999726,-0.009261,-0.021508, 0.000000,
                         0.020781,-0.072529, 0.997150, 0.000000,
                        -0.010795,-0.997323,-0.072317, 0.000000,
                        24.290394,76.103607, 0.054974, 1.000000;;
                      }
                      Frame Armature_mixamorig_LeftHandPinky2 {
                        FrameTransformMatrix {
                           0.990918,-0.042232,-0.127662, 0.000000,
                           0.119102,-0.165038, 0.979070, 0.000000,
                          -0.062417,-0.985383,-0.158509, 0.000000,
                           0.000118,24.886137,-0.000034, 1.000000;;
                        }
                        Frame Armature_mixamorig_LeftHandPinky3 {
                          FrameTransformMatrix {
                             0.974750,-0.058640,-0.215460, 0.000000,
                             0.075588,-0.821288, 0.565485, 0.000000,
                            -0.210114,-0.567492,-0.796118, 0.000000,
                             0.002314,20.427605, 0.000063, 1.000000;;
                          }
                        } // End of Armature_mixamorig_LeftHandPinky3
                      } // End of Armature_mixamorig_LeftHandPinky2
                    } // End of Armature_mixamorig_LeftHandPinky1
                    Frame Armature_mixamorig_LeftHandRing1 {
                      FrameTransformMatrix {
                         0.998301,-0.014912,-0.056326, 0.000000,
                         0.056429, 0.006630, 0.998385, 0.000000,
                        -0.014514,-0.999867, 0.007460, 0.000000,
                         8.408981,78.182770, 1.262710, 1.000000;;
                      }
                      Frame Armature_mixamorig_LeftHandRing2 {
                        FrameTransformMatrix {
                           0.981205,-0.111649,-0.157388, 0.000000,
                           0.116463,-0.307690, 0.944332, 0.000000,
                          -0.153861,-0.944914,-0.288904, 0.000000,
                           0.000500,27.473444, 0.000032, 1.000000;;
                        }
                        Frame Armature_mixamorig_LeftHandRing3 {
                          FrameTransformMatrix {
                             0.979965,-0.096406,-0.174281, 0.000000,
                             0.093090,-0.551880, 0.828712, 0.000000,
                            -0.176075,-0.828333,-0.531849, 0.000000,
                            -0.001987,25.445326,-0.000072, 1.000000;;
                          }
                        } // End of Armature_mixamorig_LeftHandRing3
                      } // End of Armature_mixamorig_LeftHandRing2
                    } // End of Armature_mixamorig_LeftHandRing1
                    Frame Armature_mixamorig_LeftHandThumb1 {
                      FrameTransformMatrix {
                         0.661918, 0.608651,-0.437503, 0.000000,
                        -0.409934, 0.782586, 0.468522, 0.000000,
                         0.627550,-0.130776, 0.767515, 0.000000,
                        -29.122940,26.236750, 4.867275, 1.000000;;
                      }
                      Frame Armature_mixamorig_LeftHandThumb2 {
                        FrameTransformMatrix {
                           0.737466,-0.500172, 0.453842, 0.000000,
                           0.300361, 0.844752, 0.442919, 0.000000,
                          -0.604919,-0.190321, 0.773208, 0.000000,
                           1.230858,31.575565, 0.000099, 1.000000;;
                        }
                        Frame Armature_mixamorig_LeftHandThumb3 {
                          FrameTransformMatrix {
                            -0.033672,-0.999350,-0.012908, 0.000000,
                             0.965062,-0.035869, 0.259554, 0.000000,
                            -0.259848,-0.003718, 0.965642, 0.000000,
                             1.621635,21.556353,-0.000006, 1.000000;;
                          }
                        } // End of Armature_mixamorig_LeftHandThumb3
                      } // End of Armature_mixamorig_LeftHandThumb2
                    } // End of Armature_mixamorig_LeftHandThumb1
                  } // End of Armature_mixamorig_LeftHand
                } // End of Armature_mixamorig_LeftForeArm
              } // End of Armature_mixamorig_LeftArm
            } // End of Armature_mixamorig_LeftShoulder
            Frame Armature_mixamorig_Neck {
              FrameTransformMatrix {
                 0.991048,-0.040780,-0.127122, 0.000000,
                 0.057422, 0.989832, 0.130137, 0.000000,
                 0.120523,-0.136271, 0.983313, 0.000000,
                -0.000002,123.555550,-0.000042, 1.000000;;
              }
              Frame Armature_mixamorig_Head {
                FrameTransformMatrix {
                   0.625501,-0.483090,-0.612676, 0.000000,
                   0.283651, 0.872325,-0.398234, 0.000000,
                   0.726836, 0.075309, 0.682670, 0.000000,
                   0.000015,108.817169,-2.669914, 1.000000;;
                }
              } // End of Armature_mixamorig_Head
            } // End of Armature_mixamorig_Neck
            Frame Armature_mixamorig_RightShoulder {
              FrameTransformMatrix {
                 0.077204,-0.121752, 0.989553, 0.000000,
                -0.996986,-0.017052, 0.075686, 0.000000,
                 0.007659,-0.992414,-0.122702, 0.000000,
                -45.514469,109.241806,-0.511040, 1.000000;;
              }
              Frame Armature_mixamorig_RightArm {
                FrameTransformMatrix {
                   0.915948, 0.203989,-0.345582, 0.000000,
                   0.005360, 0.854869, 0.518816, 0.000000,
                   0.401260,-0.477061, 0.781923, 0.000000,
                   0.000076,95.179558, 0.000102, 1.000000;;
                }
                Frame Armature_mixamorig_RightForeArm {
                  FrameTransformMatrix {
                     0.102466,-0.992873, 0.060865, 0.000000,
                     0.991201, 0.096756,-0.090328, 0.000000,
                     0.083796, 0.069585, 0.994050, 0.000000,
                    -0.000008,207.296707, 0.000031, 1.000000;;
                  }
                  Frame Armature_mixamorig_RightHand {
                    FrameTransformMatrix {
                       0.997180, 0.025874, 0.070445, 0.000000,
                      -0.004681, 0.958303,-0.285716, 0.000000,
                      -0.074900, 0.284580, 0.955722, 0.000000,
                      -0.000046,263.734039,-0.000107, 1.000000;;
                    }
                    Frame Armature_mixamorig_RightHandIndex1 {
                      FrameTransformMatrix {
                         0.983224, 0.033652, 0.179271, 0.000000,
                        -0.181274, 0.071173, 0.980854, 0.000000,
                         0.020249,-0.996896, 0.076079, 0.000000,
                        23.786812,76.789017, 0.477072, 1.000000;;
                      }
                      Frame Armature_mixamorig_RightHandIndex2 {
                        FrameTransformMatrix {
                           0.971311, 0.121226, 0.204597, 0.000000,
                          -0.121191,-0.487914, 0.864438, 0.000000,
                           0.204618,-0.864433,-0.459224, 0.000000,
                           0.003622,26.618763, 0.000031, 1.000000;;
                        }
                        Frame Armature_mixamorig_RightHandIndex3 {
                          FrameTransformMatrix {
                             0.973154, 0.132815, 0.187965, 0.000000,
                            -0.091133,-0.527576, 0.844606, 0.000000,
                             0.211342,-0.839061,-0.501309, 0.000000,
                             0.028698,24.681198, 0.000043, 1.000000;;
                          }
                        } // End of Armature_mixamorig_RightHandIndex3
                      } // End of Armature_mixamorig_RightHandIndex2
                    } // End of Armature_mixamorig_RightHandIndex1
                    Frame Armature_mixamorig_RightHandMiddle1 {
                      FrameTransformMatrix {
                         0.991116, 0.030540, 0.129444, 0.000000,
                        -0.130759, 0.045943, 0.990349, 0.000000,
                         0.024299,-0.998477, 0.049528, 0.000000,
                         8.323517,77.854843, 1.195759, 1.000000;;
                      }
                      Frame Armature_mixamorig_RightHandMiddle2 {
                        FrameTransformMatrix {
                           0.973062, 0.132206, 0.188867, 0.000000,
                          -0.129371,-0.364949, 0.921995, 0.000000,
                           0.190820,-0.921593,-0.338014, 0.000000,
                           0.008287,29.184349,-0.000155, 1.000000;;
                        }
                        Frame Armature_mixamorig_RightHandMiddle3 {
                          FrameTransformMatrix {
                             0.968853, 0.118759, 0.217301, 0.000000,
                            -0.109187,-0.582734, 0.805295, 0.000000,
                             0.222265,-0.803939,-0.551616, 0.000000,
                             0.026901,28.014851,-0.000096, 1.000000;;
                          }
                        } // End of Armature_mixamorig_RightHandMiddle3
                      } // End of Armature_mixamorig_RightHandMiddle2
                    } // End of Armature_mixamorig_RightHandMiddle1
                    Frame Armature_mixamorig_RightHandPinky1 {
                      FrameTransformMatrix {
                         0.999074, 0.028327,-0.032394, 0.000000,
                         0.034846,-0.090874, 0.995253, 0.000000,
                         0.025249,-0.995460,-0.091777, 0.000000,
                        -23.872097,76.419807,-0.111441, 1.000000;;
                      }
                      Frame Armature_mixamorig_RightHandPinky2 {
                        FrameTransformMatrix {
                           0.981894, 0.124375, 0.142878, 0.000000,
                          -0.121491,-0.165226, 0.978744, 0.000000,
                           0.145338,-0.978382,-0.147124, 0.000000,
                           0.021112,24.380238, 0.000006, 1.000000;;
                        }
                        Frame Armature_mixamorig_RightHandPinky3 {
                          FrameTransformMatrix {
                             0.971439, 0.109998, 0.210256, 0.000000,
                            -0.025426,-0.832714, 0.553120, 0.000000,
                             0.235925,-0.542668,-0.806134, 0.000000,
                             0.034470,20.300777,-0.000187, 1.000000;;
                          }
                        } // End of Armature_mixamorig_RightHandPinky3
                      } // End of Armature_mixamorig_RightHandPinky2
                    } // End of Armature_mixamorig_RightHandPinky1
                    Frame Armature_mixamorig_RightHandRing1 {
                      FrameTransformMatrix {
                         0.998229, 0.031382, 0.050541, 0.000000,
                        -0.048998,-0.048117, 0.997639, 0.000000,
                         0.033740,-0.998349,-0.046494, 0.000000,
                        -8.238186,77.654755, 0.669331, 1.000000;;
                      }
                      Frame Armature_mixamorig_RightHandRing2 {
                        FrameTransformMatrix {
                           0.978959, 0.126687, 0.159967, 0.000000,
                          -0.131960,-0.204913, 0.969844, 0.000000,
                           0.155646,-0.970547,-0.183884, 0.000000,
                           0.008886,27.434519,-0.000123, 1.000000;;
                        }
                        Frame Armature_mixamorig_RightHandRing3 {
                          FrameTransformMatrix {
                             0.978327, 0.127092, 0.163475, 0.000000,
                            -0.073246,-0.526031, 0.847305, 0.000000,
                             0.193678,-0.840915,-0.505322, 0.000000,
                             0.000473,26.051464, 0.000128, 1.000000;;
                          }
                        } // End of Armature_mixamorig_RightHandRing3
                      } // End of Armature_mixamorig_RightHandRing2
                    } // End of Armature_mixamorig_RightHandRing1
                    Frame Armature_mixamorig_RightHandThumb1 {
                      FrameTransformMatrix {
                         0.715808,-0.607208, 0.344844, 0.000000,
                         0.384744, 0.755062, 0.530898, 0.000000,
                        -0.582744,-0.247345, 0.774099, 0.000000,
                        28.496918,26.350384, 4.738602, 1.000000;;
                      }
                      Frame Armature_mixamorig_RightHandThumb2 {
                        FrameTransformMatrix {
                           0.837071, 0.541218,-0.079971, 0.000000,
                          -0.472882, 0.789261, 0.391725, 0.000000,
                           0.275127,-0.290085, 0.916601, 0.000000,
                          -0.718758,31.272480,-0.000259, 1.000000;;
                        }
                        Frame Armature_mixamorig_RightHandThumb3 {
                          FrameTransformMatrix {
                             0.298159, 0.943255, 0.146192, 0.000000,
                            -0.897469, 0.224877, 0.379447, 0.000000,
                             0.325040,-0.244338, 0.913590, 0.000000,
                            -0.909458,21.534607, 0.000114, 1.000000;;
                          }
                        } // End of Armature_mixamorig_RightHandThumb3
                      } // End of Armature_mixamorig_RightHandThumb2
                    } // End of Armature_mixamorig_RightHandThumb1
                  } // End of Armature_mixamorig_RightHand
                } // End of Armature_mixamorig_RightForeArm
              } // End of Armature_mixamorig_RightArm
            } // End of Armature_mixamorig_RightShoulder
          } // End of Armature_mixamorig_Spine2
        } // End of Armature_mixamorig_Spine1
      } // End of Armature_mixamorig_Spine
    } // End of Armature_mixamorig_Hips
  } // End of Armature
} // End of Root
AnimationSet Global {
  Animation {
    {Armature}
    AnimationKey { // Rotation
      0;
      40;
      0;4;-0.707107, 0.707107, 0.000000, 0.000000;;,
      1;4;-0.707107, 0.707107, 0.000000, 0.000000;;,
      2;4;-0.707107, 0.707107, 0.000000, 0.000000;;,
      3;4;-0.707107, 0.707107, 0.000000, 0.000000;;,
      4;4;-0.707107, 0.707107, 0.000000, 0.000000;;,
      5;4;-0.707107, 0.707107, 0.000000, 0.000000;;,
      6;4;-0.707107, 0.707107, 0.000000, 0.000000;;,
      7;4;-0.707107, 0.707107, 0.000000, 0.000000;;,
      8;4;-0.707107, 0.707107, 0.000000, 0.000000;;,
      9;4;-0.707107, 0.707107, 0.000000, 0.000000;;,
      10;4;-0.707107, 0.707107, 0.000000, 0.000000;;,
      11;4;-0.707107, 0.707107, 0.000000, 0.000000;;,
      12;4;-0.707107, 0.707107, 0.000000, 0.000000;;,
      13;4;-0.707107, 0.707107, 0.000000, 0.000000;;,
      14;4;-0.707107, 0.707107, 0.000000, 0.000000;;,
      15;4;-0.707107, 0.707107, 0.000000, 0.000000;;,
      16;4;-0.707107, 0.707107, 0.000000, 0.000000;;,
      17;4;-0.707107, 0.707107, 0.000000, 0.000000;;,
      18;4;-0.707107, 0.707107, 0.000000, 0.000000;;,
      19;4;-0.707107, 0.707107, 0.000000, 0.000000;;,
      20;4;-0.707107, 0.707107, 0.000000, 0.000000;;,
      21;4;-0.707107, 0.707107, 0.000000, 0.000000;;,
      22;4;-0.707107, 0.707107, 0.000000, 0.000000;;,
      23;4;-0.707107, 0.707107, 0.000000, 0.000000;;,
      24;4;-0.707107, 0.707107, 0.000000, 0.000000;;,
      25;4;-0.707107, 0.707107, 0.000000, 0.000000;;,
      26;4;-0.707107, 0.707107, 0.000000, 0.000000;;,
      27;4;-0.707107, 0.707107, 0.000000, 0.000000;;,
      28;4;-0.707107, 0.707107, 0.000000, 0.000000;;,
      29;4;-0.707107, 0.707107, 0.000000, 0.000000;;,
      30;4;-0.707107, 0.707107, 0.000000, 0.000000;;,
      31;4;-0.707107, 0.707107, 0.000000, 0.000000;;,
      32;4;-0.707107, 0.707107, 0.000000, 0.000000;;,
      33;4;-0.707107, 0.707107, 0.000000, 0.000000;;,
      34;4;-0.707107, 0.707107, 0.000000, 0.000000;;,
      35;4;-0.707107, 0.707107, 0.000000, 0.000000;;,
      36;4;-0.707107, 0.707107, 0.000000, 0.000000;;,
      37;4;-0.707107, 0.707107, 0.000000, 0.000000;;,
      38;4;-0.707107, 0.707107, 0.000000, 0.000000;;,
      39;4;-0.707107, 0.707107, 0.000000, 0.000000;;;
    }
    AnimationKey { // Scale
      1;
      40;
      0;3; 0.010000, 0.010000, 0.010000;;,
      1;3; 0.010000, 0.010000, 0.010000;;,
      2;3; 0.010000, 0.010000, 0.010000;;,
      3;3; 0.010000, 0.010000, 0.010000;;,
      4;3; 0.010000, 0.010000, 0.010000;;,
      5;3; 0.010000, 0.010000, 0.010000;;,
      6;3; 0.010000, 0.010000, 0.010000;;,
      7;3; 0.010000, 0.010000, 0.010000;;,
      8;3; 0.010000, 0.010000, 0.010000;;,
      9;3; 0.010000, 0.010000, 0.010000;;,
      10;3; 0.010000, 0.010000, 0.010000;;,
      11;3; 0.010000, 0.010000, 0.010000;;,
      12;3; 0.010000, 0.010000, 0.010000;;,
      13;3; 0.010000, 0.010000, 0.010000;;,
      14;3; 0.010000, 0.010000, 0.010000;;,
      15;3; 0.010000, 0.010000, 0.010000;;,
      16;3; 0.010000, 0.010000, 0.010000;;,
      17;3; 0.010000, 0.010000, 0.010000;;,
      18;3; 0.010000, 0.010000, 0.010000;;,
      19;3; 0.010000, 0.010000, 0.010000;;,
      20;3; 0.010000, 0.010000, 0.010000;;,
      21;3; 0.010000, 0.010000, 0.010000;;,
      22;3; 0.010000, 0.010000, 0.010000;;,
      23;3; 0.010000, 0.010000, 0.010000;;,
      24;3; 0.010000, 0.010000, 0.010000;;,
      25;3; 0.010000, 0.010000, 0.010000;;,
      26;3; 0.010000, 0.010000, 0.010000;;,
      27;3; 0.010000, 0.010000, 0.010000;;,
      28;3; 0.010000, 0.010000, 0.010000;;,
      29;3; 0.010000, 0.010000, 0.010000;;,
      30;3; 0.010000, 0.010000, 0.010000;;,
      31;3; 0.010000, 0.010000, 0.010000;;,
      32;3; 0.010000, 0.010000, 0.010000;;,
      33;3; 0.010000, 0.010000, 0.010000;;,
      34;3; 0.010000, 0.010000, 0.010000;;,
      35;3; 0.010000, 0.010000, 0.010000;;,
      36;3; 0.010000, 0.010000, 0.010000;;,
      37;3; 0.010000, 0.010000, 0.010000;;,
      38;3; 0.010000, 0.010000, 0.010000;;,
      39;3; 0.010000, 0.010000, 0.010000;;;
    }
    AnimationKey { // Position
      2;
      40;
      0;3; 0.000000, 0.000000, 0.000000;;,
      1;3; 0.000000, 0.000000, 0.000000;;,
      2;3; 0.000000, 0.000000, 0.000000;;,
      3;3; 0.000000, 0.000000, 0.000000;;,
      4;3; 0.000000, 0.000000, 0.000000;;,
      5;3; 0.000000, 0.000000, 0.000000;;,
      6;3; 0.000000, 0.000000, 0.000000;;,
      7;3; 0.000000, 0.000000, 0.000000;;,
      8;3; 0.000000, 0.000000, 0.000000;;,
      9;3; 0.000000, 0.000000, 0.000000;;,
      10;3; 0.000000, 0.000000, 0.000000;;,
      11;3; 0.000000, 0.000000, 0.000000;;,
      12;3; 0.000000, 0.000000, 0.000000;;,
      13;3; 0.000000, 0.000000, 0.000000;;,
      14;3; 0.000000, 0.000000, 0.000000;;,
      15;3; 0.000000, 0.000000, 0.000000;;,
      16;3; 0.000000, 0.000000, 0.000000;;,
      17;3; 0.000000, 0.000000, 0.000000;;,
      18;3; 0.000000, 0.000000, 0.000000;;,
      19;3; 0.000000, 0.000000, 0.000000;;,
      20;3; 0.000000, 0.000000, 0.000000;;,
      21;3; 0.000000, 0.000000, 0.000000;;,
      22;3; 0.000000, 0.000000, 0.000000;;,
      23;3; 0.000000, 0.000000, 0.000000;;,
      24;3; 0.000000, 0.000000, 0.000000;;,
      25;3; 0.000000, 0.000000, 0.000000;;,
      26;3; 0.000000, 0.000000, 0.000000;;,
      27;3; 0.000000, 0.000000, 0.000000;;,
      28;3; 0.000000, 0.000000, 0.000000;;,
      29;3; 0.000000, 0.000000, 0.000000;;,
      30;3; 0.000000, 0.000000, 0.000000;;,
      31;3; 0.000000, 0.000000, 0.000000;;,
      32;3; 0.000000, 0.000000, 0.000000;;,
      33;3; 0.000000, 0.000000, 0.000000;;,
      34;3; 0.000000, 0.000000, 0.000000;;,
      35;3; 0.000000, 0.000000, 0.000000;;,
      36;3; 0.000000, 0.000000, 0.000000;;,
      37;3; 0.000000, 0.000000, 0.000000;;,
      38;3; 0.000000, 0.000000, 0.000000;;,
      39;3; 0.000000, 0.000000, 0.000000;;;
    }
  }
  Animation {
    {Armature_mixamorig_Hips}
    AnimationKey { // Rotation
      0;
      40;
      0;4;-0.914018,-0.053807, 0.401497,-0.021804;;,
      1;4;-0.916326,-0.057052, 0.395768,-0.021448;;,
      2;4;-0.920561,-0.061070, 0.385099,-0.023150;;,
      3;4;-0.927567,-0.065619, 0.366828,-0.027397;;,
      4;4;-0.936959,-0.070651, 0.340600,-0.033286;;,
      5;4;-0.947494,-0.075450, 0.308234,-0.039424;;,
      6;4;-0.958086,-0.078864, 0.271751,-0.044768;;,
      7;4;-0.968209,-0.080929, 0.231863,-0.047562;;,
      8;4;-0.977599,-0.082973, 0.187630,-0.047008;;,
      9;4;-0.985869,-0.085559, 0.136841,-0.044900;;,
      10;4;-0.992214,-0.086384, 0.077490,-0.045225;;,
      11;4;-0.995423,-0.080547, 0.010217,-0.050400;;,
      12;4;-0.994237,-0.064929,-0.060563,-0.060068;;,
      13;4;-0.988042,-0.042621,-0.129640,-0.071767;;,
      14;4;-0.977156,-0.020980,-0.194754,-0.082446;;,
      15;4;-0.955491,-0.001099,-0.280740,-0.090673;;,
      16;4;-0.933903, 0.005086,-0.345091,-0.093330;;,
      17;4;-0.917801, 0.009170,-0.384175,-0.099835;;,
      18;4;-0.907606, 0.016030,-0.406255,-0.104650;;,
      19;4;-0.898982, 0.022103,-0.425064,-0.103266;;,
      20;4;-0.888184, 0.025274,-0.447723,-0.100172;;,
      21;4;-0.877670, 0.026478,-0.468303,-0.098422;;,
      22;4;-0.871582, 0.027630,-0.479882,-0.096406;;,
      23;4;-0.869463, 0.029996,-0.484446,-0.091908;;,
      24;4;-0.868001, 0.031476,-0.487693,-0.087977;;,
      25;4;-0.866862, 0.030645,-0.490010,-0.086608;;,
      26;4;-0.866649, 0.029116,-0.490621,-0.085805;;,
      27;4;-0.867361, 0.027405,-0.489651,-0.084717;;,
      28;4;-0.868894, 0.025195,-0.487280,-0.083352;;,
      29;4;-0.870883, 0.021815,-0.484134,-0.081859;;,
      30;4;-0.872926, 0.017448,-0.480869,-0.080380;;,
      31;4;-0.874779, 0.013133,-0.477838,-0.079123;;,
      32;4;-0.876342, 0.009689,-0.475202,-0.078194;;,
      33;4;-0.877505, 0.007064,-0.473195,-0.077604;;,
      34;4;-0.878160, 0.004725,-0.472041,-0.077399;;,
      35;4;-0.878396, 0.002294,-0.471605,-0.077488;;,
      36;4;-0.878550,-0.000174,-0.471302,-0.077621;;,
      37;4;-0.878950,-0.002368,-0.470533,-0.077711;;,
      38;4;-0.879647,-0.004026,-0.469168,-0.078017;;,
      39;4;-0.880378,-0.005213,-0.467685,-0.078603;;;
    }
    AnimationKey { // Scale
      1;
      40;
      0;3; 1.000000, 1.000000, 1.000000;;,
      1;3; 1.000000, 1.000000, 1.000000;;,
      2;3; 1.000000, 1.000000, 1.000000;;,
      3;3; 1.000000, 1.000000, 1.000000;;,
      4;3; 1.000000, 1.000000, 1.000000;;,
      5;3; 1.000000, 1.000000, 1.000000;;,
      6;3; 1.000000, 1.000000, 1.000000;;,
      7;3; 1.000000, 1.000000, 1.000000;;,
      8;3; 1.000000, 1.000000, 1.000000;;,
      9;3; 1.000000, 1.000000, 1.000000;;,
      10;3; 1.000000, 1.000000, 1.000000;;,
      11;3; 1.000000, 1.000000, 1.000000;;,
      12;3; 1.000000, 1.000000, 1.000000;;,
      13;3; 1.000000, 1.000000, 1.000000;;,
      14;3; 1.000000, 1.000000, 1.000000;;,
      15;3; 1.000000, 1.000000, 1.000000;;,
      16;3; 1.000000, 1.000000, 1.000000;;,
      17;3; 1.000000, 1.000000, 1.000000;;,
      18;3; 1.000000, 1.000000, 1.000000;;,
      19;3; 1.000000, 1.000000, 1.000000;;,
      20;3; 1.000000, 1.000000, 1.000000;;,
      21;3; 1.000000, 1.000000, 1.000000;;,
      22;3; 1.000000, 1.000000, 1.000000;;,
      23;3; 1.000000, 1.000000, 1.000000;;,
      24;3; 1.000000, 1.000000, 1.000000;;,
      25;3; 1.000000, 1.000000, 1.000000;;,
      26;3; 1.000000, 1.000000, 1.000000;;,
      27;3; 1.000000, 1.000000, 1.000000;;,
      28;3; 1.000000, 1.000000, 1.000000;;,
      29;3; 1.000000, 1.000000, 1.000000;;,
      30;3; 1.000000, 1.000000, 1.000000;;,
      31;3; 1.000000, 1.000000, 1.000000;;,
      32;3; 1.000000, 1.000000, 1.000000;;,
      33;3; 1.000000, 1.000000, 1.000000;;,
      34;3; 1.000000, 1.000000, 1.000000;;,
      35;3; 1.000000, 1.000000, 1.000000;;,
      36;3; 1.000000, 1.000000, 1.000000;;,
      37;3; 1.000000, 1.000000, 1.000000;;,
      38;3; 1.000000, 1.000000, 1.000000;;,
      39;3; 1.000000, 1.000000, 1.000000;;;
    }
    AnimationKey { // Position
      2;
      40;
      0;3;-214.579391,846.450378,423.335938;;,
      1;3;-213.960068,843.470764,420.505981;;,
      2;3;-212.068588,838.567688,416.105743;;,
      3;3;-208.260345,831.794922,410.257507;;,
      4;3;-202.087570,823.588257,403.255219;;,
      5;3;-193.478699,814.253845,395.129639;;,
      6;3;-182.392960,804.102356,385.733673;;,
      7;3;-168.755981,793.323181,375.233124;;,
      8;3;-152.261337,782.341858,364.126801;;,
      9;3;-132.789032,772.414185,352.660278;;,
      10;3;-110.906624,765.395203,340.143066;;,
      11;3;-88.071808,763.235229,325.360931;;,
      12;3;-64.773117,765.110718,307.607483;;,
      13;3;-41.828220,768.882263,287.811127;;,
      14;3;-20.012922,771.970581,268.250549;;,
      15;3; 9.526176,775.892456,245.794189;;,
      16;3;33.527626,775.639587,233.001846;;,
      17;3;49.044792,769.272461,224.846588;;,
      18;3;57.925346,763.047852,215.633667;;,
      19;3;62.056252,758.094177,203.519150;;,
      20;3;62.140438,753.352966,187.741928;;,
      21;3;58.401436,749.971985,168.295761;;,
      22;3;50.680397,747.684753,144.893860;;,
      23;3;41.861248,746.144165,118.649254;;,
      24;3;35.038975,746.360718,93.000740;;,
      25;3;29.895781,747.013672,73.959221;;,
      26;3;25.539509,746.660095,60.856682;;,
      27;3;21.702370,744.987854,50.149170;;,
      28;3;19.125700,742.334473,41.762115;;,
      29;3;17.728401,739.407715,35.244522;;,
      30;3;16.983957,736.584961,30.117168;;,
      31;3;16.595282,733.866516,26.142689;;,
      32;3;16.479067,731.337402,23.194727;;,
      33;3;16.535242,729.254517,21.023186;;,
      34;3;16.658895,727.734192,19.315777;;,
      35;3;16.827717,726.678284,17.867472;;,
      36;3;17.061079,725.909363,16.603777;;,
      37;3;17.290720,725.394104,15.465043;;,
      38;3;17.444626,725.063477,14.465920;;,
      39;3;17.557505,724.831055,13.606339;;;
    }
  }
  Animation {
    {Armature_mixamorig_Spine}
    AnimationKey { // Rotation
      0;
      40;
      0;4;-0.996439, 0.031428, 0.069643, 0.035661;;,
      1;4;-0.996065, 0.037124, 0.071301, 0.037325;;,
      2;4;-0.995418, 0.043295, 0.074422, 0.041601;;,
      3;4;-0.994488, 0.049306, 0.079049, 0.048108;;,
      4;4;-0.993402, 0.055447, 0.083834, 0.055234;;,
      5;4;-0.992355, 0.061693, 0.087407, 0.061531;;,
      6;4;-0.991465, 0.067713, 0.089627, 0.066178;;,
      7;4;-0.990736, 0.074271, 0.091105, 0.068020;;,
      8;4;-0.990084, 0.082711, 0.092077, 0.066439;;,
      9;4;-0.989397, 0.093071, 0.092254, 0.062623;;,
      10;4;-0.988691, 0.103817, 0.090986, 0.058605;;,
      11;4;-0.988327, 0.113052, 0.086749, 0.053877;;,
      12;4;-0.988632, 0.119946, 0.077709, 0.046702;;,
      13;4;-0.989227, 0.126179, 0.064629, 0.036495;;,
      14;4;-0.989342, 0.133761, 0.051861, 0.024927;;,
      15;4;-0.988070, 0.148481, 0.039806, 0.009274;;,
      16;4;-0.986331, 0.161752, 0.031294, 0.002994;;,
      17;4;-0.985851, 0.165981, 0.021620, 0.009011;;,
      18;4;-0.986363, 0.163433, 0.012239, 0.015119;;,
      19;4;-0.987154, 0.158881, 0.009442, 0.013973;;,
      20;4;-0.987614, 0.156199, 0.012118, 0.008616;;,
      21;4;-0.987786, 0.155303, 0.012285, 0.003135;;,
      22;4;-0.988221, 0.152786, 0.008564,-0.001419;;,
      23;4;-0.988755, 0.149460, 0.003566,-0.003460;;,
      24;4;-0.988639, 0.150295,-0.001553,-0.001134;;,
      25;4;-0.988282, 0.152525,-0.005624, 0.001833;;,
      26;4;-0.988212, 0.152790,-0.008910, 0.003556;;,
      27;4;-0.988269, 0.152104,-0.012690, 0.005208;;,
      28;4;-0.988138, 0.152476,-0.016882, 0.007086;;,
      29;4;-0.987685, 0.154876,-0.020471, 0.008526;;,
      30;4;-0.987076, 0.158396,-0.022584, 0.009060;;,
      31;4;-0.986537, 0.161575,-0.023537, 0.009189;;,
      32;4;-0.986173, 0.163659,-0.024250, 0.009493;;,
      33;4;-0.985946, 0.164881,-0.025043, 0.009887;;,
      34;4;-0.985762, 0.165886,-0.025597, 0.010040;;,
      35;4;-0.985566, 0.167035,-0.025756, 0.009823;;,
      36;4;-0.985364, 0.168231,-0.025841, 0.009386;;,
      37;4;-0.985185, 0.169234,-0.026210, 0.009108;;,
      38;4;-0.985038, 0.169978,-0.026825, 0.009440;;,
      39;4;-0.984915, 0.170557,-0.027328, 0.010265;;;
    }
    AnimationKey { // Scale
      1;
      40;
      0;3; 1.000000, 1.000000, 1.000000;;,
      1;3; 1.000000, 1.000000, 1.000000;;,
      2;3; 1.000000, 1.000000, 1.000000;;,
      3;3; 1.000000, 1.000000, 1.000000;;,
      4;3; 1.000000, 1.000000, 1.000000;;,
      5;3; 1.000000, 1.000000, 1.000000;;,
      6;3; 1.000000, 1.000000, 1.000000;;,
      7;3; 1.000000, 1.000000, 1.000000;;,
      8;3; 1.000000, 1.000000, 1.000000;;,
      9;3; 1.000000, 1.000000, 1.000000;;,
      10;3; 1.000000, 1.000000, 1.000000;;,
      11;3; 1.000000, 1.000000, 1.000000;;,
      12;3; 1.000000, 1.000000, 1.000000;;,
      13;3; 1.000000, 1.000000, 1.000000;;,
      14;3; 1.000000, 1.000000, 1.000000;;,
      15;3; 1.000000, 1.000000, 1.000000;;,
      16;3; 1.000000, 1.000000, 1.000000;;,
      17;3; 1.000000, 1.000000, 1.000000;;,
      18;3; 1.000000, 1.000000, 1.000000;;,
      19;3; 1.000000, 1.000000, 1.000000;;,
      20;3; 1.000000, 1.000000, 1.000000;;,
      21;3; 1.000000, 1.000000, 1.000000;;,
      22;3; 1.000000, 1.000000, 1.000000;;,
      23;3; 1.000000, 1.000000, 1.000000;;,
      24;3; 1.000000, 1.000000, 1.000000;;,
      25;3; 1.000000, 1.000000, 1.000000;;,
      26;3; 1.000000, 1.000000, 1.000000;;,
      27;3; 1.000000, 1.000000, 1.000000;;,
      28;3; 1.000000, 1.000000, 1.000000;;,
      29;3; 1.000000, 1.000000, 1.000000;;,
      30;3; 1.000000, 1.000000, 1.000000;;,
      31;3; 1.000000, 1.000000, 1.000000;;,
      32;3; 1.000000, 1.000000, 1.000000;;,
      33;3; 1.000000, 1.000000, 1.000000;;,
      34;3; 1.000000, 1.000000, 1.000000;;,
      35;3; 1.000000, 1.000000, 1.000000;;,
      36;3; 1.000000, 1.000000, 1.000000;;,
      37;3; 1.000000, 1.000000, 1.000000;;,
      38;3; 1.000000, 1.000000, 1.000000;;,
      39;3; 1.000000, 1.000000, 1.000000;;;
    }
    AnimationKey { // Position
      2;
      40;
      0;3; 0.000076,82.360588,-1.278358;;,
      1;3;-0.000076,82.360550,-1.278282;;,
      2;3; 0.000008,82.360611,-1.278320;;,
      3;3; 0.000008,82.360603,-1.278313;;,
      4;3;-0.000031,82.360611,-1.278358;;,
      5;3;-0.000031,82.360611,-1.278297;;,
      6;3; 0.000061,82.360596,-1.278282;;,
      7;3; 0.000000,82.360626,-1.278282;;,
      8;3; 0.000000,82.360573,-1.278271;;,
      9;3; 0.000015,82.360672,-1.278286;;,
      10;3;-0.000008,82.360550,-1.278271;;,
      11;3;-0.000003,82.360558,-1.278310;;,
      12;3; 0.000008,82.360641,-1.278272;;,
      13;3;-0.000008,82.360634,-1.278334;;,
