xof 0303txt 0032

template XSkinMeshHeader {
  <3cf169ce-ff7c-44ab-93c0-f78f62d172e2>
  WORD nMaxSkinWeightsPerVertex;
  WORD nMaxSkinWeightsPerFace;
  WORD nBones;
}

template SkinWeights {
  <6f0d123b-bad2-4167-a0d0-80224f25fabb>
  STRING transformNodeName;
  DWORD nWeights;
  array DWORD vertexIndices[nWeights];
  array float weights[nWeights];
  Matrix4x4 matrixOffset;
}

Frame Root {
  FrameTransformMatrix {
     1.000000, 0.000000, 0.000000, 0.000000,
     0.000000,-0.000000,-1.000000, 0.000000,
     0.000000, 1.000000,-0.000000, 0.000000,
     0.000000, 0.000000, 0.000000, 1.000000;;
  }
  Frame Armature {
    FrameTransformMatrix {
       0.010000, 0.000000, 0.000000, 0.000000,
       0.000000,-0.000000, 0.010000, 0.000000,
       0.000000,-0.010000,-0.000000, 0.000000,
       0.000000, 0.000000, 0.000000, 1.000000;;
    }
    Frame Armature_mixamorig_Hips {
      FrameTransformMatrix {
         0.658060,-0.070710,-0.749638, 0.000000,
        -0.000595, 0.995532,-0.094427, 0.000000,
         0.752965, 0.062585, 0.655078, 0.000000,
        -216.566803,851.158813,420.583618, 1.000000;;
      }
      Frame Armature_mixamorig_LeftUpLeg {
        FrameTransformMatrix {
          -0.875652,-0.150110, 0.459020, 0.000000,
           0.330517,-0.879279, 0.342968, 0.000000,
           0.352124, 0.452034, 0.819556, 0.000000,
          93.699738,-45.665943,12.677418, 1.000000;;
        }
        Frame Armature_mixamorig_LeftLeg {
          FrameTransformMatrix {
             0.978046, 0.191650,-0.081826, 0.000000,
            -0.206007, 0.830029,-0.518279, 0.000000,
            -0.031410, 0.523757, 0.851288, 0.000000,
            -0.000007,391.884064, 0.000042, 1.000000;;
          }
          Frame Armature_mixamorig_LeftFoot {
            FrameTransformMatrix {
               0.918212,-0.252209,-0.305413, 0.000000,
               0.394595, 0.515553, 0.760592, 0.000000,
              -0.034372,-0.818899, 0.572908, 0.000000,
              -0.000035,357.861572,-0.000001, 1.000000;;
            }
            Frame Armature_mixamorig_LeftToeBase {
              FrameTransformMatrix {
                 0.999999,-0.001250,-0.000867, 0.000000,
                 0.001506, 0.732029, 0.681272, 0.000000,
                -0.000217,-0.681272, 0.732030, 0.000000,
                 0.000047,154.092468, 0.000000, 1.000000;;
              }
            } // End of Armature_mixamorig_LeftToeBase
          } // End of Armature_mixamorig_LeftFoot
        } // End of Armature_mixamorig_LeftLeg
      } // End of Armature_mixamorig_LeftUpLeg
      Frame Armature_mixamorig_RightUpLeg {
        FrameTransformMatrix {
          -0.901353, 0.153709,-0.404799, 0.000000,
          -0.124678,-0.987415,-0.097292, 0.000000,
          -0.414685,-0.037226, 0.909203, 0.000000,
          -93.699631,-45.665989,13.235928, 1.000000;;
        }
        Frame Armature_mixamorig_RightLeg {
          FrameTransformMatrix {
             0.962763,-0.142950,-0.229464, 0.000000,
             0.021318, 0.886269,-0.462680, 0.000000,
             0.269507, 0.440559, 0.856314, 0.000000,
             0.000053,391.883118, 0.000061, 1.000000;;
          }
          Frame Armature_mixamorig_RightFoot {
            FrameTransformMatrix {
               0.934646, 0.330907,-0.130145, 0.000000,
               0.001446, 0.362467, 0.931996, 0.000000,
               0.355577,-0.871274, 0.338299, 0.000000,
              -0.000015,357.860779,-0.000029, 1.000000;;
            }
            Frame Armature_mixamorig_RightToeBase {
              FrameTransformMatrix {
                 0.999998, 0.001823,-0.000890, 0.000000,
                -0.000693, 0.719351, 0.694647, 0.000000,
                 0.001907,-0.694645, 0.719350, 0.000000,
                -0.000002,154.509140, 0.000020, 1.000000;;
              }
            } // End of Armature_mixamorig_RightToeBase
          } // End of Armature_mixamorig_RightFoot
        } // End of Armature_mixamorig_RightLeg
      } // End of Armature_mixamorig_RightUpLeg
      Frame Armature_mixamorig_Spine {
        FrameTransformMatrix {
           0.990085, 0.057655,-0.128093, 0.000000,
          -0.050590, 0.997049, 0.057744, 0.000000,
           0.131044,-0.050691, 0.990080, 0.000000,
           0.000061,82.360634,-1.278290, 1.000000;;
        }
        Frame Armature_mixamorig_Spine1 {
          FrameTransformMatrix {
             0.993832, 0.102826,-0.041520, 0.000000,
            -0.101625, 0.994368, 0.030078, 0.000000,
             0.044378,-0.025673, 0.998685, 0.000000,
            -0.000050,96.098740, 0.000015, 1.000000;;
          }
          Frame Armature_mixamorig_Spine2 {
            FrameTransformMatrix {
               0.993753, 0.100378,-0.048786, 0.000000,
              -0.098775, 0.994521, 0.034239, 0.000000,
               0.051955,-0.029206, 0.998222, 0.000000,
               0.000031,109.827621, 0.000011, 1.000000;;
            }
            Frame Armature_mixamorig_LeftShoulder {
              FrameTransformMatrix {
                 0.294553, 0.037645,-0.954893, 0.000000,
                 0.842037,-0.482734, 0.240710, 0.000000,
                -0.451898,-0.874958,-0.173889, 0.000000,
                45.514481,109.232666, 0.066494, 1.000000;;
              }
              Frame Armature_mixamorig_LeftArm {
                FrameTransformMatrix {
                   0.611623, 0.647877,-0.454064, 0.000000,
                  -0.458814, 0.758025, 0.463560, 0.000000,
                   0.644522,-0.075193, 0.760880, 0.000000,
                  -0.000019,95.179619, 0.000042, 1.000000;;
                }
                Frame Armature_mixamorig_LeftForeArm {
                  FrameTransformMatrix {
                     0.392520, 0.915739,-0.085727, 0.000000,
                    -0.913217, 0.376955,-0.154722, 0.000000,
                    -0.109370, 0.139019, 0.984232, 0.000000,
                     0.000002,207.294388, 0.000019, 1.000000;;
                  }
                  Frame Armature_mixamorig_LeftHand {
                    FrameTransformMatrix {
                       0.963916, 0.036972,-0.263626, 0.000000,
                      -0.044455, 0.998759,-0.022476, 0.000000,
                       0.262468, 0.033385, 0.964363, 0.000000,
                      -0.000095,263.734497, 0.000042, 1.000000;;
                    }
                    Frame Armature_mixamorig_LeftHandIndex1 {
                      FrameTransformMatrix {
                         0.990517,-0.018439,-0.136149, 0.000000,
                         0.137191, 0.079224, 0.987371, 0.000000,
                        -0.007420,-0.996686, 0.081003, 0.000000,
                        -24.511337,75.786613, 0.565214, 1.000000;;
                      }
                      Frame Armature_mixamorig_LeftHandIndex2 {
                        FrameTransformMatrix {
                           0.976840,-0.109952,-0.183561, 0.000000,
                           0.107881,-0.487778, 0.866276, 0.000000,
                          -0.184786,-0.866015,-0.464620, 0.000000,
                           0.000336,26.545242,-0.000063, 1.000000;;
                        }
                        Frame Armature_mixamorig_LeftHandIndex3 {
                          FrameTransformMatrix {
                             0.977425,-0.114434,-0.177609, 0.000000,
                             0.103357,-0.474204, 0.874327, 0.000000,
                            -0.184276,-0.872946,-0.451671, 0.000000,
                             0.002716,24.502014,-0.000031, 1.000000;;
                          }
                        } // End of Armature_mixamorig_LeftHandIndex3
                      } // End of Armature_mixamorig_LeftHandIndex2
                    } // End of Armature_mixamorig_LeftHandIndex1
                    Frame Armature_mixamorig_LeftHandMiddle1 {
                      FrameTransformMatrix {
                         0.993557,-0.017654,-0.111948, 0.000000,
                         0.112785, 0.057078, 0.991979, 0.000000,
                        -0.011122,-0.998214, 0.058702, 0.000000,
                        -8.187996,75.844948, 0.198149, 1.000000;;
                      }
                      Frame Armature_mixamorig_LeftHandMiddle2 {
                        FrameTransformMatrix {
                           0.977908,-0.120714,-0.170657, 0.000000,
                           0.116123,-0.365125, 0.923688, 0.000000,
                          -0.173813,-0.923099,-0.343041, 0.000000,
                           0.001511,29.472185, 0.000036, 1.000000;;
                        }
                        Frame Armature_mixamorig_LeftHandMiddle3 {
                          FrameTransformMatrix {
                             0.974462,-0.110175,-0.195666, 0.000000,
                             0.108838,-0.530433, 0.840711, 0.000000,
                            -0.196413,-0.840537,-0.504896, 0.000000,
                             0.000622,28.342836, 0.000007, 1.000000;;
                          }
                        } // End of Armature_mixamorig_LeftHandMiddle3
                      } // End of Armature_mixamorig_LeftHandMiddle2
                    } // End of Armature_mixamorig_LeftHandMiddle1
                    Frame Armature_mixamorig_LeftHandPinky1 {
                      FrameTransformMatrix {
                         0.999726,-0.009261,-0.021508, 0.000000,
                         0.020781,-0.072529, 0.997150, 0.000000,
                        -0.010795,-0.997323,-0.072317, 0.000000,
                        24.290359,76.103607, 0.055084, 1.000000;;
                      }
                      Frame Armature_mixamorig_LeftHandPinky2 {
                        FrameTransformMatrix {
                           0.990918,-0.042232,-0.127662, 0.000000,
                           0.119102,-0.165038, 0.979070, 0.000000,
                          -0.062417,-0.985383,-0.158509, 0.000000,
                           0.000107,24.886036, 0.000032, 1.000000;;
                        }
                        Frame Armature_mixamorig_LeftHandPinky3 {
                          FrameTransformMatrix {
                             0.974750,-0.058640,-0.215460, 0.000000,
                             0.075588,-0.821288, 0.565485, 0.000000,
                            -0.210114,-0.567492,-0.796118, 0.000000,
                             0.002312,20.427612, 0.000168, 1.000000;;
                          }
                        } // End of Armature_mixamorig_LeftHandPinky3
                      } // End of Armature_mixamorig_LeftHandPinky2
                    } // End of Armature_mixamorig_LeftHandPinky1
                    Frame Armature_mixamorig_LeftHandRing1 {
                      FrameTransformMatrix {
                         0.998301,-0.014912,-0.056325, 0.000000,
                         0.056429, 0.006630, 0.998385, 0.000000,
                        -0.014514,-0.999867, 0.007460, 0.000000,
                         8.409004,78.182808, 1.262859, 1.000000;;
                      }
                      Frame Armature_mixamorig_LeftHandRing2 {
                        FrameTransformMatrix {
                           0.981205,-0.111649,-0.157388, 0.000000,
                           0.116462,-0.307690, 0.944332, 0.000000,
                          -0.153861,-0.944914,-0.288904, 0.000000,
                           0.000477,27.473413, 0.000023, 1.000000;;
                        }
                        Frame Armature_mixamorig_LeftHandRing3 {
                          FrameTransformMatrix {
                             0.979965,-0.096405,-0.174281, 0.000000,
                             0.093090,-0.551880, 0.828712, 0.000000,
                            -0.176075,-0.828333,-0.531848, 0.000000,
                            -0.001984,25.445257,-0.000029, 1.000000;;
                          }
                        } // End of Armature_mixamorig_LeftHandRing3
                      } // End of Armature_mixamorig_LeftHandRing2
                    } // End of Armature_mixamorig_LeftHandRing1
                    Frame Armature_mixamorig_LeftHandThumb1 {
                      FrameTransformMatrix {
                         0.661918, 0.608651,-0.437503, 0.000000,
                        -0.409934, 0.782586, 0.468522, 0.000000,
                         0.627550,-0.130776, 0.767514, 0.000000,
                        -29.122936,26.236795, 4.867405, 1.000000;;
                      }
                      Frame Armature_mixamorig_LeftHandThumb2 {
                        FrameTransformMatrix {
                           0.737466,-0.500172, 0.453842, 0.000000,
                           0.300361, 0.844752, 0.442919, 0.000000,
                          -0.604919,-0.190321, 0.773208, 0.000000,
                           1.230911,31.575640, 0.000052, 1.000000;;
                        }
                        Frame Armature_mixamorig_LeftHandThumb3 {
                          FrameTransformMatrix {
                            -0.033672,-0.999350,-0.012908, 0.000000,
                             0.965062,-0.035869, 0.259554, 0.000000,
                            -0.259848,-0.003718, 0.965642, 0.000000,
                             1.621616,21.556313, 0.000020, 1.000000;;
                          }
                        } // End of Armature_mixamorig_LeftHandThumb3
                      } // End of Armature_mixamorig_LeftHandThumb2
                    } // End of Armature_mixamorig_LeftHandThumb1
                  } // End of Armature_mixamorig_LeftHand
                } // End of Armature_mixamorig_LeftForeArm
              } // End of Armature_mixamorig_LeftArm
            } // End of Armature_mixamorig_LeftShoulder
            Frame Armature_mixamorig_Neck {
              FrameTransformMatrix {
                 0.962871, 0.091774, 0.253883, 0.000000,
                -0.173150, 0.931469, 0.319976, 0.000000,
                -0.207119,-0.352056, 0.912775, 0.000000,
                 0.000008,123.555565,-0.000023, 1.000000;;
              }
              Frame Armature_mixamorig_Head {
                FrameTransformMatrix {
                   0.672032, 0.129918, 0.729037, 0.000000,
                   0.107546, 0.956929,-0.269666, 0.000000,
                  -0.732671, 0.259629, 0.629115, 0.000000,
                  -0.000046,108.817368,-2.669861, 1.000000;;
                }
              } // End of Armature_mixamorig_Head
            } // End of Armature_mixamorig_Neck
            Frame Armature_mixamorig_RightShoulder {
              FrameTransformMatrix {
                 0.101654,-0.127107, 0.986666, 0.000000,
                -0.994551,-0.036061, 0.097820, 0.000000,
                 0.023146,-0.991233,-0.130080, 0.000000,
                -45.514465,109.241852,-0.510990, 1.000000;;
              }
              Frame Armature_mixamorig_RightArm {
                FrameTransformMatrix {
                   0.858117,-0.511561,-0.044050, 0.000000,
                   0.480583, 0.830424,-0.281844, 0.000000,
                   0.180761, 0.220685, 0.958448, 0.000000,
                  -0.000031,95.179558, 0.000002, 1.000000;;
                }
                Frame Armature_mixamorig_RightForeArm {
                  FrameTransformMatrix {
                     0.989372,-0.144029,-0.019958, 0.000000,
                     0.143787, 0.989522,-0.013102, 0.000000,
                     0.021636, 0.010093, 0.999715, 0.000000,
                    -0.000021,207.296677, 0.000056, 1.000000;;
                  }
                  Frame Armature_mixamorig_RightHand {
                    FrameTransformMatrix {
                       0.890847, 0.106503,-0.441643, 0.000000,
                      -0.244938, 0.931337,-0.269476, 0.000000,
                       0.382618, 0.348237, 0.855765, 0.000000,
                      -0.000004,263.733948, 0.000070, 1.000000;;
                    }
                    Frame Armature_mixamorig_RightHandIndex1 {
                      FrameTransformMatrix {
                         0.922782,-0.385234,-0.008214, 0.000000,
                         0.385250, 0.921992, 0.038897, 0.000000,
                        -0.007411,-0.039058, 0.999209, 0.000000,
                        23.786850,76.789047, 0.477051, 1.000000;;
                      }
                      Frame Armature_mixamorig_RightHandIndex2 {
                        FrameTransformMatrix {
                           0.998741, 0.049693, 0.006867, 0.000000,
                          -0.049002, 0.937085, 0.345644, 0.000000,
                           0.010741,-0.345545, 0.938341, 0.000000,
                           0.003654,26.618713, 0.000031, 1.000000;;
                        }
                        Frame Armature_mixamorig_RightHandIndex3 {
                          FrameTransformMatrix {
                             0.999523, 0.030867, 0.000176, 0.000000,
                            -0.028219, 0.911456, 0.410429, 0.000000,
                             0.012508,-0.410238, 0.911892, 0.000000,
                             0.028648,24.681145, 0.000099, 1.000000;;
                          }
                        } // End of Armature_mixamorig_RightHandIndex3
                      } // End of Armature_mixamorig_RightHandIndex2
                    } // End of Armature_mixamorig_RightHandIndex1
                    Frame Armature_mixamorig_RightHandMiddle1 {
                      FrameTransformMatrix {
                         0.961014,-0.275896, 0.018253, 0.000000,
                         0.276082, 0.953843,-0.118161, 0.000000,
                         0.015190, 0.118594, 0.992827, 0.000000,
                         8.323517,77.854744, 1.195778, 1.000000;;
                      }
                      Frame Armature_mixamorig_RightHandMiddle2 {
                        FrameTransformMatrix {
                           0.999073, 0.042999, 0.001776, 0.000000,
                          -0.041619, 0.954862, 0.294121, 0.000000,
                           0.010951,-0.293922, 0.955767, 0.000000,
                           0.008316,29.184311,-0.000084, 1.000000;;
                        }
                        Frame Armature_mixamorig_RightHandMiddle3 {
                          FrameTransformMatrix {
                             0.999673, 0.025410, 0.002854, 0.000000,
                            -0.025372, 0.971860, 0.234190, 0.000000,
                             0.003177,-0.234186, 0.972187, 0.000000,
                             0.026894,28.014851,-0.000183, 1.000000;;
                          }
                        } // End of Armature_mixamorig_RightHandMiddle3
                      } // End of Armature_mixamorig_RightHandMiddle2
                    } // End of Armature_mixamorig_RightHandMiddle1
                    Frame Armature_mixamorig_RightHandPinky1 {
                      FrameTransformMatrix {
                         0.987905, 0.115717, 0.103218, 0.000000,
                        -0.147387, 0.907578, 0.393166, 0.000000,
                        -0.048183,-0.403624, 0.913655, 0.000000,
                        -23.872070,76.419754,-0.111351, 1.000000;;
                      }
                      Frame Armature_mixamorig_RightHandPinky2 {
                        FrameTransformMatrix {
                           0.999264, 0.038369, 0.000188, 0.000000,
                          -0.036736, 0.955290, 0.293381, 0.000000,
                           0.011077,-0.293171, 0.955996, 0.000000,
                           0.021063,24.380165,-0.000015, 1.000000;;
                        }
                        Frame Armature_mixamorig_RightHandPinky3 {
                          FrameTransformMatrix {
                             0.999483, 0.030743,-0.009387, 0.000000,
                            -0.020826, 0.841775, 0.539427, 0.000000,
                             0.024485,-0.538953, 0.841980, 0.000000,
                             0.034548,20.300823,-0.000099, 1.000000;;
                          }
                        } // End of Armature_mixamorig_RightHandPinky3
                      } // End of Armature_mixamorig_RightHandPinky2
                    } // End of Armature_mixamorig_RightHandPinky1
                    Frame Armature_mixamorig_RightHandRing1 {
                      FrameTransformMatrix {
                         0.999641,-0.023265,-0.013297, 0.000000,
                         0.021054, 0.988858,-0.147366, 0.000000,
                         0.016577, 0.147033, 0.988993, 0.000000,
                        -8.238144,77.654701, 0.669258, 1.000000;;
                      }
                      Frame Armature_mixamorig_RightHandRing2 {
                        FrameTransformMatrix {
                           0.998169, 0.057574, 0.018524, 0.000000,
                          -0.059827, 0.895029, 0.441977, 0.000000,
                           0.008867,-0.442276, 0.896835, 0.000000,
                           0.008972,27.434523,-0.000221, 1.000000;;
                        }
                        Frame Armature_mixamorig_RightHandRing3 {
                          FrameTransformMatrix {
                             0.999526, 0.030744, 0.001455, 0.000000,
                            -0.027397, 0.867196, 0.497213, 0.000000,
                             0.014025,-0.497017, 0.867627, 0.000000,
                             0.000534,26.051577, 0.000061, 1.000000;;
                          }
                        } // End of Armature_mixamorig_RightHandRing3
                      } // End of Armature_mixamorig_RightHandRing2
                    } // End of Armature_mixamorig_RightHandRing1
                    Frame Armature_mixamorig_RightHandThumb1 {
                      FrameTransformMatrix {
                         0.636478,-0.674008, 0.374979, 0.000000,
                         0.514748, 0.733252, 0.444269, 0.000000,
                        -0.574395,-0.089748, 0.813643, 0.000000,
                        28.496902,26.350412, 4.738655, 1.000000;;
                      }
                      Frame Armature_mixamorig_RightHandThumb2 {
                        FrameTransformMatrix {
                           0.973426, 0.188134,-0.130567, 0.000000,
                          -0.185490, 0.982117, 0.032231, 0.000000,
                           0.134296,-0.007156, 0.990915, 0.000000,
                          -0.718727,31.272469,-0.000147, 1.000000;;
                        }
                        Frame Armature_mixamorig_RightHandThumb3 {
                          FrameTransformMatrix {
                             0.981633,-0.153234, 0.113649, 0.000000,
                             0.135088, 0.978934, 0.153097, 0.000000,
                            -0.134715,-0.134933, 0.981654, 0.000000,
                            -0.909466,21.534569,-0.000045, 1.000000;;
                          }
                        } // End of Armature_mixamorig_RightHandThumb3
                      } // End of Armature_mixamorig_RightHandThumb2
                    } // End of Armature_mixamorig_RightHandThumb1
                  } // End of Armature_mixamorig_RightHand
                } // End of Armature_mixamorig_RightForeArm
              } // End of Armature_mixamorig_RightArm
            } // End of Armature_mixamorig_RightShoulder
          } // End of Armature_mixamorig_Spine2
        } // End of Armature_mixamorig_Spine1
      } // End of Armature_mixamorig_Spine
    } // End of Armature_mixamorig_Hips
  } // End of Armature
} // End of Root
AnimationSet Global {
  Animation {
    {Armature}
    AnimationKey { // Rotation
      0;
      10;
      0;4;-0.707107, 0.707107, 0.000000, 0.000000;;,
      1;4;-0.707107, 0.707107, 0.000000, 0.000000;;,
      2;4;-0.707107, 0.707107, 0.000000, 0.000000;;,
      3;4;-0.707107, 0.707107, 0.000000, 0.000000;;,
      4;4;-0.707107, 0.707107, 0.000000, 0.000000;;,
      5;4;-0.707107, 0.707107, 0.000000, 0.000000;;,
      6;4;-0.707107, 0.707107, 0.000000, 0.000000;;,
      7;4;-0.707107, 0.707107, 0.000000, 0.000000;;,
      8;4;-0.707107, 0.707107, 0.000000, 0.000000;;,
      9;4;-0.707107, 0.707107, 0.000000, 0.000000;;;
    }
    AnimationKey { // Scale
      1;
      10;
      0;3; 0.010000, 0.010000, 0.010000;;,
      1;3; 0.010000, 0.010000, 0.010000;;,
      2;3; 0.010000, 0.010000, 0.010000;;,
      3;3; 0.010000, 0.010000, 0.010000;;,
      4;3; 0.010000, 0.010000, 0.010000;;,
      5;3; 0.010000, 0.010000, 0.010000;;,
      6;3; 0.010000, 0.010000, 0.010000;;,
      7;3; 0.010000, 0.010000, 0.010000;;,
      8;3; 0.010000, 0.010000, 0.010000;;,
      9;3; 0.010000, 0.010000, 0.010000;;;
    }
    AnimationKey { // Position
      2;
      10;
      0;3; 0.000000, 0.000000, 0.000000;;,
      1;3; 0.000000, 0.000000, 0.000000;;,
      2;3; 0.000000, 0.000000, 0.000000;;,
      3;3; 0.000000, 0.000000, 0.000000;;,
      4;3; 0.000000, 0.000000, 0.000000;;,
      5;3; 0.000000, 0.000000, 0.000000;;,
      6;3; 0.000000, 0.000000, 0.000000;;,
      7;3; 0.000000, 0.000000, 0.000000;;,
      8;3; 0.000000, 0.000000, 0.000000;;,
      9;3; 0.000000, 0.000000, 0.000000;;;
    }
  }
  Animation {
    {Armature_mixamorig_Hips}
    AnimationKey { // Rotation
      0;
      10;
      0;4;-0.909487,-0.043159, 0.413036,-0.019273;;,
      1;4;-0.908330,-0.044998, 0.415374,-0.019412;;,
      2;4;-0.908440,-0.045857, 0.415001,-0.020206;;,
      3;4;-0.909579,-0.046167, 0.412408,-0.021296;;,
      4;4;-0.910842,-0.046784, 0.409487,-0.022323;;,
      5;4;-0.911467,-0.047963, 0.407915,-0.023103;;,
      6;4;-0.911442,-0.049296, 0.407788,-0.023505;;,
      7;4;-0.911311,-0.050360, 0.407939,-0.023696;;,
      8;4;-0.911644,-0.050970, 0.407133,-0.023448;;,
      9;4;-0.912580,-0.051824, 0.404961,-0.022774;;;
    }
    AnimationKey { // Scale
      1;
      10;
      0;3; 1.000000, 1.000000, 1.000000;;,
      1;3; 1.000000, 1.000000, 1.000000;;,
      2;3; 1.000000, 1.000000, 1.000000;;,
      3;3; 1.000000, 1.000000, 1.000000;;,
      4;3; 1.000000, 1.000000, 1.000000;;,
      5;3; 1.000000, 1.000000, 1.000000;;,
      6;3; 1.000000, 1.000000, 1.000000;;,
      7;3; 1.000000, 1.000000, 1.000000;;,
      8;3; 1.000000, 1.000000, 1.000000;;,
      9;3; 1.000000, 1.000000, 1.000000;;;
    }
    AnimationKey { // Position
      2;
      10;
      0;3;-216.566803,851.158813,420.583618;;,
      1;3;-216.258255,850.195435,422.198547;;,
      2;3;-215.615677,849.719849,423.328003;;,
      3;3;-214.882462,849.571228,424.069519;;,
      4;3;-214.285965,849.440186,424.686676;;,
      5;3;-214.013672,849.282959,425.353699;;,
      6;3;-214.027496,849.171997,425.911560;;,
      7;3;-214.047760,848.840088,426.043060;;,
      8;3;-214.220398,848.572510,425.726562;;,
      9;3;-214.496704,847.976746,424.916351;;;
    }
  }
  Animation {
    {Armature_mixamorig_Spine}
    AnimationKey { // Rotation
      0;
      10;
      0;4;-0.997148, 0.027186, 0.064970, 0.027139;;,
      1;4;-0.997058, 0.026689, 0.065883, 0.028674;;,
      2;4;-0.996973, 0.025262, 0.066951, 0.030401;;,
      3;4;-0.996891, 0.023605, 0.067930, 0.032204;;,
      4;4;-0.996829, 0.022652, 0.068367, 0.033838;;,
      5;4;-0.996802, 0.022638, 0.068170, 0.035015;;,
      6;4;-0.996798, 0.023262, 0.067699, 0.035631;;,
      7;4;-0.996781, 0.024115, 0.067455, 0.036003;;,
      8;4;-0.996734, 0.025234, 0.067784, 0.035911;;,
      9;4;-0.996634, 0.027386, 0.068595, 0.035583;;;
    }
    AnimationKey { // Scale
      1;
      10;
      0;3; 1.000000, 1.000000, 1.000000;;,
      1;3; 1.000000, 1.000000, 1.000000;;,
      2;3; 1.000000, 1.000000, 1.000000;;,
      3;3; 1.000000, 1.000000, 1.000000;;,
      4;3; 1.000000, 1.000000, 1.000000;;,
      5;3; 1.000000, 1.000000, 1.000000;;,
      6;3; 1.000000, 1.000000, 1.000000;;,
      7;3; 1.000000, 1.000000, 1.000000;;,
      8;3; 1.000000, 1.000000, 1.000000;;,
      9;3; 1.000000, 1.000000, 1.000000;;;
    }
    AnimationKey { // Position
      2;
      10;
      0;3; 0.000061,82.360634,-1.278290;;,
      1;3; 0.000000,82.360550,-1.278301;;,
      2;3; 0.000015,82.360695,-1.278282;;,
      3;3;-0.000015,82.360619,-1.278297;;,
      4;3;-0.000008,82.360565,-1.278328;;,
      5;3; 0.000031,82.360703,-1.278332;;,
      6;3; 0.000099,82.360573,-1.278320;;,
      7;3; 0.000000,82.360580,-1.278252;;,
      8;3; 0.000000,82.360580,-1.278236;;,
      9;3; 0.000023,82.360573,-1.278320;;;
    }
  }
  Animation {
    {Armature_mixamorig_Spine1}
    AnimationKey { // Rotation
      0;
      10;
      0;4;-0.998359, 0.013961, 0.021510, 0.051197;;,
      1;4;-0.998335, 0.013852, 0.021785, 0.051581;;,
      2;4;-0.998311, 0.013485, 0.022124, 0.052000;;,
      3;4;-0.998286, 0.013050, 0.022446, 0.052454;;,
      4;4;-0.998262, 0.012799, 0.022609, 0.052890;;,
      5;4;-0.998245, 0.012799, 0.022579, 0.053230;;,
      6;4;-0.998236, 0.012970, 0.022454, 0.053417;;,
      7;4;-0.998233, 0.013211, 0.022379, 0.053443;;,
      8;4;-0.998233, 0.013532, 0.022448, 0.053334;;,
      9;4;-0.998231, 0.014142, 0.022627, 0.053139;;;
    }
    AnimationKey { // Scale
      1;
      10;
      0;3; 1.000000, 1.000000, 1.000000;;,
      1;3; 1.000000, 1.000000, 1.000000;;,
      2;3; 1.000000, 1.000000, 1.000000;;,
      3;3; 1.000000, 1.000000, 1.000000;;,
      4;3; 1.000000, 1.000000, 1.000000;;,
      5;3; 1.000000, 1.000000, 1.000000;;,
      6;3; 1.000000, 1.000000, 1.000000;;,
      7;3; 1.000000, 1.000000, 1.000000;;,
      8;3; 1.000000, 1.000000, 1.000000;;,
      9;3; 1.000000, 1.000000, 1.000000;;;
    }
    AnimationKey { // Position
      2;
      10;
      0;3;-0.000050,96.098740, 0.000015;;,
      1;3; 0.000025,96.098717,-0.000000;;,
      2;3;-0.000025,96.098755, 0.000018;;,
      3;3; 0.000015,96.098656,-0.000007;;,
      4;3;-0.000017,96.098663, 0.000012;;,
      5;3; 0.000002,96.098755, 0.000000;;,
      6;3;-0.000011,96.098602, 0.000010;;,
      7;3; 0.000013,96.098816, 0.000011;;,
      8;3;-0.000042,96.098640, 0.000015;;,
      9;3; 0.000036,96.098709, 0.000029;;;
    }
  }
  Animation {
    {Armature_mixamorig_Spine2}
    AnimationKey { // Rotation
      0;
      10;
      0;4;-0.998311, 0.015888, 0.025228, 0.049872;;,
      1;4;-0.998286, 0.015809, 0.025523, 0.050245;;,
      2;4;-0.998261, 0.015474, 0.025907, 0.050643;;,
      3;4;-0.998235, 0.015067, 0.026283, 0.051076;;,
      4;4;-0.998212, 0.014831, 0.026484, 0.051502;;,
      5;4;-0.998194, 0.014828, 0.026465, 0.051844;;,
      6;4;-0.998185, 0.014988, 0.026330, 0.052040;;,
      7;4;-0.998183, 0.015223, 0.026233, 0.052073;;,
      8;4;-0.998182, 0.015552, 0.026266, 0.051965;;,
      9;4;-0.998179, 0.016181, 0.026379, 0.051773;;;
    }
    AnimationKey { // Scale
      1;
      10;
      0;3; 1.000000, 1.000000, 1.000000;;,
      1;3; 1.000000, 1.000000, 1.000000;;,
      2;3; 1.000000, 1.000000, 1.000000;;,
      3;3; 1.000000, 1.000000, 1.000000;;,
      4;3; 1.000000, 1.000000, 1.000000;;,
      5;3; 1.000000, 1.000000, 1.000000;;,
      6;3; 1.000000, 1.000000, 1.000000;;,
      7;3; 1.000000, 1.000000, 1.000000;;,
      8;3; 1.000000, 1.000000, 1.000000;;,
      9;3; 1.000000, 1.000000, 1.000000;;;
    }
    AnimationKey { // Position
      2;
      10;
      0;3; 0.000031,109.827621, 0.000011;;,
      1;3; 0.000031,109.827545,-0.000013;;,
      2;3; 0.000046,109.827515, 0.000010;;,
      3;3; 0.000053,109.827515, 0.000003;;,
      4;3;-0.000023,109.827507,-0.000033;;,
      5;3;-0.000008,109.827560, 0.000027;;,
      6;3; 0.000000,109.827591,-0.000009;;,
      7;3; 0.000008,109.827339, 0.000013;;,
      8;3; 0.000015,109.827568, 0.000035;;,
      9;3; 0.000015,109.827461,-0.000042;;;
    }
  }
  Animation {
    {Armature_mixamorig_Neck}
    AnimationKey { // Rotation
      0;
      10;
      0;4;-0.975592, 0.172211,-0.118134, 0.067888;;,
      1;4;-0.975460, 0.172184,-0.118599, 0.069031;;,
      2;4;-0.975366, 0.172617,-0.118859, 0.068832;;,
      3;4;-0.975394, 0.173125,-0.118900, 0.067055;;,
      4;4;-0.975567, 0.173046,-0.118769, 0.064951;;,
      5;4;-0.975792, 0.172311,-0.118582, 0.063859;;,
      6;4;-0.975963, 0.171352,-0.118500, 0.063980;;,
      7;4;-0.976053, 0.170486,-0.118667, 0.064596;;,
      8;4;-0.976144, 0.169556,-0.119020, 0.065031;;,
      9;4;-0.976375, 0.168061,-0.119225, 0.065055;;;
    }
    AnimationKey { // Scale
      1;
      10;
      0;3; 1.000000, 1.000000, 1.000000;;,
      1;3; 1.000000, 1.000000, 1.000000;;,
      2;3; 1.000000, 1.000000, 1.000000;;,
      3;3; 1.000000, 1.000000, 1.000000;;,
      4;3; 1.000000, 1.000000, 1.000000;;,
      5;3; 1.000000, 1.000000, 1.000000;;,
      6;3; 1.000000, 1.000000, 1.000000;;,
      7;3; 1.000000, 1.000000, 1.000000;;,
      8;3; 1.000000, 1.000000, 1.000000;;,
      9;3; 1.000000, 1.000000, 1.000000;;;
    }
    AnimationKey { // Position
      2;
      10;
      0;3; 0.000008,123.555565,-0.000023;;,
      1;3; 0.000031,123.555496, 0.000019;;,
      2;3; 0.000053,123.555756, 0.000015;;,
      3;3; 0.000008,123.555557,-0.000004;;,
      4;3; 0.000031,123.555641,-0.000004;;,
      5;3;-0.000053,123.555641, 0.000000;;,
      6;3; 0.000031,123.555458, 0.000013;;,
      7;3; 0.000069,123.555557, 0.000011;;,
      8;3;-0.000031,123.555641, 0.000008;;,
      9;3;-0.000015,123.555527, 0.000004;;;
    }
  }
  Animation {
    {Armature_mixamorig_Head}
    AnimationKey { // Rotation
      0;
      10;
      0;4;-0.902507,-0.146618,-0.404902, 0.006197;;,
      1;4;-0.901832,-0.146598,-0.406426, 0.005083;;,
      2;4;-0.901741,-0.145769,-0.406936, 0.004280;;,
      3;4;-0.902008,-0.145001,-0.406627, 0.003224;;,
      4;4;-0.902343,-0.144680,-0.406007, 0.001777;;,
      5;4;-0.902538,-0.144774,-0.405543, 0.000387;;,
      6;4;-0.902421,-0.145124,-0.405678,-0.000500;;,
      7;4;-0.901825,-0.145360,-0.406918,-0.000706;;,
      8;4;-0.900817,-0.145409,-0.409127,-0.000116;;,
      9;4;-0.899861,-0.145876,-0.411058, 0.001091;;;
    }
    AnimationKey { // Scale
      1;
      10;
      0;3; 1.000000, 1.000000, 1.000000;;,
      1;3; 1.000000, 1.000000, 1.000000;;,
      2;3; 1.000000, 1.000000, 1.000000;;,
      3;3; 1.000000, 1.000000, 1.000000;;,
      4;3; 1.000000, 1.000000, 1.000000;;,
      5;3; 1.000000, 1.000000, 1.000000;;,
      6;3; 1.000000, 1.000000, 1.000000;;,
      7;3; 1.000000, 1.000000, 1.000000;;,
      8;3; 1.000000, 1.000000, 1.000000;;,
      9;3; 1.000000, 1.000000, 1.000000;;;
    }
    AnimationKey { // Position
      2;
      10;
      0;3;-0.000046,108.817368,-2.669861;;,
      1;3;-0.000061,108.817291,-2.669922;;,
      2;3;-0.000046,108.817307,-2.669800;;,
      3;3; 0.000046,108.817337,-2.669922;;,
      4;3; 0.000061,108.817421,-2.669952;;,
      5;3;-0.000015,108.817352,-2.669907;;,
      6;3;-0.000015,108.817268,-2.669922;;,
      7;3; 0.000046,108.817291,-2.669769;;,
      8;3; 0.000015,108.817429,-2.669952;;,
      9;3;-0.000031,108.817360,-2.669891;;;
    }
  }
  Animation {
    {Armature_mixamorig_LeftShoulder}
    AnimationKey { // Rotation
      0;
      10;
      0;4;-0.399353, 0.698422, 0.314882,-0.503560;;,
      1;4;-0.399739, 0.697708, 0.315980,-0.503556;;,
      2;4;-0.399962, 0.697279, 0.316636,-0.503561;;,
      3;4;-0.400044, 0.697058, 0.316963,-0.503596;;,
      4;4;-0.400085, 0.696828, 0.317290,-0.503676;;,
      5;4;-0.400153, 0.696522, 0.317728,-0.503769;;,
      6;4;-0.400238, 0.696281, 0.318083,-0.503811;;,
      7;4;-0.400304, 0.696192, 0.318226,-0.503792;;,
      8;4;-0.400358, 0.696121, 0.318339,-0.503775;;,
      9;4;-0.400451, 0.695850, 0.318736,-0.503824;;;
    }
    AnimationKey { // Scale
      1;
      10;
      0;3; 1.000000, 1.000000, 1.000000;;,
      1;3; 1.000000, 1.000000, 1.000000;;,
      2;3; 1.000000, 1.000000, 1.000000;;,
      3;3; 1.000000, 1.000000, 1.000000;;,
      4;3; 1.000000, 1.000000, 1.000000;;,
      5;3; 1.000000, 1.000000, 1.000000;;,
      6;3; 1.000000, 1.000000, 1.000000;;,
      7;3; 1.000000, 1.000000, 1.000000;;,
      8;3; 1.000000, 1.000000, 1.000000;;,
      9;3; 1.000000, 1.000000, 1.000000;;;
    }
    AnimationKey { // Position
      2;
      10;
      0;3;45.514481,109.232666, 0.066494;;,
      1;3;45.514511,109.232536, 0.066536;;,
      2;3;45.514511,109.232605, 0.066517;;,
      3;3;45.514481,109.232552, 0.066490;;,
      4;3;45.514511,109.232559, 0.066490;;,
      5;3;45.514435,109.232498, 0.066509;;,
      6;3;45.514481,109.232468, 0.066500;;,
      7;3;45.514519,109.232574, 0.066509;;,
      8;3;45.514458,109.232635, 0.066494;;,
      9;3;45.514481,109.232513, 0.066509;;;
    }
  }
  Animation {
    {Armature_mixamorig_LeftArm}
    AnimationKey { // Rotation
      0;
      10;
      0;4;-0.884665, 0.152248, 0.310452, 0.312743;;,
      1;4;-0.887117, 0.154617, 0.304813, 0.310171;;,
      2;4;-0.889512, 0.157353, 0.299646, 0.306954;;,
      3;4;-0.891857, 0.159649, 0.295590, 0.302869;;,
      4;4;-0.893695, 0.160158, 0.293017, 0.299666;;,
      5;4;-0.894777, 0.158836, 0.291245, 0.298866;;,
      6;4;-0.895456, 0.157253, 0.288756, 0.300084;;,
      7;4;-0.896226, 0.156911, 0.284737, 0.301798;;,
      8;4;-0.897244, 0.157522, 0.279857, 0.303017;;,
      9;4;-0.898368, 0.157532, 0.275114, 0.304024;;;
    }
    AnimationKey { // Scale
      1;
      10;
      0;3; 1.000000, 1.000000, 1.000000;;,
      1;3; 1.000000, 1.000000, 1.000000;;,
      2;3; 1.000000, 1.000000, 1.000000;;,
      3;3; 1.000000, 1.000000, 1.000000;;,
      4;3; 1.000000, 1.000000, 1.000000;;,
      5;3; 1.000000, 1.000000, 1.000000;;,
      6;3; 1.000000, 1.000000, 1.000000;;,
      7;3; 1.000000, 1.000000, 1.000000;;,
      8;3; 1.000000, 1.000000, 1.000000;;,
      9;3; 1.000000, 1.000000, 1.000000;;;
    }
    AnimationKey { // Position
      2;
      10;
      0;3;-0.000019,95.179619, 0.000042;;,
      1;3;-0.000008,95.179588,-0.000118;;,
      2;3;-0.000011,95.179611,-0.000008;;,
      3;3; 0.000006,95.179665,-0.000034;;,
      4;3; 0.000023,95.179626,-0.000031;;,
      5;3; 0.000011,95.179657, 0.000027;;,
      6;3;-0.000032,95.179611,-0.000107;;,
      7;3; 0.000004,95.179649,-0.000042;;,
      8;3; 0.000027,95.179619,-0.000011;;,
      9;3;-0.000038,95.179535, 0.000118;;;
    }
  }
  Animation {
    {Armature_mixamorig_LeftForeArm}
    AnimationKey { // Rotation
      0;
      10;
      0;4;-0.829715,-0.088507,-0.007124, 0.551080;;,
      1;4;-0.831748,-0.088025,-0.007141, 0.548083;;,
      2;4;-0.834022,-0.087483,-0.007161, 0.544705;;,
      3;4;-0.835631,-0.087096,-0.007175, 0.542295;;,
      4;4;-0.836795,-0.086814,-0.007185, 0.540543;;,
      5;4;-0.838172,-0.086480,-0.007196, 0.538458;;,
      6;4;-0.839808,-0.086080,-0.007210, 0.535967;;,
      7;4;-0.840987,-0.085790,-0.007221, 0.534163;;,
      8;4;-0.840920,-0.085806,-0.007220, 0.534264;;,
      9;4;-0.839581,-0.086135,-0.007208, 0.536314;;;
    }
    AnimationKey { // Scale
      1;
      10;
      0;3; 1.000000, 1.000000, 1.000000;;,
      1;3; 1.000000, 1.000000, 1.000000;;,
      2;3; 1.000000, 1.000000, 1.000000;;,
      3;3; 1.000000, 1.000000, 1.000000;;,
      4;3; 1.000000, 1.000000, 1.000000;;,
      5;3; 1.000000, 1.000000, 1.000000;;,
      6;3; 1.000000, 1.000000, 1.000000;;,
      7;3; 1.000000, 1.000000, 1.000000;;,
      8;3; 1.000000, 1.000000, 1.000000;;,
      9;3; 1.000000, 1.000000, 1.000000;;;
    }
    AnimationKey { // Position
      2;
      10;
      0;3; 0.000002,207.294388, 0.000019;;,
      1;3;-0.000027,207.294357,-0.000080;;,
      2;3;-0.000002,207.294266,-0.000038;;,
      3;3; 0.000013,207.294357, 0.000073;;,
      4;3; 0.000012,207.294449,-0.000039;;,
      5;3;-0.000031,207.294266, 0.000027;;,
      6;3;-0.000009,207.294250, 0.000021;;,
      7;3;-0.000015,207.294388,-0.000011;;,
      8;3; 0.000040,207.294266,-0.000012;;,
      9;3;-0.000008,207.294220, 0.000039;;;
    }
  }
  Animation {
    {Armature_mixamorig_LeftHand}
    AnimationKey { // Rotation
      0;
      10;
      0;4;-0.990838,-0.014094, 0.132740, 0.020545;;,
      1;4;-0.991293,-0.013237, 0.129340, 0.020853;;,
      2;4;-0.991717,-0.010702, 0.126353, 0.020443;;,
      3;4;-0.992134,-0.006933, 0.123515, 0.019130;;,
      4;4;-0.992621,-0.002938, 0.119966, 0.017384;;,
      5;4;-0.993143, 0.000974, 0.115800, 0.016039;;,
