xof 0303txt 0032

template XSkinMeshHeader {
  <3cf169ce-ff7c-44ab-93c0-f78f62d172e2>
  WORD nMaxSkinWeightsPerVertex;
  WORD nMaxSkinWeightsPerFace;
  WORD nBones;
}

template SkinWeights {
  <6f0d123b-bad2-4167-a0d0-80224f25fabb>
  STRING transformNodeName;
  DWORD nWeights;
  array DWORD vertexIndices[nWeights];
  array float weights[nWeights];
  Matrix4x4 matrixOffset;
}

Frame Root {
  FrameTransformMatrix {
     1.000000, 0.000000, 0.000000, 0.000000,
     0.000000,-0.000000,-1.000000, 0.000000,
     0.000000, 1.000000,-0.000000, 0.000000,
     0.000000, 0.000000, 0.000000, 1.000000;;
  }
  Frame Armature {
    FrameTransformMatrix {
       0.010000, 0.000000, 0.000000, 0.000000,
       0.000000,-0.000000, 0.010000, 0.000000,
       0.000000,-0.010000,-0.000000, 0.000000,
       0.000000, 0.000000, 0.000000, 1.000000;;
    }
    Frame Armature_mixamorig_Hips {
      FrameTransformMatrix {
         0.658060,-0.070710,-0.749638, 0.000000,
        -0.000595, 0.995532,-0.094427, 0.000000,
         0.752965, 0.062585, 0.655078, 0.000000,
        -216.566803,851.158813,420.583618, 1.000000;;
      }
      Frame Armature_mixamorig_LeftUpLeg {
        FrameTransformMatrix {
          -0.875652,-0.150110, 0.459020, 0.000000,
           0.330517,-0.879279, 0.342968, 0.000000,
           0.352124, 0.452034, 0.819556, 0.000000,
          93.699738,-45.665943,12.677418, 1.000000;;
        }
        Frame Armature_mixamorig_LeftLeg {
          FrameTransformMatrix {
             0.978046, 0.191650,-0.081826, 0.000000,
            -0.206007, 0.830029,-0.518279, 0.000000,
            -0.031410, 0.523757, 0.851288, 0.000000,
            -0.000007,391.884064, 0.000042, 1.000000;;
          }
          Frame Armature_mixamorig_LeftFoot {
            FrameTransformMatrix {
               0.918212,-0.252209,-0.305413, 0.000000,
               0.394595, 0.515553, 0.760592, 0.000000,
              -0.034372,-0.818899, 0.572908, 0.000000,
              -0.000035,357.861572,-0.000001, 1.000000;;
            }
            Frame Armature_mixamorig_LeftToeBase {
              FrameTransformMatrix {
                 0.999999,-0.001250,-0.000867, 0.000000,
                 0.001506, 0.732029, 0.681272, 0.000000,
                -0.000217,-0.681272, 0.732030, 0.000000,
                 0.000047,154.092468, 0.000000, 1.000000;;
              }
            } // End of Armature_mixamorig_LeftToeBase
          } // End of Armature_mixamorig_LeftFoot
        } // End of Armature_mixamorig_LeftLeg
      } // End of Armature_mixamorig_LeftUpLeg
      Frame Armature_mixamorig_RightUpLeg {
        FrameTransformMatrix {
          -0.901353, 0.153709,-0.404799, 0.000000,
          -0.124678,-0.987415,-0.097292, 0.000000,
          -0.414685,-0.037226, 0.909203, 0.000000,
          -93.699631,-45.665989,13.235928, 1.000000;;
        }
        Frame Armature_mixamorig_RightLeg {
          FrameTransformMatrix {
             0.962763,-0.142950,-0.229464, 0.000000,
             0.021318, 0.886269,-0.462680, 0.000000,
             0.269507, 0.440559, 0.856314, 0.000000,
             0.000053,391.883118, 0.000061, 1.000000;;
          }
          Frame Armature_mixamorig_RightFoot {
            FrameTransformMatrix {
               0.934646, 0.330907,-0.130145, 0.000000,
               0.001446, 0.362467, 0.931996, 0.000000,
               0.355577,-0.871274, 0.338299, 0.000000,
              -0.000015,357.860779,-0.000029, 1.000000;;
            }
            Frame Armature_mixamorig_RightToeBase {
              FrameTransformMatrix {
                 0.999998, 0.001823,-0.000890, 0.000000,
                -0.000693, 0.719351, 0.694647, 0.000000,
                 0.001907,-0.694645, 0.719350, 0.000000,
                -0.000002,154.509140, 0.000020, 1.000000;;
              }
            } // End of Armature_mixamorig_RightToeBase
          } // End of Armature_mixamorig_RightFoot
        } // End of Armature_mixamorig_RightLeg
      } // End of Armature_mixamorig_RightUpLeg
      Frame Armature_mixamorig_Spine {
        FrameTransformMatrix {
           0.990085, 0.057655,-0.128093, 0.000000,
          -0.050590, 0.997049, 0.057744, 0.000000,
           0.131044,-0.050691, 0.990080, 0.000000,
           0.000061,82.360634,-1.278290, 1.000000;;
        }
        Frame Armature_mixamorig_Spine1 {
          FrameTransformMatrix {
             0.993832, 0.102826,-0.041520, 0.000000,
            -0.101625, 0.994368, 0.030078, 0.000000,
             0.044378,-0.025673, 0.998685, 0.000000,
            -0.000050,96.098740, 0.000015, 1.000000;;
          }
          Frame Armature_mixamorig_Spine2 {
            FrameTransformMatrix {
               0.993753, 0.100378,-0.048786, 0.000000,
              -0.098775, 0.994521, 0.034239, 0.000000,
               0.051955,-0.029206, 0.998222, 0.000000,
               0.000031,109.827621, 0.000011, 1.000000;;
            }
            Frame Armature_mixamorig_LeftShoulder {
              FrameTransformMatrix {
                 0.294553, 0.037645,-0.954893, 0.000000,
                 0.842037,-0.482734, 0.240710, 0.000000,
                -0.451898,-0.874958,-0.173889, 0.000000,
                45.514481,109.232666, 0.066494, 1.000000;;
              }
              Frame Armature_mixamorig_LeftArm {
                FrameTransformMatrix {
                   0.611623, 0.647877,-0.454064, 0.000000,
                  -0.458814, 0.758025, 0.463560, 0.000000,
                   0.644522,-0.075193, 0.760880, 0.000000,
                  -0.000019,95.179619, 0.000042, 1.000000;;
                }
                Frame Armature_mixamorig_LeftForeArm {
                  FrameTransformMatrix {
                     0.392520, 0.915739,-0.085727, 0.000000,
                    -0.913217, 0.376955,-0.154722, 0.000000,
                    -0.109370, 0.139019, 0.984232, 0.000000,
                     0.000002,207.294388, 0.000019, 1.000000;;
                  }
                  Frame Armature_mixamorig_LeftHand {
                    FrameTransformMatrix {
                       0.963916, 0.036972,-0.263626, 0.000000,
                      -0.044455, 0.998759,-0.022476, 0.000000,
                       0.262468, 0.033385, 0.964363, 0.000000,
                      -0.000095,263.734497, 0.000042, 1.000000;;
                    }
                    Frame Armature_mixamorig_LeftHandIndex1 {
                      FrameTransformMatrix {
                         0.990517,-0.018439,-0.136149, 0.000000,
                         0.137191, 0.079224, 0.987371, 0.000000,
                        -0.007420,-0.996686, 0.081003, 0.000000,
                        -24.511337,75.786613, 0.565214, 1.000000;;
                      }
                      Frame Armature_mixamorig_LeftHandIndex2 {
                        FrameTransformMatrix {
                           0.976840,-0.109952,-0.183561, 0.000000,
                           0.107881,-0.487778, 0.866276, 0.000000,
                          -0.184786,-0.866015,-0.464620, 0.000000,
                           0.000336,26.545242,-0.000063, 1.000000;;
                        }
                        Frame Armature_mixamorig_LeftHandIndex3 {
                          FrameTransformMatrix {
                             0.977425,-0.114434,-0.177609, 0.000000,
                             0.103357,-0.474204, 0.874327, 0.000000,
                            -0.184276,-0.872946,-0.451671, 0.000000,
                             0.002716,24.502014,-0.000031, 1.000000;;
                          }
                        } // End of Armature_mixamorig_LeftHandIndex3
                      } // End of Armature_mixamorig_LeftHandIndex2
                    } // End of Armature_mixamorig_LeftHandIndex1
                    Frame Armature_mixamorig_LeftHandMiddle1 {
                      FrameTransformMatrix {
                         0.993557,-0.017654,-0.111948, 0.000000,
                         0.112785, 0.057078, 0.991979, 0.000000,
                        -0.011122,-0.998214, 0.058702, 0.000000,
                        -8.187996,75.844948, 0.198149, 1.000000;;
                      }
                      Frame Armature_mixamorig_LeftHandMiddle2 {
                        FrameTransformMatrix {
                           0.977908,-0.120714,-0.170657, 0.000000,
                           0.116123,-0.365125, 0.923688, 0.000000,
                          -0.173813,-0.923099,-0.343041, 0.000000,
                           0.001511,29.472185, 0.000036, 1.000000;;
                        }
                        Frame Armature_mixamorig_LeftHandMiddle3 {
                          FrameTransformMatrix {
                             0.974462,-0.110175,-0.195666, 0.000000,
                             0.108838,-0.530433, 0.840711, 0.000000,
                            -0.196413,-0.840537,-0.504896, 0.000000,
                             0.000622,28.342836, 0.000007, 1.000000;;
                          }
                        } // End of Armature_mixamorig_LeftHandMiddle3
                      } // End of Armature_mixamorig_LeftHandMiddle2
                    } // End of Armature_mixamorig_LeftHandMiddle1
                    Frame Armature_mixamorig_LeftHandPinky1 {
                      FrameTransformMatrix {
                         0.999726,-0.009261,-0.021508, 0.000000,
                         0.020781,-0.072529, 0.997150, 0.000000,
                        -0.010795,-0.997323,-0.072317, 0.000000,
                        24.290359,76.103607, 0.055084, 1.000000;;
                      }
                      Frame Armature_mixamorig_LeftHandPinky2 {
                        FrameTransformMatrix {
                           0.990918,-0.042232,-0.127662, 0.000000,
                           0.119102,-0.165038, 0.979070, 0.000000,
                          -0.062417,-0.985383,-0.158509, 0.000000,
                           0.000107,24.886036, 0.000032, 1.000000;;
                        }
                        Frame Armature_mixamorig_LeftHandPinky3 {
                          FrameTransformMatrix {
                             0.974750,-0.058640,-0.215460, 0.000000,
                             0.075588,-0.821288, 0.565485, 0.000000,
                            -0.210114,-0.567492,-0.796118, 0.000000,
                             0.002312,20.427612, 0.000168, 1.000000;;
                          }
                        } // End of Armature_mixamorig_LeftHandPinky3
                      } // End of Armature_mixamorig_LeftHandPinky2
                    } // End of Armature_mixamorig_LeftHandPinky1
                    Frame Armature_mixamorig_LeftHandRing1 {
                      FrameTransformMatrix {
                         0.998301,-0.014912,-0.056325, 0.000000,
                         0.056429, 0.006630, 0.998385, 0.000000,
                        -0.014514,-0.999867, 0.007460, 0.000000,
                         8.409004,78.182808, 1.262859, 1.000000;;
                      }
                      Frame Armature_mixamorig_LeftHandRing2 {
                        FrameTransformMatrix {
                           0.981205,-0.111649,-0.157388, 0.000000,
                           0.116462,-0.307690, 0.944332, 0.000000,
                          -0.153861,-0.944914,-0.288904, 0.000000,
                           0.000477,27.473413, 0.000023, 1.000000;;
                        }
                        Frame Armature_mixamorig_LeftHandRing3 {
                          FrameTransformMatrix {
                             0.979965,-0.096405,-0.174281, 0.000000,
                             0.093090,-0.551880, 0.828712, 0.000000,
                            -0.176075,-0.828333,-0.531848, 0.000000,
                            -0.001984,25.445257,-0.000029, 1.000000;;
                          }
                        } // End of Armature_mixamorig_LeftHandRing3
                      } // End of Armature_mixamorig_LeftHandRing2
                    } // End of Armature_mixamorig_LeftHandRing1
                    Frame Armature_mixamorig_LeftHandThumb1 {
                      FrameTransformMatrix {
                         0.661918, 0.608651,-0.437503, 0.000000,
                        -0.409934, 0.782586, 0.468522, 0.000000,
                         0.627550,-0.130776, 0.767514, 0.000000,
                        -29.122936,26.236795, 4.867405, 1.000000;;
                      }
                      Frame Armature_mixamorig_LeftHandThumb2 {
                        FrameTransformMatrix {
                           0.737466,-0.500172, 0.453842, 0.000000,
                           0.300361, 0.844752, 0.442919, 0.000000,
                          -0.604919,-0.190321, 0.773208, 0.000000,
                           1.230911,31.575640, 0.000052, 1.000000;;
                        }
                        Frame Armature_mixamorig_LeftHandThumb3 {
                          FrameTransformMatrix {
                            -0.033672,-0.999350,-0.012908, 0.000000,
                             0.965062,-0.035869, 0.259554, 0.000000,
                            -0.259848,-0.003718, 0.965642, 0.000000,
                             1.621616,21.556313, 0.000020, 1.000000;;
                          }
                        } // End of Armature_mixamorig_LeftHandThumb3
                      } // End of Armature_mixamorig_LeftHandThumb2
                    } // End of Armature_mixamorig_LeftHandThumb1
                  } // End of Armature_mixamorig_LeftHand
                } // End of Armature_mixamorig_LeftForeArm
              } // End of Armature_mixamorig_LeftArm
            } // End of Armature_mixamorig_LeftShoulder
            Frame Armature_mixamorig_Neck {
              FrameTransformMatrix {
                 0.962871, 0.091774, 0.253883, 0.000000,
                -0.173150, 0.931469, 0.319976, 0.000000,
                -0.207119,-0.352056, 0.912775, 0.000000,
                 0.000008,123.555565,-0.000023, 1.000000;;
              }
              Frame Armature_mixamorig_Head {
                FrameTransformMatrix {
                   0.672032, 0.129918, 0.729037, 0.000000,
                   0.107546, 0.956929,-0.269666, 0.000000,
                  -0.732671, 0.259629, 0.629115, 0.000000,
                  -0.000046,108.817368,-2.669861, 1.000000;;
                }
              } // End of Armature_mixamorig_Head
            } // End of Armature_mixamorig_Neck
            Frame Armature_mixamorig_RightShoulder {
              FrameTransformMatrix {
                 0.101654,-0.127107, 0.986666, 0.000000,
                -0.994551,-0.036061, 0.097820, 0.000000,
                 0.023146,-0.991233,-0.130080, 0.000000,
                -45.514465,109.241852,-0.510990, 1.000000;;
              }
              Frame Armature_mixamorig_RightArm {
                FrameTransformMatrix {
                   0.858117,-0.511561,-0.044050, 0.000000,
                   0.480583, 0.830424,-0.281844, 0.000000,
                   0.180761, 0.220685, 0.958448, 0.000000,
                  -0.000031,95.179558, 0.000002, 1.000000;;
                }
                Frame Armature_mixamorig_RightForeArm {
                  FrameTransformMatrix {
                     0.989372,-0.144029,-0.019958, 0.000000,
                     0.143787, 0.989522,-0.013102, 0.000000,
                     0.021636, 0.010093, 0.999715, 0.000000,
                    -0.000021,207.296677, 0.000056, 1.000000;;
                  }
                  Frame Armature_mixamorig_RightHand {
                    FrameTransformMatrix {
                       0.890847, 0.106503,-0.441643, 0.000000,
                      -0.244938, 0.931337,-0.269476, 0.000000,
                       0.382618, 0.348237, 0.855765, 0.000000,
                      -0.000004,263.733948, 0.000070, 1.000000;;
                    }
                    Frame Armature_mixamorig_RightHandIndex1 {
                      FrameTransformMatrix {
                         0.922782,-0.385234,-0.008214, 0.000000,
                         0.385250, 0.921992, 0.038897, 0.000000,
                        -0.007411,-0.039058, 0.999209, 0.000000,
                        23.786850,76.789047, 0.477051, 1.000000;;
                      }
                      Frame Armature_mixamorig_RightHandIndex2 {
                        FrameTransformMatrix {
                           0.998741, 0.049693, 0.006867, 0.000000,
                          -0.049002, 0.937085, 0.345644, 0.000000,
                           0.010741,-0.345545, 0.938341, 0.000000,
                           0.003654,26.618713, 0.000031, 1.000000;;
                        }
                        Frame Armature_mixamorig_RightHandIndex3 {
                          FrameTransformMatrix {
                             0.999523, 0.030867, 0.000176, 0.000000,
                            -0.028219, 0.911456, 0.410429, 0.000000,
                             0.012508,-0.410238, 0.911892, 0.000000,
                             0.028648,24.681145, 0.000099, 1.000000;;
                          }
                        } // End of Armature_mixamorig_RightHandIndex3
                      } // End of Armature_mixamorig_RightHandIndex2
                    } // End of Armature_mixamorig_RightHandIndex1
                    Frame Armature_mixamorig_RightHandMiddle1 {
                      FrameTransformMatrix {
                         0.961014,-0.275896, 0.018253, 0.000000,
                         0.276082, 0.953843,-0.118161, 0.000000,
                         0.015190, 0.118594, 0.992827, 0.000000,
                         8.323517,77.854744, 1.195778, 1.000000;;
                      }
                      Frame Armature_mixamorig_RightHandMiddle2 {
                        FrameTransformMatrix {
                           0.999073, 0.042999, 0.001776, 0.000000,
                          -0.041619, 0.954862, 0.294121, 0.000000,
                           0.010951,-0.293922, 0.955767, 0.000000,
                           0.008316,29.184311,-0.000084, 1.000000;;
                        }
                        Frame Armature_mixamorig_RightHandMiddle3 {
                          FrameTransformMatrix {
                             0.999673, 0.025410, 0.002854, 0.000000,
                            -0.025372, 0.971860, 0.234190, 0.000000,
                             0.003177,-0.234186, 0.972187, 0.000000,
                             0.026894,28.014851,-0.000183, 1.000000;;
                          }
                        } // End of Armature_mixamorig_RightHandMiddle3
                      } // End of Armature_mixamorig_RightHandMiddle2
                    } // End of Armature_mixamorig_RightHandMiddle1
                    Frame Armature_mixamorig_RightHandPinky1 {
                      FrameTransformMatrix {
                         0.987905, 0.115717, 0.103218, 0.000000,
                        -0.147387, 0.907578, 0.393166, 0.000000,
                        -0.048183,-0.403624, 0.913655, 0.000000,
                        -23.872070,76.419754,-0.111351, 1.000000;;
                      }
                      Frame Armature_mixamorig_RightHandPinky2 {
                        FrameTransformMatrix {
                           0.999264, 0.038369, 0.000188, 0.000000,
                          -0.036736, 0.955290, 0.293381, 0.000000,
                           0.011077,-0.293171, 0.955996, 0.000000,
                           0.021063,24.380165,-0.000015, 1.000000;;
                        }
                        Frame Armature_mixamorig_RightHandPinky3 {
                          FrameTransformMatrix {
                             0.999483, 0.030743,-0.009387, 0.000000,
                            -0.020826, 0.841775, 0.539427, 0.000000,
                             0.024485,-0.538953, 0.841980, 0.000000,
                             0.034548,20.300823,-0.000099, 1.000000;;
                          }
                        } // End of Armature_mixamorig_RightHandPinky3
                      } // End of Armature_mixamorig_RightHandPinky2
                    } // End of Armature_mixamorig_RightHandPinky1
                    Frame Armature_mixamorig_RightHandRing1 {
                      FrameTransformMatrix {
                         0.999641,-0.023265,-0.013297, 0.000000,
                         0.021054, 0.988858,-0.147366, 0.000000,
                         0.016577, 0.147033, 0.988993, 0.000000,
                        -8.238144,77.654701, 0.669258, 1.000000;;
                      }
                      Frame Armature_mixamorig_RightHandRing2 {
                        FrameTransformMatrix {
                           0.998169, 0.057574, 0.018524, 0.000000,
                          -0.059827, 0.895029, 0.441977, 0.000000,
                           0.008867,-0.442276, 0.896835, 0.000000,
                           0.008972,27.434523,-0.000221, 1.000000;;
                        }
                        Frame Armature_mixamorig_RightHandRing3 {
                          FrameTransformMatrix {
                             0.999526, 0.030744, 0.001455, 0.000000,
                            -0.027397, 0.867196, 0.497213, 0.000000,
                             0.014025,-0.497017, 0.867627, 0.000000,
                             0.000534,26.051577, 0.000061, 1.000000;;
                          }
                        } // End of Armature_mixamorig_RightHandRing3
                      } // End of Armature_mixamorig_RightHandRing2
                    } // End of Armature_mixamorig_RightHandRing1
                    Frame Armature_mixamorig_RightHandThumb1 {
                      FrameTransformMatrix {
                         0.636478,-0.674008, 0.374979, 0.000000,
                         0.514748, 0.733252, 0.444269, 0.000000,
                        -0.574395,-0.089748, 0.813643, 0.000000,
                        28.496902,26.350412, 4.738655, 1.000000;;
                      }
                      Frame Armature_mixamorig_RightHandThumb2 {
                        FrameTransformMatrix {
                           0.973426, 0.188134,-0.130567, 0.000000,
                          -0.185490, 0.982117, 0.032231, 0.000000,
                           0.134296,-0.007156, 0.990915, 0.000000,
                          -0.718727,31.272469,-0.000147, 1.000000;;
                        }
                        Frame Armature_mixamorig_RightHandThumb3 {
                          FrameTransformMatrix {
                             0.981633,-0.153234, 0.113649, 0.000000,
                             0.135088, 0.978934, 0.153097, 0.000000,
                            -0.134715,-0.134933, 0.981654, 0.000000,
                            -0.909466,21.534569,-0.000045, 1.000000;;
                          }
                        } // End of Armature_mixamorig_RightHandThumb3
                      } // End of Armature_mixamorig_RightHandThumb2
                    } // End of Armature_mixamorig_RightHandThumb1
                  } // End of Armature_mixamorig_RightHand
                } // End of Armature_mixamorig_RightForeArm
              } // End of Armature_mixamorig_RightArm
            } // End of Armature_mixamorig_RightShoulder
          } // End of Armature_mixamorig_Spine2
        } // End of Armature_mixamorig_Spine1
      } // End of Armature_mixamorig_Spine
    } // End of Armature_mixamorig_Hips
  } // End of Armature
} // End of Root
AnimationSet Global {
  Animation {
    {Armature}
    AnimationKey { // Rotation
      0;
      32;
      0;4;-0.707107, 0.707107, 0.000000, 0.000000;;,
      1;4;-0.707107, 0.707107, 0.000000, 0.000000;;,
      2;4;-0.707107, 0.707107, 0.000000, 0.000000;;,
      3;4;-0.707107, 0.707107, 0.000000, 0.000000;;,
      4;4;-0.707107, 0.707107, 0.000000, 0.000000;;,
      5;4;-0.707107, 0.707107, 0.000000, 0.000000;;,
      6;4;-0.707107, 0.707107, 0.000000, 0.000000;;,
      7;4;-0.707107, 0.707107, 0.000000, 0.000000;;,
      8;4;-0.707107, 0.707107, 0.000000, 0.000000;;,
      9;4;-0.707107, 0.707107, 0.000000, 0.000000;;,
      10;4;-0.707107, 0.707107, 0.000000, 0.000000;;,
      11;4;-0.707107, 0.707107, 0.000000, 0.000000;;,
      12;4;-0.707107, 0.707107, 0.000000, 0.000000;;,
      13;4;-0.707107, 0.707107, 0.000000, 0.000000;;,
      14;4;-0.707107, 0.707107, 0.000000, 0.000000;;,
      15;4;-0.707107, 0.707107, 0.000000, 0.000000;;,
      16;4;-0.707107, 0.707107, 0.000000, 0.000000;;,
      17;4;-0.707107, 0.707107, 0.000000, 0.000000;;,
      18;4;-0.707107, 0.707107, 0.000000, 0.000000;;,
      19;4;-0.707107, 0.707107, 0.000000, 0.000000;;,
      20;4;-0.707107, 0.707107, 0.000000, 0.000000;;,
      21;4;-0.707107, 0.707107, 0.000000, 0.000000;;,
      22;4;-0.707107, 0.707107, 0.000000, 0.000000;;,
      23;4;-0.707107, 0.707107, 0.000000, 0.000000;;,
      24;4;-0.707107, 0.707107, 0.000000, 0.000000;;,
      25;4;-0.707107, 0.707107, 0.000000, 0.000000;;,
      26;4;-0.707107, 0.707107, 0.000000, 0.000000;;,
      27;4;-0.707107, 0.707107, 0.000000, 0.000000;;,
      28;4;-0.707107, 0.707107, 0.000000, 0.000000;;,
      29;4;-0.707107, 0.707107, 0.000000, 0.000000;;,
      30;4;-0.707107, 0.707107, 0.000000, 0.000000;;,
      31;4;-0.707107, 0.707107, 0.000000, 0.000000;;;
    }
    AnimationKey { // Scale
      1;
      32;
      0;3; 0.010000, 0.010000, 0.010000;;,
      1;3; 0.010000, 0.010000, 0.010000;;,
      2;3; 0.010000, 0.010000, 0.010000;;,
      3;3; 0.010000, 0.010000, 0.010000;;,
      4;3; 0.010000, 0.010000, 0.010000;;,
      5;3; 0.010000, 0.010000, 0.010000;;,
      6;3; 0.010000, 0.010000, 0.010000;;,
      7;3; 0.010000, 0.010000, 0.010000;;,
      8;3; 0.010000, 0.010000, 0.010000;;,
      9;3; 0.010000, 0.010000, 0.010000;;,
      10;3; 0.010000, 0.010000, 0.010000;;,
      11;3; 0.010000, 0.010000, 0.010000;;,
      12;3; 0.010000, 0.010000, 0.010000;;,
      13;3; 0.010000, 0.010000, 0.010000;;,
      14;3; 0.010000, 0.010000, 0.010000;;,
      15;3; 0.010000, 0.010000, 0.010000;;,
      16;3; 0.010000, 0.010000, 0.010000;;,
      17;3; 0.010000, 0.010000, 0.010000;;,
      18;3; 0.010000, 0.010000, 0.010000;;,
      19;3; 0.010000, 0.010000, 0.010000;;,
      20;3; 0.010000, 0.010000, 0.010000;;,
      21;3; 0.010000, 0.010000, 0.010000;;,
      22;3; 0.010000, 0.010000, 0.010000;;,
      23;3; 0.010000, 0.010000, 0.010000;;,
      24;3; 0.010000, 0.010000, 0.010000;;,
      25;3; 0.010000, 0.010000, 0.010000;;,
      26;3; 0.010000, 0.010000, 0.010000;;,
      27;3; 0.010000, 0.010000, 0.010000;;,
      28;3; 0.010000, 0.010000, 0.010000;;,
      29;3; 0.010000, 0.010000, 0.010000;;,
      30;3; 0.010000, 0.010000, 0.010000;;,
      31;3; 0.010000, 0.010000, 0.010000;;;
    }
    AnimationKey { // Position
      2;
      32;
      0;3; 0.000000, 0.000000, 0.000000;;,
      1;3; 0.000000, 0.000000, 0.000000;;,
      2;3; 0.000000, 0.000000, 0.000000;;,
      3;3; 0.000000, 0.000000, 0.000000;;,
      4;3; 0.000000, 0.000000, 0.000000;;,
      5;3; 0.000000, 0.000000, 0.000000;;,
      6;3; 0.000000, 0.000000, 0.000000;;,
      7;3; 0.000000, 0.000000, 0.000000;;,
      8;3; 0.000000, 0.000000, 0.000000;;,
      9;3; 0.000000, 0.000000, 0.000000;;,
      10;3; 0.000000, 0.000000, 0.000000;;,
      11;3; 0.000000, 0.000000, 0.000000;;,
      12;3; 0.000000, 0.000000, 0.000000;;,
      13;3; 0.000000, 0.000000, 0.000000;;,
      14;3; 0.000000, 0.000000, 0.000000;;,
      15;3; 0.000000, 0.000000, 0.000000;;,
      16;3; 0.000000, 0.000000, 0.000000;;,
      17;3; 0.000000, 0.000000, 0.000000;;,
      18;3; 0.000000, 0.000000, 0.000000;;,
      19;3; 0.000000, 0.000000, 0.000000;;,
      20;3; 0.000000, 0.000000, 0.000000;;,
      21;3; 0.000000, 0.000000, 0.000000;;,
      22;3; 0.000000, 0.000000, 0.000000;;,
      23;3; 0.000000, 0.000000, 0.000000;;,
      24;3; 0.000000, 0.000000, 0.000000;;,
      25;3; 0.000000, 0.000000, 0.000000;;,
      26;3; 0.000000, 0.000000, 0.000000;;,
      27;3; 0.000000, 0.000000, 0.000000;;,
      28;3; 0.000000, 0.000000, 0.000000;;,
      29;3; 0.000000, 0.000000, 0.000000;;,
      30;3; 0.000000, 0.000000, 0.000000;;,
      31;3; 0.000000, 0.000000, 0.000000;;;
    }
  }
  Animation {
    {Armature_mixamorig_Hips}
    AnimationKey { // Rotation
      0;
      32;
      0;4;-0.880378,-0.005213,-0.467685,-0.078603;;,
      1;4;-0.882161,-0.004408,-0.464284,-0.078823;;,
      2;4;-0.883954,-0.003404,-0.460815,-0.079138;;,
      3;4;-0.885430,-0.001657,-0.457818,-0.080079;;,
      4;4;-0.886838, 0.001193,-0.454749,-0.081976;;,
      5;4;-0.888679, 0.004887,-0.450624,-0.084632;;,
      6;4;-0.890978, 0.009073,-0.445389,-0.087779;;,
      7;4;-0.893232, 0.013708,-0.439930,-0.091708;;,
      8;4;-0.895050, 0.018119,-0.435076,-0.096258;;,
      9;4;-0.896536, 0.020888,-0.430920,-0.100475;;,
      10;4;-0.898279, 0.020487,-0.426786,-0.102607;;,
      11;4;-0.900797, 0.016589,-0.421708,-0.102232;;,
      12;4;-0.903889, 0.010328,-0.415506,-0.101162;;,
      13;4;-0.906729, 0.003109,-0.409249,-0.101726;;,
      14;4;-0.908922,-0.005169,-0.403962,-0.103193;;,
      15;4;-0.911256,-0.014932,-0.398380,-0.103355;;,
      16;4;-0.918387,-0.029345,-0.380692,-0.103813;;,
      17;4;-0.929865,-0.037411,-0.349383,-0.109009;;,
      18;4;-0.944030,-0.043494,-0.307458,-0.111289;;,
      19;4;-0.960655,-0.050104,-0.250607,-0.108752;;,
      20;4;-0.977457,-0.058477,-0.174012,-0.104297;;,
      21;4;-0.989857,-0.068620,-0.075620,-0.098774;;,
      22;4;-0.992622,-0.076886, 0.034098,-0.087340;;,
      23;4;-0.985190,-0.079724, 0.135353,-0.068737;;,
      24;4;-0.973019,-0.076239, 0.211918,-0.050124;;,
      25;4;-0.962674,-0.067282, 0.259149,-0.039670;;,
      26;4;-0.953987,-0.058315, 0.292250,-0.033148;;,
      27;4;-0.943435,-0.053369, 0.326091,-0.027346;;,
      28;4;-0.931527,-0.048002, 0.359770,-0.022788;;,
      29;4;-0.920633,-0.041454, 0.387753,-0.019101;;,
      30;4;-0.913367,-0.040213, 0.404676,-0.019528;;,
      31;4;-0.909487,-0.043159, 0.413036,-0.019273;;;
    }
    AnimationKey { // Scale
      1;
      32;
      0;3; 1.000000, 1.000000, 1.000000;;,
      1;3; 1.000000, 1.000000, 1.000000;;,
      2;3; 1.000000, 1.000000, 1.000000;;,
      3;3; 1.000000, 1.000000, 1.000000;;,
      4;3; 1.000000, 1.000000, 1.000000;;,
      5;3; 1.000000, 1.000000, 1.000000;;,
      6;3; 1.000000, 1.000000, 1.000000;;,
      7;3; 1.000000, 1.000000, 1.000000;;,
      8;3; 1.000000, 1.000000, 1.000000;;,
      9;3; 1.000000, 1.000000, 1.000000;;,
      10;3; 1.000000, 1.000000, 1.000000;;,
      11;3; 1.000000, 1.000000, 1.000000;;,
      12;3; 1.000000, 1.000000, 1.000000;;,
      13;3; 1.000000, 1.000000, 1.000000;;,
      14;3; 1.000000, 1.000000, 1.000000;;,
      15;3; 1.000000, 1.000000, 1.000000;;,
      16;3; 1.000000, 1.000000, 1.000000;;,
      17;3; 1.000000, 1.000000, 1.000000;;,
      18;3; 1.000000, 1.000000, 1.000000;;,
      19;3; 1.000000, 1.000000, 1.000000;;,
      20;3; 1.000000, 1.000000, 1.000000;;,
      21;3; 1.000000, 1.000000, 1.000000;;,
      22;3; 1.000000, 1.000000, 1.000000;;,
      23;3; 1.000000, 1.000000, 1.000000;;,
      24;3; 1.000000, 1.000000, 1.000000;;,
      25;3; 1.000000, 1.000000, 1.000000;;,
      26;3; 1.000000, 1.000000, 1.000000;;,
      27;3; 1.000000, 1.000000, 1.000000;;,
      28;3; 1.000000, 1.000000, 1.000000;;,
      29;3; 1.000000, 1.000000, 1.000000;;,
      30;3; 1.000000, 1.000000, 1.000000;;,
      31;3; 1.000000, 1.000000, 1.000000;;;
    }
    AnimationKey { // Position
      2;
      32;
      0;3;17.557522,724.831116,13.606383;;,
      1;3;15.488384,727.239136,13.616526;;,
      2;3;13.138439,729.843262,13.968680;;,
      3;3;10.673697,732.223755,15.023603;;,
      4;3; 8.375681,734.062866,17.230331;;,
      5;3; 6.467801,735.451904,20.929670;;,
      6;3; 4.935441,736.885010,26.493677;;,
      7;3; 3.787245,738.631775,34.592205;;,
      8;3; 3.166931,741.144226,45.829376;;,
      9;3; 3.375854,744.105835,60.922127;;,
      10;3; 4.390950,747.099854,79.948311;;,
      11;3; 5.866580,750.020935,101.866631;;,
      12;3; 7.662674,752.895386,124.605118;;,
      13;3;10.179775,755.939392,146.354935;;,
      14;3;13.383297,758.814087,165.725906;;,
      15;3;15.968033,760.692444,182.098343;;,
      16;3;16.053841,761.761658,203.486755;;,
      17;3;11.883264,763.826904,221.368988;;,
      18;3; 5.111691,769.987122,236.311844;;,
      19;3;-4.792409,776.596863,249.384949;;,
      20;3;-19.380943,780.423157,262.668427;;,
      21;3;-39.339951,783.528809,277.997070;;,
      22;3;-65.242363,789.696533,296.471283;;,
      23;3;-95.313354,799.074280,317.977997;;,
      24;3;-125.852531,809.876831,339.952026;;,
      25;3;-153.398849,820.009583,358.614532;;,
      26;3;-175.477524,828.512817,373.083099;;,
      27;3;-192.243713,837.568420,385.990479;;,
      28;3;-204.795929,846.409119,398.961090;;,
      29;3;-212.979965,852.907898,410.025879;;,
      30;3;-215.824036,852.795288,416.720795;;,
      31;3;-216.566803,851.158813,420.583618;;;
    }
  }
  Animation {
    {Armature_mixamorig_Spine}
    AnimationKey { // Rotation
      0;
      32;
      0;4;-0.984915, 0.170557,-0.027328, 0.010265;;,
      1;4;-0.985118, 0.169193,-0.028510, 0.010149;;,
      2;4;-0.985394, 0.167485,-0.029153, 0.009857;;,
      3;4;-0.985737, 0.165455,-0.029054, 0.010116;;,
      4;4;-0.986091, 0.163252,-0.028975, 0.011574;;,
      5;4;-0.986386, 0.161129,-0.029645, 0.014192;;,
      6;4;-0.986657, 0.158899,-0.030693, 0.017805;;,
      7;4;-0.987014, 0.155900,-0.031271, 0.022810;;,
      8;4;-0.987515, 0.151657,-0.031345, 0.028828;;,
      9;4;-0.988154, 0.146148,-0.031738, 0.034436;;,
      10;4;-0.988945, 0.139583,-0.033275, 0.037383;;,
      11;4;-0.989829, 0.132672,-0.035757, 0.036855;;,
      12;4;-0.990562, 0.127061,-0.038094, 0.034528;;,
      13;4;-0.990835, 0.124885,-0.039640, 0.032835;;,
      14;4;-0.990583, 0.126984,-0.041004, 0.030647;;,
      15;4;-0.990037, 0.131593,-0.043365, 0.025108;;,
      16;4;-0.989168, 0.137225,-0.050080, 0.014428;;,
      17;4;-0.988842, 0.137637,-0.055948, 0.010843;;,
      18;4;-0.989000, 0.135899,-0.057909, 0.007560;;,
      19;4;-0.989329, 0.133619,-0.057934, 0.004149;;,
      20;4;-0.989769, 0.131484,-0.055130, 0.005526;;,
      21;4;-0.990425, 0.128742,-0.047906, 0.013745;;,
      22;4;-0.991677, 0.121892,-0.035015, 0.022194;;,
      23;4;-0.993458, 0.110144,-0.016667, 0.025136;;,
      24;4;-0.995198, 0.094304, 0.008635, 0.024774;;,
      25;4;-0.996013, 0.076977, 0.036568, 0.026381;;,
      26;4;-0.995984, 0.064143, 0.054477, 0.030567;;,
      27;4;-0.995914, 0.055983, 0.062317, 0.033741;;,
      28;4;-0.996257, 0.046188, 0.066272, 0.030773;;,
      29;4;-0.996953, 0.035225, 0.065164, 0.024435;;,
      30;4;-0.997237, 0.028404, 0.063962, 0.024903;;,
      31;4;-0.997148, 0.027186, 0.064970, 0.027139;;;
    }
    AnimationKey { // Scale
      1;
      32;
      0;3; 1.000000, 1.000000, 1.000000;;,
      1;3; 1.000000, 1.000000, 1.000000;;,
      2;3; 1.000000, 1.000000, 1.000000;;,
      3;3; 1.000000, 1.000000, 1.000000;;,
      4;3; 1.000000, 1.000000, 1.000000;;,
      5;3; 1.000000, 1.000000, 1.000000;;,
      6;3; 1.000000, 1.000000, 1.000000;;,
      7;3; 1.000000, 1.000000, 1.000000;;,
      8;3; 1.000000, 1.000000, 1.000000;;,
      9;3; 1.000000, 1.000000, 1.000000;;,
      10;3; 1.000000, 1.000000, 1.000000;;,
      11;3; 1.000000, 1.000000, 1.000000;;,
      12;3; 1.000000, 1.000000, 1.000000;;,
      13;3; 1.000000, 1.000000, 1.000000;;,
      14;3; 1.000000, 1.000000, 1.000000;;,
      15;3; 1.000000, 1.000000, 1.000000;;,
      16;3; 1.000000, 1.000000, 1.000000;;,
      17;3; 1.000000, 1.000000, 1.000000;;,
      18;3; 1.000000, 1.000000, 1.000000;;,
      19;3; 1.000000, 1.000000, 1.000000;;,
      20;3; 1.000000, 1.000000, 1.000000;;,
      21;3; 1.000000, 1.000000, 1.000000;;,
      22;3; 1.000000, 1.000000, 1.000000;;,
      23;3; 1.000000, 1.000000, 1.000000;;,
      24;3; 1.000000, 1.000000, 1.000000;;,
      25;3; 1.000000, 1.000000, 1.000000;;,
      26;3; 1.000000, 1.000000, 1.000000;;,
      27;3; 1.000000, 1.000000, 1.000000;;,
      28;3; 1.000000, 1.000000, 1.000000;;,
      29;3; 1.000000, 1.000000, 1.000000;;,
      30;3; 1.000000, 1.000000, 1.000000;;,
      31;3; 1.000000, 1.000000, 1.000000;;;
    }
    AnimationKey { // Position
      2;
      32;
      0;3; 0.000006,82.360641,-1.278304;;,
      1;3;-0.000007,82.360596,-1.278307;;,
      2;3; 0.000002,82.360550,-1.278292;;,
      3;3; 0.000002,82.360619,-1.278301;;,
      4;3; 0.000000,82.360626,-1.278300;;,
      5;3;-0.000015,82.360626,-1.278298;;,
      6;3;-0.000013,82.360641,-1.278296;;,
      7;3;-0.000004,82.360611,-1.278300;;,
      8;3; 0.000002,82.360580,-1.278295;;,
      9;3;-0.000017,82.360634,-1.278292;;,
      10;3; 0.000026,82.360489,-1.278290;;,
      11;3;-0.000008,82.360611,-1.278288;;,
      12;3;-0.000036,82.360725,-1.278297;;,
      13;3;-0.000008,82.360718,-1.278307;;,
      14;3; 0.000006,82.360580,-1.278305;;,
      15;3;-0.000024,82.360657,-1.278311;;,
      16;3; 0.000000,82.360634,-1.278263;;,
      17;3; 0.000019,82.360634,-1.278273;;,
      18;3;-0.000016,82.360657,-1.278286;;,
      19;3;-0.000003,82.360596,-1.278296;;,
      20;3; 0.000014,82.360542,-1.278299;;,
      21;3; 0.000004,82.360619,-1.278287;;,
      22;3;-0.000010,82.360596,-1.278229;;,
      23;3;-0.000031,82.360664,-1.278286;;,
      24;3; 0.000000,82.360580,-1.278267;;,
      25;3;-0.000015,82.360641,-1.278297;;,
      26;3; 0.000000,82.360626,-1.278297;;,
      27;3; 0.000031,82.360710,-1.278343;;,
      28;3;-0.000069,82.360565,-1.278290;;,
      29;3; 0.000023,82.360497,-1.278278;;,
      30;3;-0.000065,82.360527,-1.278301;;,
      31;3; 0.000061,82.360634,-1.278290;;;
    }
  }
  Animation {
    {Armature_mixamorig_Spine1}
    AnimationKey { // Rotation
      0;
      32;
      0;4;-0.997736, 0.051523,-0.006682, 0.042700;;,
      1;4;-0.997754, 0.051118,-0.007014, 0.042724;;,
      2;4;-0.997779, 0.050625,-0.007204, 0.042680;;,
      3;4;-0.997806, 0.050059,-0.007190, 0.042735;;,
      4;4;-0.997823, 0.049445,-0.007191, 0.043045;;,
      5;4;-0.997827, 0.048833,-0.007439, 0.043610;;,
      6;4;-0.997819, 0.048179,-0.007827, 0.044437;;,
      7;4;-0.997803, 0.047328,-0.008063, 0.045654;;,
      8;4;-0.997784, 0.046163,-0.008047, 0.047239;;,
      9;4;-0.997781, 0.044654,-0.007982, 0.048730;;,
      10;4;-0.997825, 0.042827,-0.008140, 0.049448;;,
      11;4;-0.997919, 0.040864,-0.008552, 0.049142;;,
      12;4;-0.998019, 0.039240,-0.008977, 0.048345;;,
      13;4;-0.998071, 0.038572,-0.009277, 0.047750;;,
      14;4;-0.998073, 0.039080,-0.009658, 0.047219;;,
      15;4;-0.998071, 0.040236,-0.010464, 0.046102;;,
      16;4;-0.998093, 0.041486,-0.012644, 0.043922;;,
      17;4;-0.998110, 0.041311,-0.014481, 0.043123;;,
      18;4;-0.998171, 0.040623,-0.015303, 0.042084;;,
      19;4;-0.998250, 0.039839,-0.015623, 0.040818;;,
      20;4;-0.998275, 0.039293,-0.014992, 0.040972;;,
      21;4;-0.998237, 0.038860,-0.012837, 0.042993;;,
      22;4;-0.998221, 0.037587,-0.008796, 0.045444;;,
      23;4;-0.998279, 0.035127,-0.003032, 0.046860;;,
      24;4;-0.998372, 0.031552, 0.004655, 0.047298;;,
      25;4;-0.998398, 0.027372, 0.012895, 0.047820;;,
      26;4;-0.998335, 0.024034, 0.018183, 0.049185;;,
      27;4;-0.998257, 0.021766, 0.020563, 0.050849;;,
      28;4;-0.998276, 0.019059, 0.021735, 0.051087;;,
      29;4;-0.998372, 0.016043, 0.021467, 0.050343;;,
      30;4;-0.998395, 0.014234, 0.021199, 0.050544;;,
      31;4;-0.998359, 0.013961, 0.021510, 0.051197;;;
    }
    AnimationKey { // Scale
      1;
      32;
      0;3; 1.000000, 1.000000, 1.000000;;,
      1;3; 1.000000, 1.000000, 1.000000;;,
      2;3; 1.000000, 1.000000, 1.000000;;,
      3;3; 1.000000, 1.000000, 1.000000;;,
      4;3; 1.000000, 1.000000, 1.000000;;,
      5;3; 1.000000, 1.000000, 1.000000;;,
      6;3; 1.000000, 1.000000, 1.000000;;,
      7;3; 1.000000, 1.000000, 1.000000;;,
      8;3; 1.000000, 1.000000, 1.000000;;,
      9;3; 1.000000, 1.000000, 1.000000;;,
