xof 0303txt 0032

template XSkinMeshHeader {
  <3cf169ce-ff7c-44ab-93c0-f78f62d172e2>
  WORD nMaxSkinWeightsPerVertex;
  WORD nMaxSkinWeightsPerFace;
  WORD nBones;
}

template SkinWeights {
  <6f0d123b-bad2-4167-a0d0-80224f25fabb>
  STRING transformNodeName;
  DWORD nWeights;
  array DWORD vertexIndices[nWeights];
  array float weights[nWeights];
  Matrix4x4 matrixOffset;
}

Frame Root {
  FrameTransformMatrix {
     1.000000, 0.000000, 0.000000, 0.000000,
     0.000000,-0.000000,-1.000000, 0.000000,
     0.000000, 1.000000,-0.000000, 0.000000,
     0.000000, 0.000000, 0.000000, 1.000000;;
  }
  Frame Armature {
    FrameTransformMatrix {
       0.010000, 0.000000, 0.000000, 0.000000,
       0.000000,-0.000000, 0.010000, 0.000000,
       0.000000,-0.010000,-0.000000, 0.000000,
       0.000000, 0.000000, 0.000000, 1.000000;;
    }
    Frame Armature_mixamorig_Hips {
      FrameTransformMatrix {
         0.949043, 0.106080,-0.296756, 0.000000,
         0.290487, 0.070687, 0.954264, 0.000000,
         0.122206,-0.991842, 0.036270, 0.000000,
        172.509109,91.963318,-0.755456, 1.000000;;
      }
      Frame Armature_mixamorig_LeftUpLeg {
        FrameTransformMatrix {
          -0.690206,-0.410765, 0.595724, 0.000000,
           0.684013,-0.638969, 0.351914, 0.000000,
           0.236096, 0.650376, 0.721988, 0.000000,
          93.699699,-45.665966,12.677408, 1.000000;;
        }
        Frame Armature_mixamorig_LeftLeg {
          FrameTransformMatrix {
             0.948450, 0.315958, 0.024763, 0.000000,
            -0.186586, 0.619837,-0.762225, 0.000000,
            -0.256181, 0.718312, 0.646838, 0.000000,
            -0.000027,391.884064, 0.000015, 1.000000;;
          }
          Frame Armature_mixamorig_LeftFoot {
            FrameTransformMatrix {
               0.996537,-0.045487, 0.069603, 0.000000,
              -0.041059, 0.458700, 0.887642, 0.000000,
              -0.072303,-0.887426, 0.455244, 0.000000,
              -0.000015,357.861572, 0.000011, 1.000000;;
            }
            Frame Armature_mixamorig_LeftToeBase {
              FrameTransformMatrix {
                 0.999930, 0.006409,-0.009902, 0.000000,
                 0.001753, 0.749455, 0.662053, 0.000000,
                 0.011665,-0.662025, 0.749391, 0.000000,
                 0.000019,154.092468,-0.000011, 1.000000;;
              }
            } // End of Armature_mixamorig_LeftToeBase
          } // End of Armature_mixamorig_LeftFoot
        } // End of Armature_mixamorig_LeftLeg
      } // End of Armature_mixamorig_LeftUpLeg
      Frame Armature_mixamorig_RightUpLeg {
        FrameTransformMatrix {
          -0.819810, 0.277259,-0.500966, 0.000000,
          -0.393471,-0.908432, 0.141164, 0.000000,
          -0.415978, 0.312856, 0.853863, 0.000000,
          -93.699677,-45.666008,13.235902, 1.000000;;
        }
        Frame Armature_mixamorig_RightLeg {
          FrameTransformMatrix {
             0.971668,-0.151851,-0.181114, 0.000000,
             0.012330, 0.797823,-0.602766, 0.000000,
             0.236027, 0.583455, 0.777091, 0.000000,
            -0.000008,391.883148,-0.000013, 1.000000;;
          }
          Frame Armature_mixamorig_RightFoot {
            FrameTransformMatrix {
               0.982706, 0.183016, 0.028175, 0.000000,
              -0.111193, 0.461562, 0.880112, 0.000000,
               0.148070,-0.868024, 0.473930, 0.000000,
              -0.000004,357.860870,-0.000023, 1.000000;;
            }
            Frame Armature_mixamorig_RightToeBase {
              FrameTransformMatrix {
                 0.727969,-0.250448, 0.638230, 0.000000,
                 0.146775, 0.966240, 0.211750, 0.000000,
                -0.669715,-0.060471, 0.740152, 0.000000,
                 0.000009,154.509125,-0.000018, 1.000000;;
              }
            } // End of Armature_mixamorig_RightToeBase
          } // End of Armature_mixamorig_RightFoot
        } // End of Armature_mixamorig_RightLeg
      } // End of Armature_mixamorig_RightUpLeg
      Frame Armature_mixamorig_Spine {
        FrameTransformMatrix {
           0.982221, 0.184607, 0.034092, 0.000000,
          -0.185184, 0.982595, 0.014589, 0.000000,
          -0.030806,-0.020643, 0.999312, 0.000000,
           0.000006,82.360596,-1.278295, 1.000000;;
        }
        Frame Armature_mixamorig_Spine1 {
          FrameTransformMatrix {
             0.982753, 0.184758, 0.007814, 0.000000,
            -0.184899, 0.981072, 0.057539, 0.000000,
             0.002965,-0.057991, 0.998313, 0.000000,
            -0.000003,96.098709, 0.000006, 1.000000;;
          }
          Frame Armature_mixamorig_Spine2 {
            FrameTransformMatrix {
               0.982881, 0.184242, 0.000647, 0.000000,
              -0.183976, 0.981259, 0.057299, 0.000000,
               0.009922,-0.056437, 0.998357, 0.000000,
               0.000011,109.827507, 0.000000, 1.000000;;
            }
            Frame Armature_mixamorig_LeftShoulder {
              FrameTransformMatrix {
                 0.129221, 0.062874,-0.989620, 0.000000,
                 0.892195,-0.442923, 0.088359, 0.000000,
                -0.432770,-0.894352,-0.113331, 0.000000,
                45.514484,109.232513, 0.066505, 1.000000;;
              }
              Frame Armature_mixamorig_LeftArm {
                FrameTransformMatrix {
                   0.081000, 0.287247, 0.954426, 0.000000,
                  -0.444384, 0.867538,-0.223383, 0.000000,
                  -0.892167,-0.406038, 0.197918, 0.000000,
                  -0.000000,95.179581, 0.000002, 1.000000;;
                }
                Frame Armature_mixamorig_LeftForeArm {
                  FrameTransformMatrix {
                     0.027850, 0.988668,-0.147512, 0.000000,
                    -0.985945, 0.002849,-0.167045, 0.000000,
                    -0.164731, 0.150091, 0.974852, 0.000000,
                    -0.000008,207.294266,-0.000023, 1.000000;;
                  }
                  Frame Armature_mixamorig_LeftHand {
                    FrameTransformMatrix {
                       0.996725,-0.055847, 0.058492, 0.000000,
                       0.063959, 0.986989,-0.147523, 0.000000,
                      -0.049492, 0.150781, 0.987328, 0.000000,
                      -0.000020,263.734558,-0.000011, 1.000000;;
                    }
                    Frame Armature_mixamorig_LeftHandIndex1 {
                      FrameTransformMatrix {
                         0.996442, 0.084283,-0.000198, 0.000000,
                        -0.082736, 0.978595, 0.188431, 0.000000,
                         0.016076,-0.187744, 0.982086, 0.000000,
                        -24.511303,75.786667, 0.565161, 1.000000;;
                      }
                      Frame Armature_mixamorig_LeftHandIndex2 {
                        FrameTransformMatrix {
                           0.999683,-0.025176,-0.000336, 0.000000,
                           0.024738, 0.979641, 0.199228, 0.000000,
                          -0.004687,-0.199173, 0.979953, 0.000000,
                           0.000273,26.545294, 0.000002, 1.000000;;
                        }
                        Frame Armature_mixamorig_LeftHandIndex3 {
                          FrameTransformMatrix {
                             0.999614,-0.027644,-0.002816, 0.000000,
                             0.027357, 0.961304, 0.274128, 0.000000,
                            -0.004871,-0.274099, 0.961689, 0.000000,
                             0.002736,24.501965, 0.000002, 1.000000;;
                          }
                        } // End of Armature_mixamorig_LeftHandIndex3
                      } // End of Armature_mixamorig_LeftHandIndex2
                    } // End of Armature_mixamorig_LeftHandIndex1
                    Frame Armature_mixamorig_LeftHandMiddle1 {
                      FrameTransformMatrix {
                         0.996452, 0.084154, 0.000873, 0.000000,
                        -0.082814, 0.978641, 0.188158, 0.000000,
                         0.014980,-0.187562, 0.982138, 0.000000,
                        -8.188036,75.844986, 0.198090, 1.000000;;
                      }
                      Frame Armature_mixamorig_LeftHandMiddle2 {
                        FrameTransformMatrix {
                           0.999657,-0.026087, 0.002245, 0.000000,
                           0.025115, 0.979580, 0.199477, 0.000000,
                          -0.007402,-0.199353, 0.979900, 0.000000,
                           0.001510,29.472178,-0.000021, 1.000000;;
                        }
                        Frame Armature_mixamorig_LeftHandMiddle3 {
                          FrameTransformMatrix {
                             0.999206,-0.039318,-0.006366, 0.000000,
                             0.039361, 0.950275, 0.308916, 0.000000,
                            -0.006096,-0.308921, 0.951068, 0.000000,
                             0.000577,28.342934,-0.000137, 1.000000;;
                          }
                        } // End of Armature_mixamorig_LeftHandMiddle3
                      } // End of Armature_mixamorig_LeftHandMiddle2
                    } // End of Armature_mixamorig_LeftHandMiddle1
                    Frame Armature_mixamorig_LeftHandPinky1 {
                      FrameTransformMatrix {
                         0.999462, 0.017495,-0.027756, 0.000000,
                        -0.012251, 0.983786, 0.178927, 0.000000,
                         0.030436,-0.178491, 0.983471, 0.000000,
                        24.290409,76.103668, 0.055067, 1.000000;;
                      }
                      Frame Armature_mixamorig_LeftHandPinky2 {
                        FrameTransformMatrix {
                           0.998848, 0.047848, 0.003694, 0.000000,
                          -0.047572, 0.977071, 0.207528, 0.000000,
                           0.006320,-0.207465, 0.978222, 0.000000,
                           0.000090,24.886040,-0.000011, 1.000000;;
                        }
                        Frame Armature_mixamorig_LeftHandPinky3 {
                          FrameTransformMatrix {
                             0.998004,-0.061497,-0.014358, 0.000000,
                             0.061503, 0.894896, 0.442016, 0.000000,
                            -0.014333,-0.442017, 0.896892, 0.000000,
                             0.002266,20.427595, 0.000126, 1.000000;;
                          }
                        } // End of Armature_mixamorig_LeftHandPinky3
                      } // End of Armature_mixamorig_LeftHandPinky2
                    } // End of Armature_mixamorig_LeftHandPinky1
                    Frame Armature_mixamorig_LeftHandRing1 {
                      FrameTransformMatrix {
                         0.996418, 0.084551,-0.001567, 0.000000,
                        -0.082743, 0.978595, 0.188431, 0.000000,
                         0.017465,-0.187626, 0.982085, 0.000000,
                         8.408984,78.182823, 1.262825, 1.000000;;
                      }
                      Frame Armature_mixamorig_LeftHandRing2 {
                        FrameTransformMatrix {
                           0.999693,-0.023655,-0.007401, 0.000000,
                           0.024656, 0.979635, 0.199266, 0.000000,
                           0.002536,-0.199387, 0.979917, 0.000000,
                           0.000538,27.473402, 0.000011, 1.000000;;
                        }
                        Frame Armature_mixamorig_LeftHandRing3 {
                          FrameTransformMatrix {
                             0.998963,-0.043501,-0.013478, 0.000000,
                             0.045112, 0.904701, 0.423652, 0.000000,
                            -0.006236,-0.423821, 0.905725, 0.000000,
                            -0.002045,25.445288,-0.000084, 1.000000;;
                          }
                        } // End of Armature_mixamorig_LeftHandRing3
                      } // End of Armature_mixamorig_LeftHandRing2
                    } // End of Armature_mixamorig_LeftHandRing1
                    Frame Armature_mixamorig_LeftHandThumb1 {
                      FrameTransformMatrix {
                         0.681916, 0.602393,-0.414864, 0.000000,
                        -0.549417, 0.796281, 0.253136, 0.000000,
                         0.482836, 0.055316, 0.873962, 0.000000,
                        -29.122925,26.236830, 4.867386, 1.000000;;
                      }
                      Frame Armature_mixamorig_LeftHandThumb2 {
                        FrameTransformMatrix {
                           0.960142,-0.111929, 0.256123, 0.000000,
                           0.099103, 0.993113, 0.062488, 0.000000,
                          -0.261353,-0.034615, 0.964622, 0.000000,
                           1.230806,31.575539, 0.000097, 1.000000;;
                        }
                        Frame Armature_mixamorig_LeftHandThumb3 {
                          FrameTransformMatrix {
                             0.903457,-0.428150, 0.021300, 0.000000,
                             0.427980, 0.903706, 0.012199, 0.000000,
                            -0.024472,-0.001905, 0.999699, 0.000000,
                             1.621590,21.556105,-0.000010, 1.000000;;
                          }
                        } // End of Armature_mixamorig_LeftHandThumb3
                      } // End of Armature_mixamorig_LeftHandThumb2
                    } // End of Armature_mixamorig_LeftHandThumb1
                  } // End of Armature_mixamorig_LeftHand
                } // End of Armature_mixamorig_LeftForeArm
              } // End of Armature_mixamorig_LeftArm
            } // End of Armature_mixamorig_LeftShoulder
            Frame Armature_mixamorig_Neck {
              FrameTransformMatrix {
                 0.973188,-0.141863,-0.181052, 0.000000,
                 0.161797, 0.981695, 0.100482, 0.000000,
                 0.163483,-0.127082, 0.978327, 0.000000,
                 0.000008,123.555542,-0.000006, 1.000000;;
              }
              Frame Armature_mixamorig_Head {
                FrameTransformMatrix {
                   0.626280,-0.142822,-0.766404, 0.000000,
                  -0.023205, 0.979225,-0.201445, 0.000000,
                   0.779253, 0.143945, 0.609955, 0.000000,
                  -0.000004,108.817329,-2.669888, 1.000000;;
                }
              } // End of Armature_mixamorig_Head
            } // End of Armature_mixamorig_Neck
            Frame Armature_mixamorig_RightShoulder {
              FrameTransformMatrix {
                 0.036412,-0.154560, 0.987312, 0.000000,
                -0.998996,-0.031441, 0.031920, 0.000000,
                 0.026109,-0.987483,-0.155549, 0.000000,
                -45.514473,109.241806,-0.510994, 1.000000;;
              }
              Frame Armature_mixamorig_RightArm {
                FrameTransformMatrix {
                  -0.118023,-0.079824,-0.989797, 0.000000,
                   0.152226, 0.983528,-0.097469, 0.000000,
                   0.981274,-0.162176,-0.103928, 0.000000,
                   0.000026,95.179550,-0.000013, 1.000000;;
                }
                Frame Armature_mixamorig_RightForeArm {
                  FrameTransformMatrix {
                    -0.080885,-0.993700, 0.077573, 0.000000,
                     0.992027,-0.087806,-0.090404, 0.000000,
                     0.096646, 0.069642, 0.992879, 0.000000,
                     0.000028,207.296692,-0.000015, 1.000000;;
                  }
                  Frame Armature_mixamorig_RightHand {
                    FrameTransformMatrix {
                       0.927155, 0.096205,-0.362115, 0.000000,
                      -0.140727, 0.985127,-0.098592, 0.000000,
                       0.347244, 0.142370, 0.926905, 0.000000,
                      -0.000007,263.734070,-0.000002, 1.000000;;
                    }
                    Frame Armature_mixamorig_RightHandIndex1 {
                      FrameTransformMatrix {
                         0.996770,-0.080302, 0.000349, 0.000000,
                         0.078571, 0.976171, 0.202277, 0.000000,
                        -0.016584,-0.201596, 0.979328, 0.000000,
                        23.786816,76.788994, 0.476988, 1.000000;;
                      }
                      Frame Armature_mixamorig_RightHandIndex2 {
                        FrameTransformMatrix {
                           0.999582, 0.028887, 0.000783, 0.000000,
                          -0.028472, 0.979840, 0.197743, 0.000000,
                           0.004945,-0.197683, 0.980254, 0.000000,
                           0.003615,26.618746, 0.000079, 1.000000;;
                        }
                        Frame Armature_mixamorig_RightHandIndex3 {
                          FrameTransformMatrix {
                             0.999813, 0.019239,-0.001972, 0.000000,
                            -0.017471, 0.942240, 0.334481, 0.000000,
                             0.008293,-0.334384, 0.942400, 0.000000,
                             0.028682,24.681236, 0.000070, 1.000000;;
                          }
                        } // End of Armature_mixamorig_RightHandIndex3
                      } // End of Armature_mixamorig_RightHandIndex2
                    } // End of Armature_mixamorig_RightHandIndex1
                    Frame Armature_mixamorig_RightHandMiddle1 {
                      FrameTransformMatrix {
                         0.996789,-0.080079, 0.000006, 0.000000,
                         0.078422, 0.976182, 0.202283, 0.000000,
                        -0.016204,-0.201633, 0.979327, 0.000000,
                         8.323517,77.854790, 1.195732, 1.000000;;
                      }
                      Frame Armature_mixamorig_RightHandMiddle2 {
                        FrameTransformMatrix {
                           0.999573, 0.029139,-0.001846, 0.000000,
                          -0.028199, 0.979849, 0.197737, 0.000000,
                           0.007571,-0.197600, 0.980253, 0.000000,
                           0.008304,29.184294,-0.000084, 1.000000;;
                        }
                        Frame Armature_mixamorig_RightHandMiddle3 {
                          FrameTransformMatrix {
                             0.998963, 0.044867, 0.007787, 0.000000,
                            -0.044587, 0.928969, 0.367462, 0.000000,
                             0.009253,-0.367428, 0.930006, 0.000000,
                             0.026904,28.014818,-0.000172, 1.000000;;
                          }
                        } // End of Armature_mixamorig_RightHandMiddle3
                      } // End of Armature_mixamorig_RightHandMiddle2
                    } // End of Armature_mixamorig_RightHandMiddle1
                    Frame Armature_mixamorig_RightHandPinky1 {
                      FrameTransformMatrix {
                         0.996427,-0.082854, 0.016409, 0.000000,
                         0.077844, 0.976232, 0.202265, 0.000000,
                        -0.032778,-0.200265, 0.979193, 0.000000,
                        -23.872097,76.419777,-0.111432, 1.000000;;
                      }
                      Frame Armature_mixamorig_RightHandPinky2 {
                        FrameTransformMatrix {
                           0.999652, 0.026205,-0.003074, 0.000000,
                          -0.025076, 0.979845, 0.198176, 0.000000,
                           0.008205,-0.198030, 0.980161, 0.000000,
                           0.021063,24.380108, 0.000016, 1.000000;;
                        }
                        Frame Armature_mixamorig_RightHandPinky3 {
                          FrameTransformMatrix {
                             0.999750, 0.019075,-0.011624, 0.000000,
                            -0.011443, 0.884257, 0.466859, 0.000000,
                             0.019185,-0.466610, 0.884255, 0.000000,
                             0.034497,20.300774,-0.000130, 1.000000;;
                          }
                        } // End of Armature_mixamorig_RightHandPinky3
                      } // End of Armature_mixamorig_RightHandPinky2
                    } // End of Armature_mixamorig_RightHandPinky1
                    Frame Armature_mixamorig_RightHandRing1 {
                      FrameTransformMatrix {
                         0.996736,-0.080671, 0.003079, 0.000000,
                         0.078382, 0.976185, 0.202283, 0.000000,
                        -0.019324,-0.201381, 0.979322, 0.000000,
                        -8.238205,77.654739, 0.669255, 1.000000;;
                      }
                      Frame Armature_mixamorig_RightHandRing2 {
                        FrameTransformMatrix {
                           0.999643, 0.025600, 0.007609, 0.000000,
                          -0.026600, 0.979880, 0.197809, 0.000000,
                          -0.002392,-0.197941, 0.980211, 0.000000,
                           0.008885,27.434599,-0.000134, 1.000000;;
                        }
                        Frame Armature_mixamorig_RightHandRing3 {
                          FrameTransformMatrix {
                             0.999865, 0.016386,-0.001250, 0.000000,
                            -0.014526, 0.916779, 0.399130, 0.000000,
                             0.007686,-0.399058, 0.916893, 0.000000,
                             0.000497,26.051493, 0.000131, 1.000000;;
                          }
                        } // End of Armature_mixamorig_RightHandRing3
                      } // End of Armature_mixamorig_RightHandRing2
                    } // End of Armature_mixamorig_RightHandRing1
                    Frame Armature_mixamorig_RightHandThumb1 {
                      FrameTransformMatrix {
                         0.690798,-0.592298, 0.414706, 0.000000,
                         0.537374, 0.804308, 0.253609, 0.000000,
                        -0.483764, 0.047660, 0.873900, 0.000000,
                        28.496912,26.350346, 4.738550, 1.000000;;
                      }
                      Frame Armature_mixamorig_RightHandThumb2 {
                        FrameTransformMatrix {
                           0.957251, 0.140951,-0.252592, 0.000000,
                          -0.122709, 0.988652, 0.086656, 0.000000,
                           0.261940,-0.051956, 0.963685, 0.000000,
                          -0.718678,31.272381,-0.000167, 1.000000;;
                        }
                        Frame Armature_mixamorig_RightHandThumb3 {
                          FrameTransformMatrix {
                             0.959846, 0.278994,-0.029289, 0.000000,
                            -0.278697, 0.960279, 0.013860, 0.000000,
                             0.031992,-0.005141, 0.999475, 0.000000,
                            -0.909512,21.534695, 0.000044, 1.000000;;
                          }
                        } // End of Armature_mixamorig_RightHandThumb3
                      } // End of Armature_mixamorig_RightHandThumb2
                    } // End of Armature_mixamorig_RightHandThumb1
                  } // End of Armature_mixamorig_RightHand
                } // End of Armature_mixamorig_RightForeArm
              } // End of Armature_mixamorig_RightArm
            } // End of Armature_mixamorig_RightShoulder
          } // End of Armature_mixamorig_Spine2
        } // End of Armature_mixamorig_Spine1
      } // End of Armature_mixamorig_Spine
    } // End of Armature_mixamorig_Hips
  } // End of Armature
} // End of Root
AnimationSet Global {
  Animation {
    {Armature}
    AnimationKey { // Rotation
      0;
      174;
      0;4;-0.707107, 0.707107, 0.000000, 0.000000;;,
      1;4;-0.707107, 0.707107, 0.000000, 0.000000;;,
      2;4;-0.707107, 0.707107, 0.000000, 0.000000;;,
      3;4;-0.707107, 0.707107, 0.000000, 0.000000;;,
      4;4;-0.707107, 0.707107, 0.000000, 0.000000;;,
      5;4;-0.707107, 0.707107, 0.000000, 0.000000;;,
      6;4;-0.707107, 0.707107, 0.000000, 0.000000;;,
      7;4;-0.707107, 0.707107, 0.000000, 0.000000;;,
      8;4;-0.707107, 0.707107, 0.000000, 0.000000;;,
      9;4;-0.707107, 0.707107, 0.000000, 0.000000;;,
      10;4;-0.707107, 0.707107, 0.000000, 0.000000;;,
      11;4;-0.707107, 0.707107, 0.000000, 0.000000;;,
      12;4;-0.707107, 0.707107, 0.000000, 0.000000;;,
      13;4;-0.707107, 0.707107, 0.000000, 0.000000;;,
      14;4;-0.707107, 0.707107, 0.000000, 0.000000;;,
      15;4;-0.707107, 0.707107, 0.000000, 0.000000;;,
      16;4;-0.707107, 0.707107, 0.000000, 0.000000;;,
      17;4;-0.707107, 0.707107, 0.000000, 0.000000;;,
      18;4;-0.707107, 0.707107, 0.000000, 0.000000;;,
      19;4;-0.707107, 0.707107, 0.000000, 0.000000;;,
      20;4;-0.707107, 0.707107, 0.000000, 0.000000;;,
      21;4;-0.707107, 0.707107, 0.000000, 0.000000;;,
      22;4;-0.707107, 0.707107, 0.000000, 0.000000;;,
      23;4;-0.707107, 0.707107, 0.000000, 0.000000;;,
      24;4;-0.707107, 0.707107, 0.000000, 0.000000;;,
      25;4;-0.707107, 0.707107, 0.000000, 0.000000;;,
      26;4;-0.707107, 0.707107, 0.000000, 0.000000;;,
      27;4;-0.707107, 0.707107, 0.000000, 0.000000;;,
      28;4;-0.707107, 0.707107, 0.000000, 0.000000;;,
      29;4;-0.707107, 0.707107, 0.000000, 0.000000;;,
      30;4;-0.707107, 0.707107, 0.000000, 0.000000;;,
      31;4;-0.707107, 0.707107, 0.000000, 0.000000;;,
      32;4;-0.707107, 0.707107, 0.000000, 0.000000;;,
      33;4;-0.707107, 0.707107, 0.000000, 0.000000;;,
      34;4;-0.707107, 0.707107, 0.000000, 0.000000;;,
      35;4;-0.707107, 0.707107, 0.000000, 0.000000;;,
      36;4;-0.707107, 0.707107, 0.000000, 0.000000;;,
      37;4;-0.707107, 0.707107, 0.000000, 0.000000;;,
      38;4;-0.707107, 0.707107, 0.000000, 0.000000;;,
      39;4;-0.707107, 0.707107, 0.000000, 0.000000;;,
      40;4;-0.707107, 0.707107, 0.000000, 0.000000;;,
      41;4;-0.707107, 0.707107, 0.000000, 0.000000;;,
      42;4;-0.707107, 0.707107, 0.000000, 0.000000;;,
      43;4;-0.707107, 0.707107, 0.000000, 0.000000;;,
      44;4;-0.707107, 0.707107, 0.000000, 0.000000;;,
      45;4;-0.707107, 0.707107, 0.000000, 0.000000;;,
      46;4;-0.707107, 0.707107, 0.000000, 0.000000;;,
      47;4;-0.707107, 0.707107, 0.000000, 0.000000;;,
      48;4;-0.707107, 0.707107, 0.000000, 0.000000;;,
      49;4;-0.707107, 0.707107, 0.000000, 0.000000;;,
      50;4;-0.707107, 0.707107, 0.000000, 0.000000;;,
      51;4;-0.707107, 0.707107, 0.000000, 0.000000;;,
      52;4;-0.707107, 0.707107, 0.000000, 0.000000;;,
      53;4;-0.707107, 0.707107, 0.000000, 0.000000;;,
      54;4;-0.707107, 0.707107, 0.000000, 0.000000;;,
      55;4;-0.707107, 0.707107, 0.000000, 0.000000;;,
      56;4;-0.707107, 0.707107, 0.000000, 0.000000;;,
      57;4;-0.707107, 0.707107, 0.000000, 0.000000;;,
      58;4;-0.707107, 0.707107, 0.000000, 0.000000;;,
      59;4;-0.707107, 0.707107, 0.000000, 0.000000;;,
      60;4;-0.707107, 0.707107, 0.000000, 0.000000;;,
      61;4;-0.707107, 0.707107, 0.000000, 0.000000;;,
      62;4;-0.707107, 0.707107, 0.000000, 0.000000;;,
      63;4;-0.707107, 0.707107, 0.000000, 0.000000;;,
      64;4;-0.707107, 0.707107, 0.000000, 0.000000;;,
      65;4;-0.707107, 0.707107, 0.000000, 0.000000;;,
      66;4;-0.707107, 0.707107, 0.000000, 0.000000;;,
      67;4;-0.707107, 0.707107, 0.000000, 0.000000;;,
      68;4;-0.707107, 0.707107, 0.000000, 0.000000;;,
      69;4;-0.707107, 0.707107, 0.000000, 0.000000;;,
      70;4;-0.707107, 0.707107, 0.000000, 0.000000;;,
      71;4;-0.707107, 0.707107, 0.000000, 0.000000;;,
      72;4;-0.707107, 0.707107, 0.000000, 0.000000;;,
      73;4;-0.707107, 0.707107, 0.000000, 0.000000;;,
      74;4;-0.707107, 0.707107, 0.000000, 0.000000;;,
      75;4;-0.707107, 0.707107, 0.000000, 0.000000;;,
      76;4;-0.707107, 0.707107, 0.000000, 0.000000;;,
      77;4;-0.707107, 0.707107, 0.000000, 0.000000;;,
      78;4;-0.707107, 0.707107, 0.000000, 0.000000;;,
      79;4;-0.707107, 0.707107, 0.000000, 0.000000;;,
      80;4;-0.707107, 0.707107, 0.000000, 0.000000;;,
      81;4;-0.707107, 0.707107, 0.000000, 0.000000;;,
      82;4;-0.707107, 0.707107, 0.000000, 0.000000;;,
      83;4;-0.707107, 0.707107, 0.000000, 0.000000;;,
      84;4;-0.707107, 0.707107, 0.000000, 0.000000;;,
      85;4;-0.707107, 0.707107, 0.000000, 0.000000;;,
      86;4;-0.707107, 0.707107, 0.000000, 0.000000;;,
      87;4;-0.707107, 0.707107, 0.000000, 0.000000;;,
      88;4;-0.707107, 0.707107, 0.000000, 0.000000;;,
      89;4;-0.707107, 0.707107, 0.000000, 0.000000;;,
      90;4;-0.707107, 0.707107, 0.000000, 0.000000;;,
      91;4;-0.707107, 0.707107, 0.000000, 0.000000;;,
      92;4;-0.707107, 0.707107, 0.000000, 0.000000;;,
      93;4;-0.707107, 0.707107, 0.000000, 0.000000;;,
      94;4;-0.707107, 0.707107, 0.000000, 0.000000;;,
      95;4;-0.707107, 0.707107, 0.000000, 0.000000;;,
      96;4;-0.707107, 0.707107, 0.000000, 0.000000;;,
      97;4;-0.707107, 0.707107, 0.000000, 0.000000;;,
      98;4;-0.707107, 0.707107, 0.000000, 0.000000;;,
      99;4;-0.707107, 0.707107, 0.000000, 0.000000;;,
      100;4;-0.707107, 0.707107, 0.000000, 0.000000;;,
      101;4;-0.707107, 0.707107, 0.000000, 0.000000;;,
      102;4;-0.707107, 0.707107, 0.000000, 0.000000;;,
      103;4;-0.707107, 0.707107, 0.000000, 0.000000;;,
      104;4;-0.707107, 0.707107, 0.000000, 0.000000;;,
      105;4;-0.707107, 0.707107, 0.000000, 0.000000;;,
      106;4;-0.707107, 0.707107, 0.000000, 0.000000;;,
      107;4;-0.707107, 0.707107, 0.000000, 0.000000;;,
      108;4;-0.707107, 0.707107, 0.000000, 0.000000;;,
      109;4;-0.707107, 0.707107, 0.000000, 0.000000;;,
      110;4;-0.707107, 0.707107, 0.000000, 0.000000;;,
      111;4;-0.707107, 0.707107, 0.000000, 0.000000;;,
      112;4;-0.707107, 0.707107, 0.000000, 0.000000;;,
      113;4;-0.707107, 0.707107, 0.000000, 0.000000;;,
      114;4;-0.707107, 0.707107, 0.000000, 0.000000;;,
      115;4;-0.707107, 0.707107, 0.000000, 0.000000;;,
      116;4;-0.707107, 0.707107, 0.000000, 0.000000;;,
      117;4;-0.707107, 0.707107, 0.000000, 0.000000;;,
      118;4;-0.707107, 0.707107, 0.000000, 0.000000;;,
      119;4;-0.707107, 0.707107, 0.000000, 0.000000;;,
      120;4;-0.707107, 0.707107, 0.000000, 0.000000;;,
      121;4;-0.707107, 0.707107, 0.000000, 0.000000;;,
      122;4;-0.707107, 0.707107, 0.000000, 0.000000;;,
      123;4;-0.707107, 0.707107, 0.000000, 0.000000;;,
      124;4;-0.707107, 0.707107, 0.000000, 0.000000;;,
      125;4;-0.707107, 0.707107, 0.000000, 0.000000;;,
      126;4;-0.707107, 0.707107, 0.000000, 0.000000;;,
      127;4;-0.707107, 0.707107, 0.000000, 0.000000;;,
      128;4;-0.707107, 0.707107, 0.000000, 0.000000;;,
      129;4;-0.707107, 0.707107, 0.000000, 0.000000;;,
      130;4;-0.707107, 0.707107, 0.000000, 0.000000;;,
      131;4;-0.707107, 0.707107, 0.000000, 0.000000;;,
      132;4;-0.707107, 0.707107, 0.000000, 0.000000;;,
      133;4;-0.707107, 0.707107, 0.000000, 0.000000;;,
      134;4;-0.707107, 0.707107, 0.000000, 0.000000;;,
      135;4;-0.707107, 0.707107, 0.000000, 0.000000;;,
      136;4;-0.707107, 0.707107, 0.000000, 0.000000;;,
      137;4;-0.707107, 0.707107, 0.000000, 0.000000;;,
      138;4;-0.707107, 0.707107, 0.000000, 0.000000;;,
      139;4;-0.707107, 0.707107, 0.000000, 0.000000;;,
      140;4;-0.707107, 0.707107, 0.000000, 0.000000;;,
      141;4;-0.707107, 0.707107, 0.000000, 0.000000;;,
      142;4;-0.707107, 0.707107, 0.000000, 0.000000;;,
      143;4;-0.707107, 0.707107, 0.000000, 0.000000;;,
      144;4;-0.707107, 0.707107, 0.000000, 0.000000;;,
      145;4;-0.707107, 0.707107, 0.000000, 0.000000;;,
      146;4;-0.707107, 0.707107, 0.000000, 0.000000;;,
      147;4;-0.707107, 0.707107, 0.000000, 0.000000;;,
      148;4;-0.707107, 0.707107, 0.000000, 0.000000;;,
      149;4;-0.707107, 0.707107, 0.000000, 0.000000;;,
      150;4;-0.707107, 0.707107, 0.000000, 0.000000;;,
      151;4;-0.707107, 0.707107, 0.000000, 0.000000;;,
      152;4;-0.707107, 0.707107, 0.000000, 0.000000;;,
      153;4;-0.707107, 0.707107, 0.000000, 0.000000;;,
      154;4;-0.707107, 0.707107, 0.000000, 0.000000;;,
      155;4;-0.707107, 0.707107, 0.000000, 0.000000;;,
      156;4;-0.707107, 0.707107, 0.000000, 0.000000;;,
      157;4;-0.707107, 0.707107, 0.000000, 0.000000;;,
      158;4;-0.707107, 0.707107, 0.000000, 0.000000;;,
      159;4;-0.707107, 0.707107, 0.000000, 0.000000;;,
      160;4;-0.707107, 0.707107, 0.000000, 0.000000;;,
      161;4;-0.707107, 0.707107, 0.000000, 0.000000;;,
      162;4;-0.707107, 0.707107, 0.000000, 0.000000;;,
      163;4;-0.707107, 0.707107, 0.000000, 0.000000;;,
      164;4;-0.707107, 0.707107, 0.000000, 0.000000;;,
      165;4;-0.707107, 0.707107, 0.000000, 0.000000;;,
      166;4;-0.707107, 0.707107, 0.000000, 0.000000;;,
      167;4;-0.707107, 0.707107, 0.000000, 0.000000;;,
      168;4;-0.707107, 0.707107, 0.000000, 0.000000;;,
      169;4;-0.707107, 0.707107, 0.000000, 0.000000;;,
      170;4;-0.707107, 0.707107, 0.000000, 0.000000;;,
      171;4;-0.707107, 0.707107, 0.000000, 0.000000;;,
      172;4;-0.707107, 0.707107, 0.000000, 0.000000;;,
      173;4;-0.707107, 0.707107, 0.000000, 0.000000;;;
    }
    AnimationKey { // Scale
      1;
      174;
      0;3; 0.010000, 0.010000, 0.010000;;,
      1;3; 0.010000, 0.010000, 0.010000;;,
      2;3; 0.010000, 0.010000, 0.010000;;,
      3;3; 0.010000, 0.010000, 0.010000;;,
      4;3; 0.010000, 0.010000, 0.010000;;,
      5;3; 0.010000, 0.010000, 0.010000;;,
      6;3; 0.010000, 0.010000, 0.010000;;,
      7;3; 0.010000, 0.010000, 0.010000;;,
      8;3; 0.010000, 0.010000, 0.010000;;,
      9;3; 0.010000, 0.010000, 0.010000;;,
      10;3; 0.010000, 0.010000, 0.010000;;,
      11;3; 0.010000, 0.010000, 0.010000;;,
      12;3; 0.010000, 0.010000, 0.010000;;,
      13;3; 0.010000, 0.010000, 0.010000;;,
      14;3; 0.010000, 0.010000, 0.010000;;,
      15;3; 0.010000, 0.010000, 0.010000;;,
      16;3; 0.010000, 0.010000, 0.010000;;,
      17;3; 0.010000, 0.010000, 0.010000;;,
      18;3; 0.010000, 0.010000, 0.010000;;,
      19;3; 0.010000, 0.010000, 0.010000;;,
      20;3; 0.010000, 0.010000, 0.010000;;,
      21;3; 0.010000, 0.010000, 0.010000;;,
      22;3; 0.010000, 0.010000, 0.010000;;,
      23;3; 0.010000, 0.010000, 0.010000;;,
      24;3; 0.010000, 0.010000, 0.010000;;,
      25;3; 0.010000, 0.010000, 0.010000;;,
      26;3; 0.010000, 0.010000, 0.010000;;,
      27;3; 0.010000, 0.010000, 0.010000;;,
      28;3; 0.010000, 0.010000, 0.010000;;,
      29;3; 0.010000, 0.010000, 0.010000;;,
      30;3; 0.010000, 0.010000, 0.010000;;,
      31;3; 0.010000, 0.010000, 0.010000;;,
      32;3; 0.010000, 0.010000, 0.010000;;,
      33;3; 0.010000, 0.010000, 0.010000;;,
      34;3; 0.010000, 0.010000, 0.010000;;,
      35;3; 0.010000, 0.010000, 0.010000;;,
      36;3; 0.010000, 0.010000, 0.010000;;,
      37;3; 0.010000, 0.010000, 0.010000;;,
      38;3; 0.010000, 0.010000, 0.010000;;,
      39;3; 0.010000, 0.010000, 0.010000;;,
      40;3; 0.010000, 0.010000, 0.010000;;,
      41;3; 0.010000, 0.010000, 0.010000;;,
      42;3; 0.010000, 0.010000, 0.010000;;,
      43;3; 0.010000, 0.010000, 0.010000;;,
      44;3; 0.010000, 0.010000, 0.010000;;,
      45;3; 0.010000, 0.010000, 0.010000;;,
      46;3; 0.010000, 0.010000, 0.010000;;,
      47;3; 0.010000, 0.010000, 0.010000;;,
      48;3; 0.010000, 0.010000, 0.010000;;,
      49;3; 0.010000, 0.010000, 0.010000;;,
      50;3; 0.010000, 0.010000, 0.010000;;,
      51;3; 0.010000, 0.010000, 0.010000;;,
      52;3; 0.010000, 0.010000, 0.010000;;,
      53;3; 0.010000, 0.010000, 0.010000;;,
      54;3; 0.010000, 0.010000, 0.010000;;,
      55;3; 0.010000, 0.010000, 0.010000;;,
      56;3; 0.010000, 0.010000, 0.010000;;,
      57;3; 0.010000, 0.010000, 0.010000;;,
      58;3; 0.010000, 0.010000, 0.010000;;,
      59;3; 0.010000, 0.010000, 0.010000;;,
      60;3; 0.010000, 0.010000, 0.010000;;,
      61;3; 0.010000, 0.010000, 0.010000;;,
      62;3; 0.010000, 0.010000, 0.010000;;,
      63;3; 0.010000, 0.010000, 0.010000;;,
      64;3; 0.010000, 0.010000, 0.010000;;,
      65;3; 0.010000, 0.010000, 0.010000;;,
      66;3; 0.010000, 0.010000, 0.010000;;,
      67;3; 0.010000, 0.010000, 0.010000;;,
      68;3; 0.010000, 0.010000, 0.010000;;,
      69;3; 0.010000, 0.010000, 0.010000;;,
      70;3; 0.010000, 0.010000, 0.010000;;,
      71;3; 0.010000, 0.010000, 0.010000;;,
      72;3; 0.010000, 0.010000, 0.010000;;,
      73;3; 0.010000, 0.010000, 0.010000;;,
      74;3; 0.010000, 0.010000, 0.010000;;,
      75;3; 0.010000, 0.010000, 0.010000;;,
      76;3; 0.010000, 0.010000, 0.010000;;,
      77;3; 0.010000, 0.010000, 0.010000;;,
      78;3; 0.010000, 0.010000, 0.010000;;,
      79;3; 0.010000, 0.010000, 0.010000;;,
      80;3; 0.010000, 0.010000, 0.010000;;,
      81;3; 0.010000, 0.010000, 0.010000;;,
      82;3; 0.010000, 0.010000, 0.010000;;,
      83;3; 0.010000, 0.010000, 0.010000;;,
      84;3; 0.010000, 0.010000, 0.010000;;,
      85;3; 0.010000, 0.010000, 0.010000;;,
      86;3; 0.010000, 0.010000, 0.010000;;,
      87;3; 0.010000, 0.010000, 0.010000;;,
      88;3; 0.010000, 0.010000, 0.010000;;,
      89;3; 0.010000, 0.010000, 0.010000;;,
      90;3; 0.010000, 0.010000, 0.010000;;,
      91;3; 0.010000, 0.010000, 0.010000;;,
      92;3; 0.010000, 0.010000, 0.010000;;,
      93;3; 0.010000, 0.010000, 0.010000;;,
      94;3; 0.010000, 0.010000, 0.010000;;,
      95;3; 0.010000, 0.010000, 0.010000;;,
      96;3; 0.010000, 0.010000, 0.010000;;,
      97;3; 0.010000, 0.010000, 0.010000;;,
      98;3; 0.010000, 0.010000, 0.010000;;,
      99;3; 0.010000, 0.010000, 0.010000;;,
      100;3; 0.010000, 0.010000, 0.010000;;,
      101;3; 0.010000, 0.010000, 0.010000;;,
      102;3; 0.010000, 0.010000, 0.010000;;,
      103;3; 0.010000, 0.010000, 0.010000;;,
      104;3; 0.010000, 0.010000, 0.010000;;,
      105;3; 0.010000, 0.010000, 0.010000;;,
      106;3; 0.010000, 0.010000, 0.010000;;,
      107;3; 0.010000, 0.010000, 0.010000;;,
      108;3; 0.010000, 0.010000, 0.010000;;,
      109;3; 0.010000, 0.010000, 0.010000;;,
      110;3; 0.010000, 0.010000, 0.010000;;,
      111;3; 0.010000, 0.010000, 0.010000;;,
      112;3; 0.010000, 0.010000, 0.010000;;,
      113;3; 0.010000, 0.010000, 0.010000;;,
      114;3; 0.010000, 0.010000, 0.010000;;,
      115;3; 0.010000, 0.010000, 0.010000;;,
      116;3; 0.010000, 0.010000, 0.010000;;,
      117;3; 0.010000, 0.010000, 0.010000;;,
      118;3; 0.010000, 0.010000, 0.010000;;,
      119;3; 0.010000, 0.010000, 0.010000;;,
      120;3; 0.010000, 0.010000, 0.010000;;,
      121;3; 0.010000, 0.010000, 0.010000;;,
      122;3; 0.010000, 0.010000, 0.010000;;,
      123;3; 0.010000, 0.010000, 0.010000;;,
      124;3; 0.010000, 0.010000, 0.010000;;,
      125;3; 0.010000, 0.010000, 0.010000;;,
      126;3; 0.010000, 0.010000, 0.010000;;,
      127;3; 0.010000, 0.010000, 0.010000;;,
      128;3; 0.010000, 0.010000, 0.010000;;,
      129;3; 0.010000, 0.010000, 0.010000;;,
      130;3; 0.010000, 0.010000, 0.010000;;,
      131;3; 0.010000, 0.010000, 0.010000;;,
      132;3; 0.010000, 0.010000, 0.010000;;,
      133;3; 0.010000, 0.010000, 0.010000;;,
      134;3; 0.010000, 0.010000, 0.010000;;,
      135;3; 0.010000, 0.010000, 0.010000;;,
      136;3; 0.010000, 0.010000, 0.010000;;,
      137;3; 0.010000, 0.010000, 0.010000;;,
      138;3; 0.010000, 0.010000, 0.010000;;,
      139;3; 0.010000, 0.010000, 0.010000;;,
      140;3; 0.010000, 0.010000, 0.010000;;,
      141;3; 0.010000, 0.010000, 0.010000;;,
      142;3; 0.010000, 0.010000, 0.010000;;,
      143;3; 0.010000, 0.010000, 0.010000;;,
      144;3; 0.010000, 0.010000, 0.010000;;,
      145;3; 0.010000, 0.010000, 0.010000;;,
      146;3; 0.010000, 0.010000, 0.010000;;,
      147;3; 0.010000, 0.010000, 0.010000;;,
      148;3; 0.010000, 0.010000, 0.010000;;,
      149;3; 0.010000, 0.010000, 0.010000;;,
      150;3; 0.010000, 0.010000, 0.010000;;,
      151;3; 0.010000, 0.010000, 0.010000;;,
      152;3; 0.010000, 0.010000, 0.010000;;,
      153;3; 0.010000, 0.010000, 0.010000;;,
      154;3; 0.010000, 0.010000, 0.010000;;,
      155;3; 0.010000, 0.010000, 0.010000;;,
