xof 0303txt 0032

template XSkinMeshHeader {
  <3cf169ce-ff7c-44ab-93c0-f78f62d172e2>
  WORD nMaxSkinWeightsPerVertex;
  WORD nMaxSkinWeightsPerFace;
  WORD nBones;
}

template SkinWeights {
  <6f0d123b-bad2-4167-a0d0-80224f25fabb>
  STRING transformNodeName;
  DWORD nWeights;
  array DWORD vertexIndices[nWeights];
  array float weights[nWeights];
  Matrix4x4 matrixOffset;
}

Frame Root {
  FrameTransformMatrix {
     1.000000, 0.000000, 0.000000, 0.000000,
     0.000000,-0.000000,-1.000000, 0.000000,
     0.000000, 1.000000,-0.000000, 0.000000,
     0.000000, 0.000000, 0.000000, 1.000000;;
  }
  Frame Armature {
    FrameTransformMatrix {
       0.010000, 0.000000, 0.000000, 0.000000,
       0.000000,-0.000000, 0.010000, 0.000000,
       0.000000,-0.010000,-0.000000, 0.000000,
       0.000000, 0.000000, 0.000000, 1.000000;;
    }
    Frame Armature_mixamorig_Hips {
      FrameTransformMatrix {
         0.605512,-0.124689, 0.786007, 0.000000,
        -0.038976, 0.981819, 0.185777, 0.000000,
        -0.794881,-0.143126, 0.589643, 0.000000,
        22.792728,725.277893,10.304532, 1.000000;;
      }
      Frame Armature_mixamorig_LeftUpLeg {
        FrameTransformMatrix {
          -0.559798, 0.212145, 0.801011, 0.000000,
           0.717579,-0.359294, 0.596647, 0.000000,
           0.414375, 0.908791, 0.048901, 0.000000,
          93.699707,-45.665947,12.677391, 1.000000;;
        }
        Frame Armature_mixamorig_LeftLeg {
          FrameTransformMatrix {
             0.939193, 0.205218,-0.275322, 0.000000,
            -0.338028, 0.411384,-0.846464, 0.000000,
            -0.060446, 0.888059, 0.455738, 0.000000,
            -0.000004,391.884064,-0.000043, 1.000000;;
          }
          Frame Armature_mixamorig_LeftFoot {
            FrameTransformMatrix {
               0.977807,-0.203084, 0.051485, 0.000000,
               0.070178, 0.549031, 0.832851, 0.000000,
              -0.197405,-0.810754, 0.551098, 0.000000,
               0.000000,357.861542,-0.000029, 1.000000;;
            }
            Frame Armature_mixamorig_LeftToeBase {
              FrameTransformMatrix {
                 0.997751,-0.052788,-0.041299, 0.000000,
                 0.066568, 0.708739, 0.702323, 0.000000,
                -0.007804,-0.703493, 0.710659, 0.000000,
                -0.000015,154.092499, 0.000029, 1.000000;;
              }
            } // End of Armature_mixamorig_LeftToeBase
          } // End of Armature_mixamorig_LeftFoot
        } // End of Armature_mixamorig_LeftLeg
      } // End of Armature_mixamorig_LeftUpLeg
      Frame Armature_mixamorig_RightUpLeg {
        FrameTransformMatrix {
          -0.743501, 0.276300,-0.608928, 0.000000,
          -0.524808,-0.805450, 0.275354, 0.000000,
          -0.414401, 0.524317, 0.743884, 0.000000,
          -93.699684,-45.666000,13.235889, 1.000000;;
        }
        Frame Armature_mixamorig_RightLeg {
          FrameTransformMatrix {
             0.985864,-0.166626, 0.017556, 0.000000,
             0.118466, 0.619128,-0.776303, 0.000000,
             0.118483, 0.767408, 0.630116, 0.000000,
            -0.000025,391.883148, 0.000008, 1.000000;;
          }
          Frame Armature_mixamorig_RightFoot {
            FrameTransformMatrix {
               0.822591, 0.559576, 0.101087, 0.000000,
              -0.318382, 0.305947, 0.897234, 0.000000,
               0.471143,-0.770241, 0.429828, 0.000000,
               0.000016,357.860779,-0.000006, 1.000000;;
            }
            Frame Armature_mixamorig_RightToeBase {
              FrameTransformMatrix {
                 0.999809,-0.001644, 0.019484, 0.000000,
                -0.012330, 0.720375, 0.693475, 0.000000,
                -0.015176,-0.693582, 0.720217, 0.000000,
                -0.000018,154.509125, 0.000010, 1.000000;;
              }
            } // End of Armature_mixamorig_RightToeBase
          } // End of Armature_mixamorig_RightFoot
        } // End of Armature_mixamorig_RightLeg
      } // End of Armature_mixamorig_RightUpLeg
      Frame Armature_mixamorig_Spine {
        FrameTransformMatrix {
           0.997706, 0.028900,-0.061214, 0.000000,
          -0.020738, 0.991296, 0.130007, 0.000000,
           0.064439,-0.128439, 0.989621, 0.000000,
           0.000005,82.360611,-1.278303, 1.000000;;
        }
        Frame Armature_mixamorig_Spine1 {
          FrameTransformMatrix {
             0.989177, 0.144795,-0.023729, 0.000000,
            -0.143887, 0.988927, 0.036329, 0.000000,
             0.028727,-0.032521, 0.999058, 0.000000,
            -0.000006,96.098816, 0.000000, 1.000000;;
          }
          Frame Armature_mixamorig_Spine2 {
            FrameTransformMatrix {
               0.992169, 0.120627,-0.032403, 0.000000,
              -0.119979, 0.992549, 0.021231, 0.000000,
               0.034722,-0.017178, 0.999249, 0.000000,
               0.000014,109.827522,-0.000017, 1.000000;;
            }
            Frame Armature_mixamorig_LeftShoulder {
              FrameTransformMatrix {
                 0.395568,-0.012065,-0.918357, 0.000000,
                 0.843466,-0.390914, 0.368445, 0.000000,
                -0.363444,-0.920348,-0.144456, 0.000000,
                45.514450,109.232590, 0.066444, 1.000000;;
              }
              Frame Armature_mixamorig_LeftArm {
                FrameTransformMatrix {
                   0.980958, 0.189631, 0.041983, 0.000000,
                  -0.181724, 0.819837, 0.542995, 0.000000,
                   0.068549,-0.540284, 0.838686, 0.000000,
                   0.000003,95.179626, 0.000070, 1.000000;;
                }
                Frame Armature_mixamorig_LeftForeArm {
                  FrameTransformMatrix {
                    -0.122548, 0.918895, 0.374984, 0.000000,
                    -0.976374,-0.043869,-0.211587, 0.000000,
                    -0.177976,-0.392054, 0.902562, 0.000000,
                     0.000015,207.294266, 0.000061, 1.000000;;
                  }
                  Frame Armature_mixamorig_LeftHand {
                    FrameTransformMatrix {
                       0.984296,-0.100737, 0.144961, 0.000000,
                       0.091559, 0.993429, 0.068670, 0.000000,
                      -0.150926,-0.054320, 0.987051, 0.000000,
                      -0.000086,263.734558, 0.000008, 1.000000;;
                    }
                    Frame Armature_mixamorig_LeftHandIndex1 {
                      FrameTransformMatrix {
                         0.969453, 0.237442, 0.061503, 0.000000,
                        -0.096425, 0.138383, 0.985674, 0.000000,
                         0.225529,-0.961494, 0.157051, 0.000000,
                        -24.511387,75.786636, 0.565186, 1.000000;;
                      }
                      Frame Armature_mixamorig_LeftHandIndex2 {
                        FrameTransformMatrix {
                           0.997481, 0.070918,-0.001563, 0.000000,
                          -0.025727, 0.382211, 0.923717, 0.000000,
                           0.066106,-0.921350, 0.383073, 0.000000,
                           0.000251,26.545259, 0.000057, 1.000000;;
                        }
                        Frame Armature_mixamorig_LeftHandIndex3 {
                          FrameTransformMatrix {
                             0.998470,-0.022415,-0.050552, 0.000000,
                             0.053737, 0.177598, 0.982635, 0.000000,
                            -0.013048,-0.983848, 0.178531, 0.000000,
                             0.002695,24.501951,-0.000006, 1.000000;;
                          }
                        } // End of Armature_mixamorig_LeftHandIndex3
                      } // End of Armature_mixamorig_LeftHandIndex2
                    } // End of Armature_mixamorig_LeftHandIndex1
                    Frame Armature_mixamorig_LeftHandMiddle1 {
                      FrameTransformMatrix {
                         0.993809, 0.059565, 0.093789, 0.000000,
                        -0.096571, 0.045685, 0.994277, 0.000000,
                         0.054939,-0.997179, 0.051154, 0.000000,
                        -8.188033,75.844963, 0.198078, 1.000000;;
                      }
                      Frame Armature_mixamorig_LeftHandMiddle2 {
                        FrameTransformMatrix {
                           0.997126, 0.075753,-0.001493, 0.000000,
                          -0.016077, 0.230803, 0.972868, 0.000000,
                           0.074042,-0.970047, 0.231358, 0.000000,
                           0.001520,29.472340,-0.000015, 1.000000;;
                        }
                        Frame Armature_mixamorig_LeftHandMiddle3 {
                          FrameTransformMatrix {
                             0.997970,-0.026004,-0.058130, 0.000000,
                             0.061899, 0.181646, 0.981414, 0.000000,
                            -0.014961,-0.983020, 0.182887, 0.000000,
                             0.000553,28.342880,-0.000095, 1.000000;;
                          }
                        } // End of Armature_mixamorig_LeftHandMiddle3
                      } // End of Armature_mixamorig_LeftHandMiddle2
                    } // End of Armature_mixamorig_LeftHandMiddle1
                    Frame Armature_mixamorig_LeftHandPinky1 {
                      FrameTransformMatrix {
                         0.988334,-0.027455, 0.149806, 0.000000,
                        -0.148138, 0.055128, 0.987429, 0.000000,
                        -0.035368,-0.998102, 0.050418, 0.000000,
                        24.290379,76.103638, 0.055069, 1.000000;;
                      }
                      Frame Armature_mixamorig_LeftHandPinky2 {
                        FrameTransformMatrix {
                           0.999927, 0.005982, 0.010454, 0.000000,
                          -0.011693, 0.273870, 0.961696, 0.000000,
                           0.002890,-0.961748, 0.273920, 0.000000,
                           0.000072,24.886116,-0.000031, 1.000000;;
                        }
                        Frame Armature_mixamorig_LeftHandPinky3 {
                          FrameTransformMatrix {
                             0.998862,-0.022678,-0.041949, 0.000000,
                             0.047285, 0.357046, 0.932889, 0.000000,
                            -0.006178,-0.933811, 0.357713, 0.000000,
                             0.002403,20.427567, 0.000151, 1.000000;;
                          }
                        } // End of Armature_mixamorig_LeftHandPinky3
                      } // End of Armature_mixamorig_LeftHandPinky2
                    } // End of Armature_mixamorig_LeftHandPinky1
                    Frame Armature_mixamorig_LeftHandRing1 {
                      FrameTransformMatrix {
                         0.996462, 0.036176, 0.075859, 0.000000,
                        -0.075249,-0.017951, 0.997003, 0.000000,
                         0.037429,-0.999184,-0.015165, 0.000000,
                         8.409000,78.182823, 1.262817, 1.000000;;
                      }
                      Frame Armature_mixamorig_LeftHandRing2 {
                        FrameTransformMatrix {
                           0.999784, 0.013934, 0.015393, 0.000000,
                          -0.020105, 0.464641, 0.885271, 0.000000,
                           0.005183,-0.885389, 0.464821, 0.000000,
                           0.000511,27.473507,-0.000008, 1.000000;;
                        }
                        Frame Armature_mixamorig_LeftHandRing3 {
                          FrameTransformMatrix {
                             0.999349,-0.018927,-0.030703, 0.000000,
                             0.030074,-0.032679, 0.999013, 0.000000,
                            -0.019912,-0.999287,-0.032088, 0.000000,
                            -0.002014,25.445343,-0.000111, 1.000000;;
                          }
                        } // End of Armature_mixamorig_LeftHandRing3
                      } // End of Armature_mixamorig_LeftHandRing2
                    } // End of Armature_mixamorig_LeftHandRing1
                    Frame Armature_mixamorig_LeftHandThumb1 {
                      FrameTransformMatrix {
                         0.567279, 0.789239,-0.235152, 0.000000,
                        -0.489758, 0.552879, 0.674138, 0.000000,
                         0.662067,-0.267257, 0.700172, 0.000000,
                        -29.122976,26.236839, 4.867390, 1.000000;;
                      }
                      Frame Armature_mixamorig_LeftHandThumb2 {
                        FrameTransformMatrix {
                           0.959184,-0.280936, 0.032259, 0.000000,
                           0.277344, 0.956862, 0.086576, 0.000000,
                          -0.055190,-0.074095, 0.995723, 0.000000,
                           1.230927,31.575592, 0.000229, 1.000000;;
                        }
                        Frame Armature_mixamorig_LeftHandThumb3 {
                          FrameTransformMatrix {
                             0.440336,-0.203950,-0.874362, 0.000000,
                             0.650821, 0.743373, 0.154363, 0.000000,
                             0.618495,-0.637025, 0.460069, 0.000000,
                             1.621590,21.556236, 0.000031, 1.000000;;
                          }
                        } // End of Armature_mixamorig_LeftHandThumb3
                      } // End of Armature_mixamorig_LeftHandThumb2
                    } // End of Armature_mixamorig_LeftHandThumb1
                  } // End of Armature_mixamorig_LeftHand
                } // End of Armature_mixamorig_LeftForeArm
              } // End of Armature_mixamorig_LeftArm
            } // End of Armature_mixamorig_LeftShoulder
            Frame Armature_mixamorig_Neck {
              FrameTransformMatrix {
                 0.983234,-0.071376,-0.167796, 0.000000,
                 0.075529, 0.996972, 0.018492, 0.000000,
                 0.165968,-0.030855, 0.985648, 0.000000,
                -0.000011,123.555573,-0.000015, 1.000000;;
              }
              Frame Armature_mixamorig_Head {
                FrameTransformMatrix {
                   0.879218,-0.261489,-0.398245, 0.000000,
                   0.249266, 0.964853,-0.083212, 0.000000,
                   0.406007,-0.026108, 0.913497, 0.000000,
                   0.000027,108.817383,-2.669937, 1.000000;;
                }
              } // End of Armature_mixamorig_Head
            } // End of Armature_mixamorig_Neck
            Frame Armature_mixamorig_RightShoulder {
              FrameTransformMatrix {
                -0.308760, 0.077109, 0.948009, 0.000000,
                -0.950200, 0.019287,-0.311043, 0.000000,
                -0.042268,-0.996836, 0.067314, 0.000000,
                -45.514473,109.241837,-0.511045, 1.000000;;
              }
              Frame Armature_mixamorig_RightArm {
                FrameTransformMatrix {
                   0.996454,-0.084123, 0.001359, 0.000000,
                   0.054010, 0.651969, 0.756320, 0.000000,
                  -0.064510,-0.753565, 0.654201, 0.000000,
                  -0.000013,95.179550, 0.000055, 1.000000;;
                }
                Frame Armature_mixamorig_RightForeArm {
                  FrameTransformMatrix {
                     0.264292,-0.963919,-0.031767, 0.000000,
                     0.961609, 0.265895,-0.067880, 0.000000,
                     0.073878,-0.012607, 0.997187, 0.000000,
                     0.000031,207.296692, 0.000023, 1.000000;;
                  }
                  Frame Armature_mixamorig_RightHand {
                    FrameTransformMatrix {
                       0.924531,-0.366369,-0.104958, 0.000000,
                       0.377734, 0.917469, 0.124766, 0.000000,
                       0.050585,-0.154996, 0.986619, 0.000000,
                       0.000011,263.734039, 0.000076, 1.000000;;
                    }
                    Frame Armature_mixamorig_RightHandIndex1 {
                      FrameTransformMatrix {
                         0.999223,-0.038942, 0.006029, 0.000000,
                         0.012800, 0.465460, 0.884976, 0.000000,
                        -0.037269,-0.884212, 0.465597, 0.000000,
                        23.786781,76.789001, 0.476959, 1.000000;;
                      }
                      Frame Armature_mixamorig_RightHandIndex2 {
                        FrameTransformMatrix {
                           0.998202,-0.059041, 0.010290, 0.000000,
                           0.013951, 0.395900, 0.918188, 0.000000,
                          -0.058284,-0.916394, 0.396012, 0.000000,
                           0.003557,26.618675, 0.000028, 1.000000;;
                        }
                        Frame Armature_mixamorig_RightHandIndex3 {
                          FrameTransformMatrix {
                             0.998521, 0.028496, 0.046306, 0.000000,
                            -0.052553, 0.287412, 0.956364, 0.000000,
                             0.013943,-0.957383, 0.288484, 0.000000,
                             0.028585,24.681164, 0.000040, 1.000000;;
                          }
                        } // End of Armature_mixamorig_RightHandIndex3
                      } // End of Armature_mixamorig_RightHandIndex2
                    } // End of Armature_mixamorig_RightHandIndex1
                    Frame Armature_mixamorig_RightHandMiddle1 {
                      FrameTransformMatrix {
                         0.996016,-0.088189,-0.013221, 0.000000,
                         0.043685, 0.353284, 0.934496, 0.000000,
                        -0.077742,-0.931350, 0.355729, 0.000000,
                         8.323425,77.854813, 1.195732, 1.000000;;
                      }
                      Frame Armature_mixamorig_RightHandMiddle2 {
                        FrameTransformMatrix {
                           0.997849,-0.063933, 0.014484, 0.000000,
                          -0.008328, 0.095524, 0.995393, 0.000000,
                          -0.065022,-0.993372, 0.094786, 0.000000,
                           0.008266,29.184334,-0.000134, 1.000000;;
                        }
                        Frame Armature_mixamorig_RightHandMiddle3 {
                          FrameTransformMatrix {
                             0.997454, 0.058994, 0.040061, 0.000000,
                            -0.069084, 0.660132, 0.747966, 0.000000,
                             0.017680,-0.748830, 0.662526, 0.000000,
                             0.026905,28.014807,-0.000156, 1.000000;;
                          }
                        } // End of Armature_mixamorig_RightHandMiddle3
                      } // End of Armature_mixamorig_RightHandMiddle2
                    } // End of Armature_mixamorig_RightHandMiddle1
                    Frame Armature_mixamorig_RightHandPinky1 {
                      FrameTransformMatrix {
                         0.992835,-0.106646,-0.053896, 0.000000,
                         0.057946, 0.035246, 0.997697, 0.000000,
                        -0.104501,-0.993672, 0.041173, 0.000000,
                        -23.872196,76.419785,-0.111443, 1.000000;;
                      }
                      Frame Armature_mixamorig_RightHandPinky2 {
                        FrameTransformMatrix {
                           0.999988, 0.004221,-0.002445, 0.000000,
                          -0.000467, 0.581894, 0.813264, 0.000000,
                           0.004856,-0.813254, 0.581889, 0.000000,
                           0.021141,24.380215, 0.000053, 1.000000;;
                        }
                        Frame Armature_mixamorig_RightHandPinky3 {
                          FrameTransformMatrix {
                             0.999891, 0.012262,-0.008258, 0.000000,
                            -0.002082, 0.669787, 0.742550, 0.000000,
                             0.014636,-0.742452, 0.669740, 0.000000,
                             0.034517,20.300800,-0.000182, 1.000000;;
                          }
                        } // End of Armature_mixamorig_RightHandPinky3
                      } // End of Armature_mixamorig_RightHandPinky2
                    } // End of Armature_mixamorig_RightHandPinky1
                    Frame Armature_mixamorig_RightHandRing1 {
                      FrameTransformMatrix {
                         0.999513,-0.012678, 0.028524, 0.000000,
                        -0.025858, 0.175596, 0.984123, 0.000000,
                        -0.017485,-0.984381, 0.175183, 0.000000,
                        -8.238277,77.654724, 0.669258, 1.000000;;
                      }
                      Frame Armature_mixamorig_RightHandRing2 {
                        FrameTransformMatrix {
                           0.999931,-0.011670,-0.001185, 0.000000,
                           0.004497, 0.288051, 0.957604, 0.000000,
                          -0.010834,-0.957544, 0.288083, 0.000000,
                           0.008945,27.434483,-0.000145, 1.000000;;
                        }
                        Frame Armature_mixamorig_RightHandRing3 {
                          FrameTransformMatrix {
                             0.999538, 0.030361, 0.001125, 0.000000,
                            -0.017501, 0.545117, 0.838177, 0.000000,
                             0.024834,-0.837810, 0.545397, 0.000000,
                             0.000458,26.051506, 0.000122, 1.000000;;
                          }
                        } // End of Armature_mixamorig_RightHandRing3
                      } // End of Armature_mixamorig_RightHandRing2
                    } // End of Armature_mixamorig_RightHandRing1
                    Frame Armature_mixamorig_RightHandThumb1 {
                      FrameTransformMatrix {
                         0.771598,-0.514543, 0.374008, 0.000000,
                        -0.028942, 0.558954, 0.828693, 0.000000,
                        -0.635451,-0.650243, 0.416396, 0.000000,
                        28.496830,26.350388, 4.738552, 1.000000;;
                      }
                      Frame Armature_mixamorig_RightHandThumb2 {
                        FrameTransformMatrix {
                           0.998128, 0.012750, 0.059815, 0.000000,
                          -0.001074, 0.981532,-0.191292, 0.000000,
                          -0.061150, 0.190869, 0.979709, 0.000000,
                          -0.718807,31.272528,-0.000183, 1.000000;;
                        }
                        Frame Armature_mixamorig_RightHandThumb3 {
                          FrameTransformMatrix {
                             0.791059, 0.504236,-0.346370, 0.000000,
                            -0.550634, 0.833583,-0.044062, 0.000000,
                             0.266510, 0.225578, 0.937063, 0.000000,
                            -0.909495,21.534618,-0.000003, 1.000000;;
                          }
                        } // End of Armature_mixamorig_RightHandThumb3
                      } // End of Armature_mixamorig_RightHandThumb2
                    } // End of Armature_mixamorig_RightHandThumb1
                  } // End of Armature_mixamorig_RightHand
                } // End of Armature_mixamorig_RightForeArm
              } // End of Armature_mixamorig_RightArm
            } // End of Armature_mixamorig_RightShoulder
          } // End of Armature_mixamorig_Spine2
        } // End of Armature_mixamorig_Spine1
      } // End of Armature_mixamorig_Spine
    } // End of Armature_mixamorig_Hips
  } // End of Armature
} // End of Root
AnimationSet Global {
  Animation {
    {Armature}
    AnimationKey { // Rotation
      0;
      30;
      0;4;-0.707107, 0.707107, 0.000000, 0.000000;;,
      1;4;-0.707107, 0.707107, 0.000000, 0.000000;;,
      2;4;-0.707107, 0.707107, 0.000000, 0.000000;;,
      3;4;-0.707107, 0.707107, 0.000000, 0.000000;;,
      4;4;-0.707107, 0.707107, 0.000000, 0.000000;;,
      5;4;-0.707107, 0.707107, 0.000000, 0.000000;;,
      6;4;-0.707107, 0.707107, 0.000000, 0.000000;;,
      7;4;-0.707107, 0.707107, 0.000000, 0.000000;;,
      8;4;-0.707107, 0.707107, 0.000000, 0.000000;;,
      9;4;-0.707107, 0.707107, 0.000000, 0.000000;;,
      10;4;-0.707107, 0.707107, 0.000000, 0.000000;;,
      11;4;-0.707107, 0.707107, 0.000000, 0.000000;;,
      12;4;-0.707107, 0.707107, 0.000000, 0.000000;;,
      13;4;-0.707107, 0.707107, 0.000000, 0.000000;;,
      14;4;-0.707107, 0.707107, 0.000000, 0.000000;;,
      15;4;-0.707107, 0.707107, 0.000000, 0.000000;;,
      16;4;-0.707107, 0.707107, 0.000000, 0.000000;;,
      17;4;-0.707107, 0.707107, 0.000000, 0.000000;;,
      18;4;-0.707107, 0.707107, 0.000000, 0.000000;;,
      19;4;-0.707107, 0.707107, 0.000000, 0.000000;;,
      20;4;-0.707107, 0.707107, 0.000000, 0.000000;;,
      21;4;-0.707107, 0.707107, 0.000000, 0.000000;;,
      22;4;-0.707107, 0.707107, 0.000000, 0.000000;;,
      23;4;-0.707107, 0.707107, 0.000000, 0.000000;;,
      24;4;-0.707107, 0.707107, 0.000000, 0.000000;;,
      25;4;-0.707107, 0.707107, 0.000000, 0.000000;;,
      26;4;-0.707107, 0.707107, 0.000000, 0.000000;;,
      27;4;-0.707107, 0.707107, 0.000000, 0.000000;;,
      28;4;-0.707107, 0.707107, 0.000000, 0.000000;;,
      29;4;-0.707107, 0.707107, 0.000000, 0.000000;;;
    }
    AnimationKey { // Scale
      1;
      30;
      0;3; 0.010000, 0.010000, 0.010000;;,
      1;3; 0.010000, 0.010000, 0.010000;;,
      2;3; 0.010000, 0.010000, 0.010000;;,
      3;3; 0.010000, 0.010000, 0.010000;;,
      4;3; 0.010000, 0.010000, 0.010000;;,
      5;3; 0.010000, 0.010000, 0.010000;;,
      6;3; 0.010000, 0.010000, 0.010000;;,
      7;3; 0.010000, 0.010000, 0.010000;;,
      8;3; 0.010000, 0.010000, 0.010000;;,
      9;3; 0.010000, 0.010000, 0.010000;;,
      10;3; 0.010000, 0.010000, 0.010000;;,
      11;3; 0.010000, 0.010000, 0.010000;;,
      12;3; 0.010000, 0.010000, 0.010000;;,
      13;3; 0.010000, 0.010000, 0.010000;;,
      14;3; 0.010000, 0.010000, 0.010000;;,
      15;3; 0.010000, 0.010000, 0.010000;;,
      16;3; 0.010000, 0.010000, 0.010000;;,
      17;3; 0.010000, 0.010000, 0.010000;;,
      18;3; 0.010000, 0.010000, 0.010000;;,
      19;3; 0.010000, 0.010000, 0.010000;;,
      20;3; 0.010000, 0.010000, 0.010000;;,
      21;3; 0.010000, 0.010000, 0.010000;;,
      22;3; 0.010000, 0.010000, 0.010000;;,
      23;3; 0.010000, 0.010000, 0.010000;;,
      24;3; 0.010000, 0.010000, 0.010000;;,
      25;3; 0.010000, 0.010000, 0.010000;;,
      26;3; 0.010000, 0.010000, 0.010000;;,
      27;3; 0.010000, 0.010000, 0.010000;;,
      28;3; 0.010000, 0.010000, 0.010000;;,
      29;3; 0.010000, 0.010000, 0.010000;;;
    }
    AnimationKey { // Position
      2;
      30;
      0;3; 0.000000, 0.000000, 0.000000;;,
      1;3; 0.000000, 0.000000, 0.000000;;,
      2;3; 0.000000, 0.000000, 0.000000;;,
      3;3; 0.000000, 0.000000, 0.000000;;,
      4;3; 0.000000, 0.000000, 0.000000;;,
      5;3; 0.000000, 0.000000, 0.000000;;,
      6;3; 0.000000, 0.000000, 0.000000;;,
      7;3; 0.000000, 0.000000, 0.000000;;,
      8;3; 0.000000, 0.000000, 0.000000;;,
      9;3; 0.000000, 0.000000, 0.000000;;,
      10;3; 0.000000, 0.000000, 0.000000;;,
      11;3; 0.000000, 0.000000, 0.000000;;,
      12;3; 0.000000, 0.000000, 0.000000;;,
      13;3; 0.000000, 0.000000, 0.000000;;,
      14;3; 0.000000, 0.000000, 0.000000;;,
      15;3; 0.000000, 0.000000, 0.000000;;,
      16;3; 0.000000, 0.000000, 0.000000;;,
      17;3; 0.000000, 0.000000, 0.000000;;,
      18;3; 0.000000, 0.000000, 0.000000;;,
      19;3; 0.000000, 0.000000, 0.000000;;,
      20;3; 0.000000, 0.000000, 0.000000;;,
      21;3; 0.000000, 0.000000, 0.000000;;,
      22;3; 0.000000, 0.000000, 0.000000;;,
      23;3; 0.000000, 0.000000, 0.000000;;,
      24;3; 0.000000, 0.000000, 0.000000;;,
      25;3; 0.000000, 0.000000, 0.000000;;,
      26;3; 0.000000, 0.000000, 0.000000;;,
      27;3; 0.000000, 0.000000, 0.000000;;,
      28;3; 0.000000, 0.000000, 0.000000;;,
      29;3; 0.000000, 0.000000, 0.000000;;;
    }
  }
  Animation {
    {Armature_mixamorig_Hips}
    AnimationKey { // Rotation
      0;
      30;
      0;4;-0.891203, 0.092264,-0.443470,-0.024044;;,
      1;4;-0.893150, 0.108859,-0.435644,-0.025418;;,
      2;4;-0.900576, 0.130151,-0.414248,-0.020562;;,
      3;4;-0.908917, 0.161016,-0.384440,-0.012248;;,
      4;4;-0.905914, 0.190352,-0.378105,-0.011084;;,
      5;4;-0.891313, 0.201308,-0.405778,-0.019493;;,
      6;4;-0.875054, 0.193374,-0.442480,-0.033128;;,
      7;4;-0.860491, 0.181960,-0.473747,-0.044832;;,
      8;4;-0.850715, 0.181348,-0.490783,-0.050281;;,
      9;4;-0.846775, 0.183306,-0.496682,-0.051746;;,
      10;4;-0.851794, 0.180288,-0.489541,-0.047881;;,
      11;4;-0.859679, 0.182248,-0.475827,-0.036426;;,
      12;4;-0.864086, 0.184069,-0.467592,-0.028828;;,
      13;4;-0.866983, 0.183346,-0.462726,-0.024665;;,
      14;4;-0.869163, 0.181270,-0.459569,-0.022196;;,
      15;4;-0.871061, 0.178564,-0.457113,-0.020386;;,
      16;4;-0.872935, 0.175292,-0.454876,-0.018608;;,
      17;4;-0.875072, 0.169887,-0.452907,-0.016172;;,
      18;4;-0.877346, 0.160978,-0.451845,-0.013669;;,
      19;4;-0.879570, 0.151671,-0.450786,-0.012043;;,
      20;4;-0.881378, 0.144384,-0.449644,-0.012135;;,
      21;4;-0.882902, 0.138084,-0.448603,-0.013138;;,
      22;4;-0.884300, 0.131968,-0.447651,-0.014376;;,
      23;4;-0.885283, 0.126511,-0.447211,-0.016482;;,
      24;4;-0.886275, 0.120708,-0.446805,-0.017622;;,
      25;4;-0.887387, 0.114313,-0.446286,-0.017482;;,
      26;4;-0.888547, 0.107998,-0.445552,-0.017458;;,
      27;4;-0.889582, 0.102632,-0.444675,-0.019374;;,
      28;4;-0.890404, 0.097452,-0.444086,-0.021715;;,
      29;4;-0.891203, 0.092264,-0.443470,-0.024044;;;
    }
    AnimationKey { // Scale
      1;
      30;
      0;3; 1.000000, 1.000000, 1.000000;;,
      1;3; 1.000000, 1.000000, 1.000000;;,
      2;3; 1.000000, 1.000000, 1.000000;;,
      3;3; 1.000000, 1.000000, 1.000000;;,
      4;3; 1.000000, 1.000000, 1.000000;;,
      5;3; 1.000000, 1.000000, 1.000000;;,
      6;3; 1.000000, 1.000000, 1.000000;;,
      7;3; 1.000000, 1.000000, 1.000000;;,
      8;3; 1.000000, 1.000000, 1.000000;;,
      9;3; 1.000000, 1.000000, 1.000000;;,
      10;3; 1.000000, 1.000000, 1.000000;;,
      11;3; 1.000000, 1.000000, 1.000000;;,
      12;3; 1.000000, 1.000000, 1.000000;;,
      13;3; 1.000000, 1.000000, 1.000000;;,
      14;3; 1.000000, 1.000000, 1.000000;;,
      15;3; 1.000000, 1.000000, 1.000000;;,
      16;3; 1.000000, 1.000000, 1.000000;;,
      17;3; 1.000000, 1.000000, 1.000000;;,
      18;3; 1.000000, 1.000000, 1.000000;;,
      19;3; 1.000000, 1.000000, 1.000000;;,
      20;3; 1.000000, 1.000000, 1.000000;;,
      21;3; 1.000000, 1.000000, 1.000000;;,
      22;3; 1.000000, 1.000000, 1.000000;;,
      23;3; 1.000000, 1.000000, 1.000000;;,
      24;3; 1.000000, 1.000000, 1.000000;;,
      25;3; 1.000000, 1.000000, 1.000000;;,
      26;3; 1.000000, 1.000000, 1.000000;;,
      27;3; 1.000000, 1.000000, 1.000000;;,
      28;3; 1.000000, 1.000000, 1.000000;;,
      29;3; 1.000000, 1.000000, 1.000000;;;
    }
    AnimationKey { // Position
      2;
      30;
      0;3;22.792728,725.277893,10.304532;;,
      1;3;13.810834,733.766602,-0.465353;;,
      2;3; 7.139821,746.336548,-16.152887;;,
      3;3; 5.118089,763.505188,-35.276974;;,
      4;3; 7.360940,774.285278,-44.310425;;,
      5;3;11.555761,779.193420,-45.601936;;,
      6;3;14.285355,774.141052,-41.360069;;,
      7;3;15.641562,762.025940,-33.064163;;,
      8;3;17.791143,750.851868,-28.790287;;,
      9;3;20.511396,738.482849,-25.445578;;,
      10;3;23.013649,727.781921,-25.541546;;,
      11;3;25.007849,720.842041,-27.510693;;,
      12;3;26.337416,718.221985,-29.790216;;,
      13;3;27.270269,718.054443,-32.538025;;,
      14;3;27.993668,719.214111,-35.474186;;,
      15;3;28.632015,720.926331,-38.435608;;,
      16;3;29.221167,722.969421,-41.117252;;,
      17;3;29.660988,726.061157,-42.130413;;,
      18;3;29.734472,730.382202,-39.882561;;,
      19;3;29.598524,731.825012,-35.358253;;,
      20;3;29.213657,731.583313,-30.941452;;,
      21;3;28.745068,730.701904,-26.516237;;,
      22;3;28.274414,729.561890,-21.875956;;,
      23;3;27.809641,727.192749,-15.859543;;,
      24;3;26.972832,726.690430,-10.577431;;,
      25;3;25.708267,728.505737,-6.506390;;,
      26;3;24.443085,730.485046,-3.362777;;,
      27;3;23.888222,729.408813, 0.360162;;,
      28;3;23.318377,727.334351, 5.329563;;,
      29;3;22.746262,725.278076,10.269972;;;
    }
  }
  Animation {
    {Armature_mixamorig_Spine}
    AnimationKey { // Rotation
      0;
      30;
      0;4;-0.997324, 0.064785, 0.031498, 0.012443;;,
      1;4;-0.995923, 0.083246, 0.033670, 0.008611;;,
      2;4;-0.994241, 0.101749, 0.033359, 0.004406;;,
      3;4;-0.993349, 0.111695, 0.027790, 0.003237;;,
      4;4;-0.992348, 0.120274, 0.027425, 0.005341;;,
      5;4;-0.991144, 0.129433, 0.028903, 0.006688;;,
      6;4;-0.989855, 0.138731, 0.029696, 0.007736;;,
      7;4;-0.988456, 0.148104, 0.030761, 0.008645;;,
      8;4;-0.986968, 0.157669, 0.031220, 0.007685;;,
      9;4;-0.985351, 0.167639, 0.031061, 0.003872;;,
      10;4;-0.983612, 0.177503, 0.031590,-0.001454;;,
      11;4;-0.981929, 0.185121, 0.038149,-0.009540;;,
      12;4;-0.980975, 0.188624, 0.043455,-0.014856;;,
      13;4;-0.980582, 0.189826, 0.045969,-0.017639;;,
      14;4;-0.980519, 0.189762, 0.046993,-0.019084;;,
      15;4;-0.980617, 0.189084, 0.047337,-0.019920;;,
      16;4;-0.980880, 0.187731, 0.047142,-0.020237;;,
      17;4;-0.981783, 0.183652, 0.045041,-0.018610;;,
      18;4;-0.983676, 0.174810, 0.040415,-0.013764;;,
      19;4;-0.985627, 0.164705, 0.036613,-0.008469;;,
      20;4;-0.987455, 0.153983, 0.034722,-0.003909;;,
      21;4;-0.989102, 0.143291, 0.033837, 0.000056;;,
      22;4;-0.990591, 0.132725, 0.033173, 0.003773;;,
      23;4;-0.991861, 0.122740, 0.033203, 0.006650;;,
      24;4;-0.993012, 0.113057, 0.032961, 0.007712;;,
      25;4;-0.994083, 0.103442, 0.032330, 0.007249;;,
      26;4;-0.995062, 0.093838, 0.031609, 0.006832;;,
      27;4;-0.995924, 0.084176, 0.031271, 0.008477;;,
      28;4;-0.996673, 0.074488, 0.031382, 0.010479;;,
      29;4;-0.997324, 0.064785, 0.031498, 0.012443;;;
    }
    AnimationKey { // Scale
      1;
      30;
      0;3; 1.000000, 1.000000, 1.000000;;,
      1;3; 1.000000, 1.000000, 1.000000;;,
      2;3; 1.000000, 1.000000, 1.000000;;,
      3;3; 1.000000, 1.000000, 1.000000;;,
      4;3; 1.000000, 1.000000, 1.000000;;,
      5;3; 1.000000, 1.000000, 1.000000;;,
      6;3; 1.000000, 1.000000, 1.000000;;,
      7;3; 1.000000, 1.000000, 1.000000;;,
      8;3; 1.000000, 1.000000, 1.000000;;,
      9;3; 1.000000, 1.000000, 1.000000;;,
      10;3; 1.000000, 1.000000, 1.000000;;,
      11;3; 1.000000, 1.000000, 1.000000;;,
      12;3; 1.000000, 1.000000, 1.000000;;,
      13;3; 1.000000, 1.000000, 1.000000;;,
      14;3; 1.000000, 1.000000, 1.000000;;,
      15;3; 1.000000, 1.000000, 1.000000;;,
      16;3; 1.000000, 1.000000, 1.000000;;,
      17;3; 1.000000, 1.000000, 1.000000;;,
      18;3; 1.000000, 1.000000, 1.000000;;,
      19;3; 1.000000, 1.000000, 1.000000;;,
      20;3; 1.000000, 1.000000, 1.000000;;,
      21;3; 1.000000, 1.000000, 1.000000;;,
      22;3; 1.000000, 1.000000, 1.000000;;,
      23;3; 1.000000, 1.000000, 1.000000;;,
      24;3; 1.000000, 1.000000, 1.000000;;,
      25;3; 1.000000, 1.000000, 1.000000;;,
      26;3; 1.000000, 1.000000, 1.000000;;,
      27;3; 1.000000, 1.000000, 1.000000;;,
      28;3; 1.000000, 1.000000, 1.000000;;,
      29;3; 1.000000, 1.000000, 1.000000;;;
    }
    AnimationKey { // Position
      2;
      30;
      0;3; 0.000005,82.360611,-1.278303;;,
      1;3;-0.000021,82.360687,-1.278290;;,
      2;3; 0.000007,82.360649,-1.278337;;,
      3;3;-0.000008,82.360596,-1.278318;;,
      4;3; 0.000011,82.360672,-1.278294;;,
      5;3;-0.000018,82.360634,-1.278311;;,
      6;3; 0.000026,82.360703,-1.278323;;,
      7;3; 0.000011,82.360504,-1.278318;;,
      8;3; 0.000007,82.360558,-1.278330;;,
      9;3; 0.000003,82.360565,-1.278305;;,
      10;3;-0.000021,82.360672,-1.278307;;,
      11;3; 0.000004,82.360619,-1.278306;;,
      12;3;-0.000019,82.360603,-1.278302;;,
      13;3;-0.000009,82.360474,-1.278309;;,
      14;3;-0.000021,82.360641,-1.278310;;,
      15;3; 0.000021,82.360649,-1.278295;;,
      16;3; 0.000019,82.360573,-1.278272;;,
      17;3; 0.000023,82.360611,-1.278292;;,
      18;3;-0.000032,82.360695,-1.278326;;,
      19;3;-0.000001,82.360680,-1.278327;;,
      20;3; 0.000010,82.360641,-1.278324;;,
      21;3;-0.000007,82.360573,-1.278311;;,
      22;3;-0.000007,82.360611,-1.278292;;,
      23;3;-0.000005,82.360687,-1.278291;;,
      24;3;-0.000001,82.360641,-1.278283;;,
      25;3;-0.000008,82.360611,-1.278284;;,
      26;3;-0.000006,82.360603,-1.278296;;,
      27;3;-0.000010,82.360611,-1.278304;;,
      28;3;-0.000014,82.360680,-1.278317;;,
      29;3;-0.000013,82.360649,-1.278310;;;
    }
  }
  Animation {
    {Armature_mixamorig_Spine1}
    AnimationKey { // Rotation
      0;
      30;
      0;4;-0.997141, 0.017262, 0.013152, 0.072377;;,
      1;4;-0.997244, 0.018821, 0.013682, 0.070454;;,
      2;4;-0.997244, 0.022307, 0.013124, 0.069534;;,
      3;4;-0.997112, 0.028178, 0.010864, 0.069688;;,
      4;4;-0.996933, 0.032355, 0.009879, 0.070567;;,
      5;4;-0.996768, 0.034576, 0.010227, 0.071791;;,
      6;4;-0.996610, 0.036107, 0.010993, 0.073106;;,
      7;4;-0.996459, 0.037272, 0.011920, 0.074424;;,
      8;4;-0.996346, 0.037958, 0.012682, 0.075455;;,
      9;4;-0.996334, 0.037774, 0.012949, 0.075658;;,
      10;4;-0.996370, 0.037830, 0.013162, 0.075112;;,
      11;4;-0.996535, 0.038932, 0.013552, 0.072245;;,
      12;4;-0.996754, 0.039291, 0.013751, 0.068914;;,
      13;4;-0.996978, 0.038870, 0.013770, 0.065829;;,
      14;4;-0.997201, 0.038013, 0.013691, 0.062913;;,
      15;4;-0.997416, 0.036937, 0.013564, 0.060106;;,
      16;4;-0.997618, 0.035591, 0.013407, 0.057543;;,
      17;4;-0.997789, 0.033118, 0.013169, 0.056105;;,
      18;4;-0.997891, 0.029035, 0.012759, 0.056636;;,
      19;4;-0.997919, 0.025710, 0.012336, 0.057832;;,
      20;4;-0.997861, 0.024462, 0.012163, 0.059383;;,
      21;4;-0.997784, 0.023660, 0.012163, 0.060981;;,
      22;4;-0.997705, 0.022858, 0.012227, 0.062548;;,
      23;4;-0.997629, 0.022059, 0.012371, 0.064002;;,
      24;4;-0.997554, 0.021260, 0.012524, 0.065406;;,
      25;4;-0.997476, 0.020460, 0.012685, 0.066802;;,
      26;4;-0.997396, 0.019661, 0.012843, 0.068194;;,
      27;4;-0.997313, 0.018861, 0.012998, 0.069585;;,
      28;4;-0.997228, 0.018061, 0.013151, 0.070975;;,
      29;4;-0.997140, 0.017261, 0.013302, 0.072363;;;
    }
    AnimationKey { // Scale
      1;
      30;
      0;3; 1.000000, 1.000000, 1.000000;;,
      1;3; 1.000000, 1.000000, 1.000000;;,
      2;3; 1.000000, 1.000000, 1.000000;;,
      3;3; 1.000000, 1.000000, 1.000000;;,
      4;3; 1.000000, 1.000000, 1.000000;;,
      5;3; 1.000000, 1.000000, 1.000000;;,
      6;3; 1.000000, 1.000000, 1.000000;;,
      7;3; 1.000000, 1.000000, 1.000000;;,
      8;3; 1.000000, 1.000000, 1.000000;;,
      9;3; 1.000000, 1.000000, 1.000000;;,
      10;3; 1.000000, 1.000000, 1.000000;;,
      11;3; 1.000000, 1.000000, 1.000000;;,
      12;3; 1.000000, 1.000000, 1.000000;;,
      13;3; 1.000000, 1.000000, 1.000000;;,
      14;3; 1.000000, 1.000000, 1.000000;;,
      15;3; 1.000000, 1.000000, 1.000000;;,
      16;3; 1.000000, 1.000000, 1.000000;;,
      17;3; 1.000000, 1.000000, 1.000000;;,
      18;3; 1.000000, 1.000000, 1.000000;;,
      19;3; 1.000000, 1.000000, 1.000000;;,
      20;3; 1.000000, 1.000000, 1.000000;;,
      21;3; 1.000000, 1.000000, 1.000000;;,
      22;3; 1.000000, 1.000000, 1.000000;;,
      23;3; 1.000000, 1.000000, 1.000000;;,
      24;3; 1.000000, 1.000000, 1.000000;;,
      25;3; 1.000000, 1.000000, 1.000000;;,
      26;3; 1.000000, 1.000000, 1.000000;;,
      27;3; 1.000000, 1.000000, 1.000000;;,
      28;3; 1.000000, 1.000000, 1.000000;;,
      29;3; 1.000000, 1.000000, 1.000000;;;
    }
    AnimationKey { // Position
      2;
      30;
      0;3;-0.000006,96.098816, 0.000000;;,
