xof 0303txt 0032

template XSkinMeshHeader {
  <3cf169ce-ff7c-44ab-93c0-f78f62d172e2>
  WORD nMaxSkinWeightsPerVertex;
  WORD nMaxSkinWeightsPerFace;
  WORD nBones;
}

template SkinWeights {
  <6f0d123b-bad2-4167-a0d0-80224f25fabb>
  STRING transformNodeName;
  DWORD nWeights;
  array DWORD vertexIndices[nWeights];
  array float weights[nWeights];
  Matrix4x4 matrixOffset;
}

Frame Root {
  FrameTransformMatrix {
     1.000000, 0.000000, 0.000000, 0.000000,
     0.000000,-0.000000,-1.000000, 0.000000,
     0.000000, 1.000000,-0.000000, 0.000000,
     0.000000, 0.000000, 0.000000, 1.000000;;
  }
  Frame Armature {
    FrameTransformMatrix {
       0.010000, 0.000000, 0.000000, 0.000000,
       0.000000,-0.000000, 0.010000, 0.000000,
       0.000000,-0.010000,-0.000000, 0.000000,
       0.000000, 0.000000, 0.000000, 1.000000;;
    }
    Frame Armature_mixamorig_Hips {
      FrameTransformMatrix {
         0.938438,-0.345209,-0.012867, 0.000000,
         0.342872, 0.926249, 0.156532, 0.000000,
        -0.042118,-0.151307, 0.987589, 0.000000,
        14.670141,730.686523,-28.016777, 1.000000;;
      }
      Frame Armature_mixamorig_LeftUpLeg {
        FrameTransformMatrix {
          -0.968803,-0.129288, 0.211433, 0.000000,
           0.245258,-0.377562, 0.892914, 0.000000,
          -0.035614, 0.916914, 0.397491, 0.000000,
          93.699707,-45.665905,12.677402, 1.000000;;
        }
        Frame Armature_mixamorig_LeftLeg {
          FrameTransformMatrix {
             0.785465, 0.187437,-0.589841, 0.000000,
            -0.140033,-0.874500,-0.464370, 0.000000,
            -0.602857, 0.447343,-0.660642, 0.000000,
             0.000008,391.884064,-0.000051, 1.000000;;
          }
          Frame Armature_mixamorig_LeftFoot {
            FrameTransformMatrix {
               0.996154,-0.016343, 0.086081, 0.000000,
              -0.057919, 0.614366, 0.786892, 0.000000,
              -0.065745,-0.788852, 0.611057, 0.000000,
              -0.000029,357.861511,-0.000035, 1.000000;;
            }
            Frame Armature_mixamorig_LeftToeBase {
              FrameTransformMatrix {
                 0.999995, 0.000659,-0.003002, 0.000000,
                 0.001535, 0.739044, 0.673655, 0.000000,
                 0.002663,-0.673657, 0.739040, 0.000000,
                -0.000010,154.092453, 0.000004, 1.000000;;
              }
            } // End of Armature_mixamorig_LeftToeBase
          } // End of Armature_mixamorig_LeftFoot
        } // End of Armature_mixamorig_LeftLeg
      } // End of Armature_mixamorig_LeftUpLeg
      Frame Armature_mixamorig_RightUpLeg {
        FrameTransformMatrix {
          -0.852784,-0.517097,-0.072982, 0.000000,
           0.414810,-0.755691, 0.506787, 0.000000,
          -0.317235, 0.401922, 0.858963, 0.000000,
          -93.699669,-45.665966,13.235905, 1.000000;;
        }
        Frame Armature_mixamorig_RightLeg {
          FrameTransformMatrix {
             0.978258,-0.192811, 0.076392, 0.000000,
             0.145579, 0.376061,-0.915087, 0.000000,
             0.147711, 0.906312, 0.395954, 0.000000,
             0.000006,391.883179, 0.000008, 1.000000;;
          }
          Frame Armature_mixamorig_RightFoot {
            FrameTransformMatrix {
               0.999884, 0.012684, 0.008429, 0.000000,
              -0.006978,-0.110354, 0.993868, 0.000000,
               0.013536,-0.993811,-0.110252, 0.000000,
              -0.000001,357.860718, 0.000001, 1.000000;;
            }
            Frame Armature_mixamorig_RightToeBase {
              FrameTransformMatrix {
                 0.999985, 0.003771,-0.003889, 0.000000,
                 0.000131, 0.700893, 0.713267, 0.000000,
                 0.005415,-0.713257, 0.700882, 0.000000,
                 0.000002,154.509109,-0.000001, 1.000000;;
              }
            } // End of Armature_mixamorig_RightToeBase
          } // End of Armature_mixamorig_RightFoot
        } // End of Armature_mixamorig_RightLeg
      } // End of Armature_mixamorig_RightUpLeg
      Frame Armature_mixamorig_Spine {
        FrameTransformMatrix {
           0.966598, 0.254385,-0.031247, 0.000000,
          -0.252937, 0.966487, 0.043886, 0.000000,
           0.041364,-0.034517, 0.998548, 0.000000,
           0.000002,82.360657,-1.278296, 1.000000;;
        }
        Frame Armature_mixamorig_Spine1 {
          FrameTransformMatrix {
             0.991716, 0.126711, 0.021042, 0.000000,
            -0.128442, 0.979600, 0.154549, 0.000000,
            -0.001029,-0.155971, 0.987761, 0.000000,
            -0.000003,96.098679,-0.000008, 1.000000;;
          }
          Frame Armature_mixamorig_Spine2 {
            FrameTransformMatrix {
               0.978975, 0.202408, 0.025291, 0.000000,
              -0.203922, 0.974130, 0.097400, 0.000000,
              -0.004923,-0.100510, 0.994924, 0.000000,
              -0.000006,109.827538, 0.000004, 1.000000;;
            }
            Frame Armature_mixamorig_LeftShoulder {
              FrameTransformMatrix {
                 0.404865,-0.043910,-0.913321, 0.000000,
                 0.753153,-0.550387, 0.360325, 0.000000,
                -0.518502,-0.833754,-0.189762, 0.000000,
                45.514469,109.232483, 0.066508, 1.000000;;
              }
              Frame Armature_mixamorig_LeftArm {
                FrameTransformMatrix {
                   0.869652,-0.343591,-0.354472, 0.000000,
                   0.481943, 0.435362, 0.760388, 0.000000,
                  -0.106939,-0.832109, 0.544205, 0.000000,
                   0.000027,95.179649, 0.000046, 1.000000;;
                }
                Frame Armature_mixamorig_LeftForeArm {
                  FrameTransformMatrix {
                     0.138009, 0.982014,-0.128848, 0.000000,
                    -0.979309, 0.115859,-0.165920, 0.000000,
                    -0.148008, 0.149081, 0.977685, 0.000000,
                    -0.000040,207.294220, 0.000002, 1.000000;;
                  }
                  Frame Armature_mixamorig_LeftHand {
                    FrameTransformMatrix {
                       0.996952, 0.033653,-0.070383, 0.000000,
                      -0.024935, 0.992306, 0.121272, 0.000000,
                       0.073923,-0.119148, 0.990121, 0.000000,
                       0.000000,263.734528,-0.000019, 1.000000;;
                    }
                    Frame Armature_mixamorig_LeftHandIndex1 {
                      FrameTransformMatrix {
                         0.990331,-0.093114,-0.102834, 0.000000,
                         0.110397, 0.080071, 0.990657, 0.000000,
                        -0.084010,-0.992431, 0.089576, 0.000000,
                        -24.511314,75.786560, 0.565109, 1.000000;;
                      }
                      Frame Armature_mixamorig_LeftHandIndex2 {
                        FrameTransformMatrix {
                           0.991538,-0.112620,-0.064561, 0.000000,
                           0.102249, 0.371143, 0.922929, 0.000000,
                          -0.079979,-0.921721, 0.379518, 0.000000,
                           0.000290,26.545250,-0.000031, 1.000000;;
                        }
                        Frame Armature_mixamorig_LeftHandIndex3 {
                          FrameTransformMatrix {
                             0.994093,-0.093712,-0.054747, 0.000000,
                             0.089208, 0.418215, 0.903957, 0.000000,
                            -0.061816,-0.903501, 0.424104, 0.000000,
                             0.002731,24.501938,-0.000053, 1.000000;;
                          }
                        } // End of Armature_mixamorig_LeftHandIndex3
                      } // End of Armature_mixamorig_LeftHandIndex2
                    } // End of Armature_mixamorig_LeftHandIndex1
                    Frame Armature_mixamorig_LeftHandMiddle1 {
                      FrameTransformMatrix {
                         0.989585,-0.093770,-0.109214, 0.000000,
                         0.112295, 0.028217, 0.993274, 0.000000,
                        -0.090057,-0.995194, 0.038453, 0.000000,
                        -8.188019,75.844933, 0.198036, 1.000000;;
                      }
                      Frame Armature_mixamorig_LeftHandMiddle2 {
                        FrameTransformMatrix {
                           0.993334,-0.106769,-0.043446, 0.000000,
                           0.095002, 0.544840, 0.833141, 0.000000,
                          -0.065283,-0.831715, 0.551351, 0.000000,
                           0.001534,29.472321,-0.000049, 1.000000;;
                        }
                        Frame Armature_mixamorig_LeftHandMiddle3 {
                          FrameTransformMatrix {
                             0.990908,-0.108260,-0.079878, 0.000000,
                             0.110477, 0.315910, 0.942335, 0.000000,
                            -0.076783,-0.942593, 0.324998, 0.000000,
                             0.000591,28.342896,-0.000095, 1.000000;;
                          }
                        } // End of Armature_mixamorig_LeftHandMiddle3
                      } // End of Armature_mixamorig_LeftHandMiddle2
                    } // End of Armature_mixamorig_LeftHandMiddle1
                    Frame Armature_mixamorig_LeftHandPinky1 {
                      FrameTransformMatrix {
                         0.988976,-0.081656,-0.123529, 0.000000,
                         0.109505,-0.158254, 0.981307, 0.000000,
                        -0.099679,-0.984016,-0.147568, 0.000000,
                        24.290405,76.103600, 0.055023, 1.000000;;
                      }
                      Frame Armature_mixamorig_LeftHandPinky2 {
                        FrameTransformMatrix {
                           0.995053,-0.089306,-0.043510, 0.000000,
                           0.075414, 0.393983, 0.916018, 0.000000,
                          -0.064664,-0.914769, 0.398769, 0.000000,
                           0.000122,24.886105,-0.000057, 1.000000;;
                        }
                        Frame Armature_mixamorig_LeftHandPinky3 {
                          FrameTransformMatrix {
                             0.988665,-0.112016,-0.099968, 0.000000,
                             0.118136, 0.169489, 0.978426, 0.000000,
                            -0.092655,-0.979146, 0.180801, 0.000000,
                             0.002277,20.427637, 0.000099, 1.000000;;
                          }
                        } // End of Armature_mixamorig_LeftHandPinky3
                      } // End of Armature_mixamorig_LeftHandPinky2
                    } // End of Armature_mixamorig_LeftHandPinky1
                    Frame Armature_mixamorig_LeftHandRing1 {
                      FrameTransformMatrix {
                         0.992334,-0.088106,-0.086664, 0.000000,
                         0.091564, 0.053173, 0.994379, 0.000000,
                        -0.083003,-0.994691, 0.060833, 0.000000,
                         8.408989,78.182747, 1.262779, 1.000000;;
                      }
                      Frame Armature_mixamorig_LeftHandRing2 {
                        FrameTransformMatrix {
                           0.993385,-0.088987,-0.072577, 0.000000,
                           0.101849, 0.390867, 0.914795, 0.000000,
                          -0.053037,-0.916136, 0.397345, 0.000000,
                           0.000504,27.473469, 0.000088, 1.000000;;
                        }
                        Frame Armature_mixamorig_LeftHandRing3 {
                          FrameTransformMatrix {
                             0.991433,-0.086309,-0.098039, 0.000000,
                             0.106493, 0.099501, 0.989322, 0.000000,
                            -0.075633,-0.991287, 0.107840, 0.000000,
                            -0.001980,25.445225,-0.000187, 1.000000;;
                          }
                        } // End of Armature_mixamorig_LeftHandRing3
                      } // End of Armature_mixamorig_LeftHandRing2
                    } // End of Armature_mixamorig_LeftHandRing1
                    Frame Armature_mixamorig_LeftHandThumb1 {
                      FrameTransformMatrix {
                         0.479248, 0.644021,-0.596287, 0.000000,
                        -0.491449, 0.759806, 0.425643, 0.000000,
                         0.727186, 0.089056, 0.680639, 0.000000,
                        -29.122932,26.236755, 4.867340, 1.000000;;
                      }
                      Frame Armature_mixamorig_LeftHandThumb2 {
                        FrameTransformMatrix {
                           0.917905,-0.293284, 0.267271, 0.000000,
                           0.285335, 0.955938, 0.069035, 0.000000,
                          -0.275742, 0.012894, 0.961145, 0.000000,
                           1.230877,31.575546, 0.000124, 1.000000;;
                        }
                        Frame Armature_mixamorig_LeftHandThumb3 {
                          FrameTransformMatrix {
                             0.966228,-0.257632, 0.005349, 0.000000,
                             0.256873, 0.964617, 0.059406, 0.000000,
                            -0.020465,-0.056026, 0.998219, 0.000000,
                             1.621570,21.556244, 0.000027, 1.000000;;
                          }
                        } // End of Armature_mixamorig_LeftHandThumb3
                      } // End of Armature_mixamorig_LeftHandThumb2
                    } // End of Armature_mixamorig_LeftHandThumb1
                  } // End of Armature_mixamorig_LeftHand
                } // End of Armature_mixamorig_LeftForeArm
              } // End of Armature_mixamorig_LeftArm
            } // End of Armature_mixamorig_LeftShoulder
            Frame Armature_mixamorig_Neck {
              FrameTransformMatrix {
                 0.993014,-0.114516,-0.028445, 0.000000,
                 0.109322, 0.983603,-0.143434, 0.000000,
                 0.044404, 0.139322, 0.989251, 0.000000,
                 0.000015,123.555588,-0.000042, 1.000000;;
              }
              Frame Armature_mixamorig_Head {
                FrameTransformMatrix {
                   0.986745,-0.145949,-0.070944, 0.000000,
                   0.114800, 0.936799,-0.330497, 0.000000,
                   0.114696, 0.317972, 0.941137, 0.000000,
                   0.000005,108.817314,-2.669916, 1.000000;;
                }
              } // End of Armature_mixamorig_Head
            } // End of Armature_mixamorig_Neck
            Frame Armature_mixamorig_RightShoulder {
              FrameTransformMatrix {
                 0.223816,-0.036690, 0.973940, 0.000000,
                -0.974448,-0.027790, 0.222886, 0.000000,
                 0.018888,-0.998940,-0.041972, 0.000000,
                -45.514458,109.241821,-0.511052, 1.000000;;
              }
              Frame Armature_mixamorig_RightArm {
                FrameTransformMatrix {
                   0.897931,-0.438813, 0.034114, 0.000000,
                   0.343272, 0.746717, 0.569718, 0.000000,
                  -0.275473,-0.499857, 0.821132, 0.000000,
                  -0.000006,95.179527,-0.000042, 1.000000;;
                }
                Frame Armature_mixamorig_RightForeArm {
                  FrameTransformMatrix {
                     0.123559,-0.990585, 0.058942, 0.000000,
                     0.988917, 0.117989,-0.090120, 0.000000,
                     0.082317, 0.069424, 0.994185, 0.000000,
                    -0.000053,207.296783,-0.000038, 1.000000;;
                  }
                  Frame Armature_mixamorig_RightHand {
                    FrameTransformMatrix {
                       0.951533,-0.183262,-0.246982, 0.000000,
                       0.078777, 0.921514,-0.380271, 0.000000,
                       0.297287, 0.342384, 0.891288, 0.000000,
                       0.000000,263.734100,-0.000088, 1.000000;;
                    }
                    Frame Armature_mixamorig_RightHandIndex1 {
                      FrameTransformMatrix {
                         0.996831, 0.040826, 0.068271, 0.000000,
                        -0.079476, 0.474959, 0.876412, 0.000000,
                         0.003355,-0.879061, 0.476698, 0.000000,
                        23.786724,76.789017, 0.477005, 1.000000;;
                      }
                      Frame Armature_mixamorig_RightHandIndex2 {
                        FrameTransformMatrix {
                           0.991609, 0.116339, 0.056360, 0.000000,
                          -0.108732, 0.514805, 0.850384, 0.000000,
                           0.069918,-0.849377, 0.523135, 0.000000,
                           0.003638,26.618660, 0.000076, 1.000000;;
                        }
                        Frame Armature_mixamorig_RightHandIndex3 {
                          FrameTransformMatrix {
                             0.996161, 0.083218, 0.027187, 0.000000,
                            -0.061878, 0.449588, 0.891090, 0.000000,
                             0.061932,-0.889351, 0.453011, 0.000000,
                             0.028604,24.681213, 0.000073, 1.000000;;
                          }
                        } // End of Armature_mixamorig_RightHandIndex3
                      } // End of Armature_mixamorig_RightHandIndex2
                    } // End of Armature_mixamorig_RightHandIndex1
                    Frame Armature_mixamorig_RightHandMiddle1 {
                      FrameTransformMatrix {
                         0.994527, 0.087951, 0.056404, 0.000000,
                        -0.087665, 0.408693, 0.908452, 0.000000,
                         0.056847,-0.908424, 0.414167, 0.000000,
                         8.323434,77.854858, 1.195744, 1.000000;;
                      }
                      Frame Armature_mixamorig_RightHandMiddle2 {
                        FrameTransformMatrix {
                           0.990080, 0.125145, 0.063879, 0.000000,
                          -0.111683, 0.425079, 0.898239, 0.000000,
                           0.085256,-0.896463, 0.434839, 0.000000,
                           0.008294,29.184322,-0.000089, 1.000000;;
                        }
                        Frame Armature_mixamorig_RightHandMiddle3 {
                          FrameTransformMatrix {
                             0.989571, 0.117051, 0.083958, 0.000000,
                            -0.114962, 0.290546, 0.949930, 0.000000,
                             0.086796,-0.949675, 0.300972, 0.000000,
                             0.026865,28.014849,-0.000172, 1.000000;;
                          }
                        } // End of Armature_mixamorig_RightHandMiddle3
                      } // End of Armature_mixamorig_RightHandMiddle2
                    } // End of Armature_mixamorig_RightHandMiddle1
                    Frame Armature_mixamorig_RightHandPinky1 {
                      FrameTransformMatrix {
                         0.984880, 0.112452, 0.131779, 0.000000,
                        -0.145150, 0.120412, 0.982055, 0.000000,
                         0.094566,-0.986335, 0.134914, 0.000000,
                        -23.872107,76.419800,-0.111427, 1.000000;;
                      }
                      Frame Armature_mixamorig_RightHandPinky2 {
                        FrameTransformMatrix {
                           0.990462, 0.109701, 0.083364, 0.000000,
                          -0.093487, 0.090613, 0.991489, 0.000000,
                           0.101214,-0.989826, 0.100004, 0.000000,
                           0.021106,24.380184, 0.000026, 1.000000;;
                        }
                        Frame Armature_mixamorig_RightHandPinky3 {
                          FrameTransformMatrix {
                             0.996954, 0.077984,-0.000627, 0.000000,
                            -0.021379, 0.281016, 0.959465, 0.000000,
                             0.074999,-0.956529, 0.281828, 0.000000,
                             0.034472,20.300802,-0.000135, 1.000000;;
                          }
                        } // End of Armature_mixamorig_RightHandPinky3
                      } // End of Armature_mixamorig_RightHandPinky2
                    } // End of Armature_mixamorig_RightHandPinky1
                    Frame Armature_mixamorig_RightHandRing1 {
                      FrameTransformMatrix {
                         0.989398, 0.100171, 0.105155, 0.000000,
                        -0.121107, 0.169451, 0.978069, 0.000000,
                         0.080156,-0.980435, 0.179786, 0.000000,
                        -8.238210,77.654747, 0.669258, 1.000000;;
                      }
                      Frame Armature_mixamorig_RightHandRing2 {
                        FrameTransformMatrix {
                           0.991194, 0.100892, 0.085767, 0.000000,
                          -0.114833, 0.332351, 0.936139, 0.000000,
                           0.065944,-0.937744, 0.341010, 0.000000,
                           0.008891,27.434555,-0.000137, 1.000000;;
                        }
                        Frame Armature_mixamorig_RightHandRing3 {
                          FrameTransformMatrix {
                             0.997200, 0.069398, 0.027869, 0.000000,
                            -0.047727, 0.303664, 0.951583, 0.000000,
                             0.057575,-0.950248, 0.306126, 0.000000,
                             0.000486,26.051552, 0.000122, 1.000000;;
                          }
                        } // End of Armature_mixamorig_RightHandRing3
                      } // End of Armature_mixamorig_RightHandRing2
                    } // End of Armature_mixamorig_RightHandRing1
                    Frame Armature_mixamorig_RightHandThumb1 {
                      FrameTransformMatrix {
                         0.647948,-0.566237, 0.509450, 0.000000,
                         0.435258, 0.824139, 0.362417, 0.000000,
                        -0.625071,-0.013085, 0.780458, 0.000000,
                        28.496857,26.350435, 4.738567, 1.000000;;
                      }
                      Frame Armature_mixamorig_RightHandThumb2 {
                        FrameTransformMatrix {
                           0.869914, 0.365309,-0.331359, 0.000000,
                          -0.337892, 0.930842, 0.139146, 0.000000,
                           0.359275,-0.009081, 0.933188, 0.000000,
                          -0.718687,31.272476,-0.000183, 1.000000;;
                        }
                        Frame Armature_mixamorig_RightHandThumb3 {
                          FrameTransformMatrix {
                             0.986054, 0.027154,-0.164194, 0.000000,
                            -0.028708, 0.999563,-0.007095, 0.000000,
                             0.163929, 0.011710, 0.986403, 0.000000,
                            -0.909508,21.534580, 0.000063, 1.000000;;
                          }
                        } // End of Armature_mixamorig_RightHandThumb3
                      } // End of Armature_mixamorig_RightHandThumb2
                    } // End of Armature_mixamorig_RightHandThumb1
                  } // End of Armature_mixamorig_RightHand
                } // End of Armature_mixamorig_RightForeArm
              } // End of Armature_mixamorig_RightArm
            } // End of Armature_mixamorig_RightShoulder
          } // End of Armature_mixamorig_Spine2
        } // End of Armature_mixamorig_Spine1
      } // End of Armature_mixamorig_Spine
    } // End of Armature_mixamorig_Hips
  } // End of Armature
} // End of Root
AnimationSet Global {
  Animation {
    {Armature}
    AnimationKey { // Rotation
      0;
      22;
      0;4;-0.707107, 0.707107, 0.000000, 0.000000;;,
      1;4;-0.707107, 0.707107, 0.000000, 0.000000;;,
      2;4;-0.707107, 0.707107, 0.000000, 0.000000;;,
      3;4;-0.707107, 0.707107, 0.000000, 0.000000;;,
      4;4;-0.707107, 0.707107, 0.000000, 0.000000;;,
      5;4;-0.707107, 0.707107, 0.000000, 0.000000;;,
      6;4;-0.707107, 0.707107, 0.000000, 0.000000;;,
      7;4;-0.707107, 0.707107, 0.000000, 0.000000;;,
      8;4;-0.707107, 0.707107, 0.000000, 0.000000;;,
      9;4;-0.707107, 0.707107, 0.000000, 0.000000;;,
      10;4;-0.707107, 0.707107, 0.000000, 0.000000;;,
      11;4;-0.707107, 0.707107, 0.000000, 0.000000;;,
      12;4;-0.707107, 0.707107, 0.000000, 0.000000;;,
      13;4;-0.707107, 0.707107, 0.000000, 0.000000;;,
      14;4;-0.707107, 0.707107, 0.000000, 0.000000;;,
      15;4;-0.707107, 0.707107, 0.000000, 0.000000;;,
      16;4;-0.707107, 0.707107, 0.000000, 0.000000;;,
      17;4;-0.707107, 0.707107, 0.000000, 0.000000;;,
      18;4;-0.707107, 0.707107, 0.000000, 0.000000;;,
      19;4;-0.707107, 0.707107, 0.000000, 0.000000;;,
      20;4;-0.707107, 0.707107, 0.000000, 0.000000;;,
      21;4;-0.707107, 0.707107, 0.000000, 0.000000;;;
    }
    AnimationKey { // Scale
      1;
      22;
      0;3; 0.010000, 0.010000, 0.010000;;,
      1;3; 0.010000, 0.010000, 0.010000;;,
      2;3; 0.010000, 0.010000, 0.010000;;,
      3;3; 0.010000, 0.010000, 0.010000;;,
      4;3; 0.010000, 0.010000, 0.010000;;,
      5;3; 0.010000, 0.010000, 0.010000;;,
      6;3; 0.010000, 0.010000, 0.010000;;,
      7;3; 0.010000, 0.010000, 0.010000;;,
      8;3; 0.010000, 0.010000, 0.010000;;,
      9;3; 0.010000, 0.010000, 0.010000;;,
      10;3; 0.010000, 0.010000, 0.010000;;,
      11;3; 0.010000, 0.010000, 0.010000;;,
      12;3; 0.010000, 0.010000, 0.010000;;,
      13;3; 0.010000, 0.010000, 0.010000;;,
      14;3; 0.010000, 0.010000, 0.010000;;,
      15;3; 0.010000, 0.010000, 0.010000;;,
      16;3; 0.010000, 0.010000, 0.010000;;,
      17;3; 0.010000, 0.010000, 0.010000;;,
      18;3; 0.010000, 0.010000, 0.010000;;,
      19;3; 0.010000, 0.010000, 0.010000;;,
      20;3; 0.010000, 0.010000, 0.010000;;,
      21;3; 0.010000, 0.010000, 0.010000;;;
    }
    AnimationKey { // Position
      2;
      22;
      0;3; 0.000000, 0.000000, 0.000000;;,
      1;3; 0.000000, 0.000000, 0.000000;;,
      2;3; 0.000000, 0.000000, 0.000000;;,
      3;3; 0.000000, 0.000000, 0.000000;;,
      4;3; 0.000000, 0.000000, 0.000000;;,
      5;3; 0.000000, 0.000000, 0.000000;;,
      6;3; 0.000000, 0.000000, 0.000000;;,
      7;3; 0.000000, 0.000000, 0.000000;;,
      8;3; 0.000000, 0.000000, 0.000000;;,
      9;3; 0.000000, 0.000000, 0.000000;;,
      10;3; 0.000000, 0.000000, 0.000000;;,
      11;3; 0.000000, 0.000000, 0.000000;;,
      12;3; 0.000000, 0.000000, 0.000000;;,
      13;3; 0.000000, 0.000000, 0.000000;;,
      14;3; 0.000000, 0.000000, 0.000000;;,
      15;3; 0.000000, 0.000000, 0.000000;;,
      16;3; 0.000000, 0.000000, 0.000000;;,
      17;3; 0.000000, 0.000000, 0.000000;;,
      18;3; 0.000000, 0.000000, 0.000000;;,
      19;3; 0.000000, 0.000000, 0.000000;;,
      20;3; 0.000000, 0.000000, 0.000000;;,
      21;3; 0.000000, 0.000000, 0.000000;;;
    }
  }
  Animation {
    {Armature_mixamorig_Hips}
    AnimationKey { // Rotation
      0;
      22;
      0;4;-0.981361, 0.078421,-0.007452,-0.175287;;,
      1;4;-0.982162, 0.100755,-0.030298,-0.155848;;,
      2;4;-0.984228, 0.117127,-0.050125,-0.122735;;,
      3;4;-0.986112, 0.132629,-0.051812,-0.085493;;,
      4;4;-0.987419, 0.143294,-0.033530,-0.057850;;,
      5;4;-0.989152, 0.138357,-0.005223,-0.049073;;,
      6;4;-0.991913, 0.115253, 0.020536,-0.049023;;,
      7;4;-0.993962, 0.087225, 0.042511,-0.051227;;,
      8;4;-0.993940, 0.069948, 0.069491,-0.048602;;,
      9;4;-0.992303, 0.068165, 0.097771,-0.033602;;,
      10;4;-0.990828, 0.075881, 0.108752,-0.025987;;,
      11;4;-0.990904, 0.083685, 0.099171,-0.035668;;,
      12;4;-0.991291, 0.087308, 0.078996,-0.058992;;,
      13;4;-0.990084, 0.092583, 0.055967,-0.089606;;,
      14;4;-0.987566, 0.102092, 0.031378,-0.115350;;,
      15;4;-0.986679, 0.104666, 0.010861,-0.124063;;,
      16;4;-0.988749, 0.089512, 0.003198,-0.119800;;,
      17;4;-0.990938, 0.065016, 0.006571,-0.117349;;,
      18;4;-0.990324, 0.050944, 0.007419,-0.128875;;,
      19;4;-0.986909, 0.053614, 0.000021,-0.152103;;,
      20;4;-0.982803, 0.064709,-0.007381,-0.172793;;,
      21;4;-0.981361, 0.078421,-0.007452,-0.175288;;;
    }
    AnimationKey { // Scale
      1;
      22;
      0;3; 1.000000, 1.000000, 1.000000;;,
      1;3; 1.000000, 1.000000, 1.000000;;,
      2;3; 1.000000, 1.000000, 1.000000;;,
      3;3; 1.000000, 1.000000, 1.000000;;,
      4;3; 1.000000, 1.000000, 1.000000;;,
      5;3; 1.000000, 1.000000, 1.000000;;,
      6;3; 1.000000, 1.000000, 1.000000;;,
      7;3; 1.000000, 1.000000, 1.000000;;,
      8;3; 1.000000, 1.000000, 1.000000;;,
      9;3; 1.000000, 1.000000, 1.000000;;,
      10;3; 1.000000, 1.000000, 1.000000;;,
      11;3; 1.000000, 1.000000, 1.000000;;,
      12;3; 1.000000, 1.000000, 1.000000;;,
      13;3; 1.000000, 1.000000, 1.000000;;,
      14;3; 1.000000, 1.000000, 1.000000;;,
      15;3; 1.000000, 1.000000, 1.000000;;,
      16;3; 1.000000, 1.000000, 1.000000;;,
      17;3; 1.000000, 1.000000, 1.000000;;,
      18;3; 1.000000, 1.000000, 1.000000;;,
      19;3; 1.000000, 1.000000, 1.000000;;,
      20;3; 1.000000, 1.000000, 1.000000;;,
      21;3; 1.000000, 1.000000, 1.000000;;;
    }
    AnimationKey { // Position
      2;
      22;
      0;3;14.670141,730.686523,-28.016777;;,
      1;3;12.164610,745.339539,-28.175571;;,
      2;3; 8.460287,767.100220,-28.411854;;,
      3;3; 5.159795,789.228882,-28.665054;;,
      4;3; 0.954841,810.782288,-28.884235;;,
      5;3;-5.150809,829.588379,-29.007956;;,
      6;3;-10.847216,834.482666,-28.926336;;,
      7;3;-14.588879,809.589294,-28.434933;;,
      8;3;-15.840266,765.318481,-27.710724;;,
      9;3;-14.783807,736.599731,-27.292696;;,
      10;3;-13.053624,730.789307,-27.250141;;,
      11;3;-12.087013,744.133179,-27.484760;;,
      12;3;-13.714295,776.757080,-27.947796;;,
      13;3;-17.172054,806.332947,-28.312632;;,
      14;3;-21.819735,817.161987,-28.352509;;,
      15;3;-25.291595,808.552795,-28.122211;;,
      16;3;-27.774235,786.376587,-27.708015;;,
      17;3;-32.263470,760.486633,-27.180374;;,
      18;3;-39.949165,735.243896,-26.574238;;,
      19;3;-45.732258,712.835083,-26.064962;;,
      20;3;-50.133804,696.703186,-25.691734;;,
      21;3;-49.563538,694.582397,-25.674505;;;
    }
  }
  Animation {
    {Armature_mixamorig_Spine}
    AnimationKey { // Rotation
      0;
      22;
      0;4;-0.991417, 0.019770, 0.018310, 0.127928;;,
      1;4;-0.993042, 0.007698, 0.031930, 0.113092;;,
      2;4;-0.994868,-0.000144, 0.048198, 0.088962;;,
      3;4;-0.996022,-0.005497, 0.062075, 0.063698;;,
      4;4;-0.996552,-0.007837, 0.069063, 0.045306;;,
      5;4;-0.997146,-0.003688, 0.065298, 0.037722;;,
      6;4;-0.997967, 0.007745, 0.053520, 0.033736;;,
      7;4;-0.998265, 0.020010, 0.041210, 0.036997;;,
      8;4;-0.998145, 0.025074, 0.029943, 0.046712;;,
      9;4;-0.998393, 0.020769, 0.020250, 0.048689;;,
      10;4;-0.998526, 0.010493, 0.017275, 0.050367;;,
      11;4;-0.998189, 0.002240, 0.016144, 0.057906;;,
      12;4;-0.997415, 0.001681, 0.012066, 0.070817;;,
      13;4;-0.996197, 0.005730, 0.006144, 0.086728;;,
      14;4;-0.995002, 0.009988, 0.001843, 0.099339;;,
      15;4;-0.994500, 0.016040,-0.001272, 0.103496;;,
      16;4;-0.994311, 0.026933,-0.003997, 0.102979;;,
      17;4;-0.994099, 0.039029,-0.004150, 0.101128;;,
      18;4;-0.993931, 0.044292, 0.000888, 0.100693;;,
      19;4;-0.993418, 0.040336, 0.008566, 0.106863;;,
      20;4;-0.992187, 0.031022, 0.014566, 0.119962;;,
      21;4;-0.991417, 0.019770, 0.018310, 0.127928;;;
    }
    AnimationKey { // Scale
      1;
      22;
      0;3; 1.000000, 1.000000, 1.000000;;,
      1;3; 1.000000, 1.000000, 1.000000;;,
      2;3; 1.000000, 1.000000, 1.000000;;,
      3;3; 1.000000, 1.000000, 1.000000;;,
      4;3; 1.000000, 1.000000, 1.000000;;,
      5;3; 1.000000, 1.000000, 1.000000;;,
      6;3; 1.000000, 1.000000, 1.000000;;,
      7;3; 1.000000, 1.000000, 1.000000;;,
      8;3; 1.000000, 1.000000, 1.000000;;,
      9;3; 1.000000, 1.000000, 1.000000;;,
      10;3; 1.000000, 1.000000, 1.000000;;,
      11;3; 1.000000, 1.000000, 1.000000;;,
      12;3; 1.000000, 1.000000, 1.000000;;,
      13;3; 1.000000, 1.000000, 1.000000;;,
      14;3; 1.000000, 1.000000, 1.000000;;,
      15;3; 1.000000, 1.000000, 1.000000;;,
      16;3; 1.000000, 1.000000, 1.000000;;,
      17;3; 1.000000, 1.000000, 1.000000;;,
      18;3; 1.000000, 1.000000, 1.000000;;,
      19;3; 1.000000, 1.000000, 1.000000;;,
      20;3; 1.000000, 1.000000, 1.000000;;,
      21;3; 1.000000, 1.000000, 1.000000;;;
    }
    AnimationKey { // Position
      2;
      22;
      0;3; 0.000002,82.360657,-1.278296;;,
      1;3;-0.000003,82.360619,-1.278305;;,
      2;3;-0.000014,82.360558,-1.278282;;,
      3;3; 0.000009,82.360588,-1.278309;;,
      4;3;-0.000008,82.360626,-1.278334;;,
      5;3;-0.000015,82.360580,-1.278320;;,
      6;3;-0.000005,82.360580,-1.278327;;,
      7;3; 0.000005,82.360603,-1.278313;;,
      8;3;-0.000001,82.360611,-1.278279;;,
      9;3; 0.000006,82.360634,-1.278306;;,
      10;3; 0.000003,82.360519,-1.278295;;,
      11;3; 0.000005,82.360550,-1.278310;;,
      12;3;-0.000007,82.360664,-1.278303;;,
      13;3; 0.000001,82.360641,-1.278322;;,
      14;3;-0.000010,82.360634,-1.278313;;,
      15;3; 0.000007,82.360580,-1.278308;;,
      16;3;-0.000018,82.360703,-1.278306;;,
      17;3; 0.000004,82.360672,-1.278316;;,
      18;3;-0.000017,82.360611,-1.278312;;,
      19;3;-0.000009,82.360619,-1.278283;;,
      20;3;-0.000021,82.360519,-1.278283;;,
      21;3; 0.000019,82.360626,-1.278294;;;
    }
  }
  Animation {
    {Armature_mixamorig_Spine1}
    AnimationKey { // Rotation
      0;
      22;
      0;4;-0.994872, 0.078030,-0.005546, 0.064117;;,
      1;4;-0.996779, 0.063068, 0.014123, 0.047479;;,
      2;4;-0.997577, 0.050754, 0.039272, 0.026853;;,
      3;4;-0.997368, 0.039359, 0.060456, 0.007244;;,
      4;4;-0.996938, 0.031659, 0.071381,-0.004140;;,
      5;4;-0.996818, 0.033200, 0.072429,-0.002310;;,
      6;4;-0.996788, 0.044903, 0.065730, 0.008740;;,
      7;4;-0.996742, 0.059888, 0.051356, 0.016762;;,
      8;4;-0.996931, 0.069947, 0.032192, 0.014148;;,
      9;4;-0.997198, 0.072753, 0.016250, 0.006326;;,
      10;4;-0.997549, 0.069421, 0.007191, 0.005094;;,
      11;4;-0.997770, 0.064531,-0.001448, 0.016963;;,
      12;4;-0.997104, 0.063436,-0.016086, 0.038727;;,
      13;4;-0.995505, 0.064422,-0.033428, 0.060847;;,
      14;4;-0.994044, 0.064095,-0.045928, 0.075223;;,
      15;4;-0.993439, 0.066188,-0.051235, 0.077930;;,
      16;4;-0.993322, 0.075837,-0.050892, 0.070502;;,
      17;4;-0.993066, 0.089432,-0.044072, 0.062293;;,
      18;4;-0.992830, 0.097619,-0.030187, 0.062035;;,
      19;4;-0.992909, 0.097036,-0.015699, 0.066847;;,
      20;4;-0.993519, 0.090345,-0.007909, 0.068518;;,
      21;4;-0.994872, 0.078030,-0.005546, 0.064117;;;
    }
    AnimationKey { // Scale
      1;
      22;
      0;3; 1.000000, 1.000000, 1.000000;;,
      1;3; 1.000000, 1.000000, 1.000000;;,
      2;3; 1.000000, 1.000000, 1.000000;;,
      3;3; 1.000000, 1.000000, 1.000000;;,
      4;3; 1.000000, 1.000000, 1.000000;;,
      5;3; 1.000000, 1.000000, 1.000000;;,
      6;3; 1.000000, 1.000000, 1.000000;;,
      7;3; 1.000000, 1.000000, 1.000000;;,
      8;3; 1.000000, 1.000000, 1.000000;;,
      9;3; 1.000000, 1.000000, 1.000000;;,
      10;3; 1.000000, 1.000000, 1.000000;;,
      11;3; 1.000000, 1.000000, 1.000000;;,
      12;3; 1.000000, 1.000000, 1.000000;;,
      13;3; 1.000000, 1.000000, 1.000000;;,
      14;3; 1.000000, 1.000000, 1.000000;;,
      15;3; 1.000000, 1.000000, 1.000000;;,
      16;3; 1.000000, 1.000000, 1.000000;;,
      17;3; 1.000000, 1.000000, 1.000000;;,
      18;3; 1.000000, 1.000000, 1.000000;;,
      19;3; 1.000000, 1.000000, 1.000000;;,
      20;3; 1.000000, 1.000000, 1.000000;;,
      21;3; 1.000000, 1.000000, 1.000000;;;
    }
    AnimationKey { // Position
      2;
      22;
      0;3;-0.000003,96.098679,-0.000008;;,
      1;3;-0.000002,96.098618,-0.000014;;,
      2;3;-0.000003,96.098694,-0.000009;;,
      3;3; 0.000003,96.098640, 0.000012;;,
      4;3;-0.000000,96.098686,-0.000001;;,
      5;3;-0.000002,96.098686,-0.000001;;,
      6;3; 0.000001,96.098648,-0.000018;;,
      7;3;-0.000002,96.098610,-0.000016;;,
      8;3; 0.000001,96.098640, 0.000023;;,
      9;3; 0.000002,96.098686,-0.000010;;,
      10;3; 0.000003,96.098663, 0.000018;;,
      11;3; 0.000008,96.098770, 0.000000;;,
      12;3;-0.000001,96.098694, 0.000015;;,
      13;3;-0.000001,96.098709,-0.000003;;,
      14;3;-0.000001,96.098602, 0.000007;;,
      15;3; 0.000007,96.098671,-0.000012;;,
      16;3; 0.000005,96.098640,-0.000001;;,
      17;3;-0.000002,96.098724, 0.000007;;,
      18;3;-0.000004,96.098724,-0.000001;;,
      19;3;-0.000009,96.098717,-0.000003;;,
      20;3; 0.000015,96.098656, 0.000015;;,
      21;3; 0.000009,96.098587, 0.000019;;;
    }
  }
  Animation {
    {Armature_mixamorig_Spine2}
    AnimationKey { // Rotation
      0;
      22;
      0;4;-0.993482, 0.049802,-0.007603, 0.102249;;,
      1;4;-0.995468, 0.036953, 0.013952, 0.086510;;,
      2;4;-0.996569, 0.027738, 0.040500, 0.066631;;,
      3;4;-0.996701, 0.019220, 0.063055, 0.047346;;,
      4;4;-0.996439, 0.013174, 0.075109, 0.035991;;,
      5;4;-0.996257, 0.014752, 0.076236, 0.037972;;,
      6;4;-0.996117, 0.025132, 0.068393, 0.049422;;,
      7;4;-0.996231, 0.038090, 0.052554, 0.057551;;,
      8;4;-0.996937, 0.045913, 0.032562, 0.054301;;,
      9;4;-0.997718, 0.046922, 0.016402, 0.045693;;,
      10;4;-0.998099, 0.042560, 0.007373, 0.043954;;,
      11;4;-0.997787, 0.036760,-0.001009, 0.055404;;,
      12;4;-0.996343, 0.034369,-0.015555, 0.076668;;,
      13;4;-0.994036, 0.033970,-0.033280, 0.098139;;,
      14;4;-0.992102, 0.032702,-0.046230, 0.111923;;,
      15;4;-0.991503, 0.034321,-0.052075, 0.114158;;,
      16;4;-0.991977, 0.043664,-0.052842, 0.106225;;,
      17;4;-0.992408, 0.057541,-0.047455, 0.097793;;,
      18;4;-0.992314, 0.066924,-0.034573, 0.098177;;,
      19;4;-0.992058, 0.067702,-0.020259, 0.104057;;,
      20;4;-0.992335, 0.061785,-0.011687, 0.106384;;,
      21;4;-0.993482, 0.049802,-0.007603, 0.102249;;;
    }
    AnimationKey { // Scale
      1;
      22;
      0;3; 1.000000, 1.000000, 1.000000;;,
      1;3; 1.000000, 1.000000, 1.000000;;,
      2;3; 1.000000, 1.000000, 1.000000;;,
      3;3; 1.000000, 1.000000, 1.000000;;,
      4;3; 1.000000, 1.000000, 1.000000;;,
      5;3; 1.000000, 1.000000, 1.000000;;,
      6;3; 1.000000, 1.000000, 1.000000;;,
      7;3; 1.000000, 1.000000, 1.000000;;,
      8;3; 1.000000, 1.000000, 1.000000;;,
      9;3; 1.000000, 1.000000, 1.000000;;,
      10;3; 1.000000, 1.000000, 1.000000;;,
      11;3; 1.000000, 1.000000, 1.000000;;,
      12;3; 1.000000, 1.000000, 1.000000;;,
      13;3; 1.000000, 1.000000, 1.000000;;,
      14;3; 1.000000, 1.000000, 1.000000;;,
      15;3; 1.000000, 1.000000, 1.000000;;,
      16;3; 1.000000, 1.000000, 1.000000;;,
      17;3; 1.000000, 1.000000, 1.000000;;,
      18;3; 1.000000, 1.000000, 1.000000;;,
      19;3; 1.000000, 1.000000, 1.000000;;,
      20;3; 1.000000, 1.000000, 1.000000;;,
      21;3; 1.000000, 1.000000, 1.000000;;;
    }
    AnimationKey { // Position
      2;
      22;
      0;3;-0.000006,109.827538, 0.000004;;,
      1;3;-0.000002,109.827538, 0.000022;;,
      2;3; 0.000003,109.827446,-0.000004;;,
      3;3;-0.000004,109.827431,-0.000006;;,
      4;3;-0.000002,109.827553, 0.000045;;,
      5;3;-0.000004,109.827477, 0.000049;;,
      6;3;-0.000006,109.827560, 0.000039;;,
      7;3; 0.000003,109.827583, 0.000006;;,
      8;3;-0.000001,109.827576,-0.000000;;,
      9;3;-0.000008,109.827484,-0.000034;;,
      10;3;-0.000004,109.827606, 0.000032;;,
      11;3; 0.000001,109.827438,-0.000004;;,
      12;3;-0.000005,109.827461,-0.000063;;,
      13;3;-0.000006,109.827583,-0.000025;;,
      14;3;-0.000007,109.827415, 0.000042;;,
      15;3;-0.000005,109.827507, 0.000010;;,
      16;3;-0.000003,109.827332, 0.000017;;,
      17;3; 0.000004,109.827576, 0.000043;;,
      18;3; 0.000006,109.827644,-0.000010;;,
      19;3; 0.000004,109.827614, 0.000037;;,
