xof 0303txt 0032

template XSkinMeshHeader {
  <3cf169ce-ff7c-44ab-93c0-f78f62d172e2>
  WORD nMaxSkinWeightsPerVertex;
  WORD nMaxSkinWeightsPerFace;
  WORD nBones;
}

template SkinWeights {
  <6f0d123b-bad2-4167-a0d0-80224f25fabb>
  STRING transformNodeName;
  DWORD nWeights;
  array DWORD vertexIndices[nWeights];
  array float weights[nWeights];
  Matrix4x4 matrixOffset;
}

Frame Root {
  FrameTransformMatrix {
     1.000000, 0.000000, 0.000000, 0.000000,
     0.000000,-0.000000,-1.000000, 0.000000,
     0.000000, 1.000000,-0.000000, 0.000000,
     0.000000, 0.000000, 0.000000, 1.000000;;
  }
  Frame Armature {
    FrameTransformMatrix {
       0.010000, 0.000000, 0.000000, 0.000000,
       0.000000,-0.000000, 0.010000, 0.000000,
       0.000000,-0.010000,-0.000000, 0.000000,
       0.000000, 0.000000, 0.000000, 1.000000;;
    }
    Frame Armature_mixamorig_Hips {
      FrameTransformMatrix {
         0.997501,-0.060659,-0.036237, 0.000000,
         0.059322, 0.997556,-0.036921, 0.000000,
         0.038388, 0.034679, 0.998661, 0.000000,
         0.703400,869.309448,-13.131801, 1.000000;;
      }
      Frame Armature_mixamorig_LeftUpLeg {
        FrameTransformMatrix {
          -0.999745,-0.019222, 0.011853, 0.000000,
           0.022577,-0.837943, 0.545290, 0.000000,
          -0.000549, 0.545420, 0.838164, 0.000000,
          93.699684,-45.666061,12.677404, 1.000000;;
        }
        Frame Armature_mixamorig_LeftLeg {
          FrameTransformMatrix {
             0.984547, 0.171349, 0.036137, 0.000000,
            -0.043228, 0.437774,-0.898045, 0.000000,
            -0.169698, 0.882606, 0.438416, 0.000000,
             0.000001,391.883942, 0.000007, 1.000000;;
          }
          Frame Armature_mixamorig_LeftFoot {
            FrameTransformMatrix {
               0.995586, 0.093623, 0.006635, 0.000000,
              -0.065952, 0.647528, 0.759183, 0.000000,
               0.066781,-0.756269, 0.650844, 0.000000,
               0.000004,357.860962, 0.000006, 1.000000;;
            }
            Frame Armature_mixamorig_LeftToeBase {
              FrameTransformMatrix {
                 0.999991,-0.003224, 0.002725, 0.000000,
                 0.000346, 0.705907, 0.708305, 0.000000,
                -0.004207,-0.708297, 0.705902, 0.000000,
                 0.000007,154.092377, 0.000003, 1.000000;;
              }
            } // End of Armature_mixamorig_LeftToeBase
          } // End of Armature_mixamorig_LeftFoot
        } // End of Armature_mixamorig_LeftLeg
      } // End of Armature_mixamorig_LeftUpLeg
      Frame Armature_mixamorig_RightUpLeg {
        FrameTransformMatrix {
          -0.983802,-0.141400,-0.110176, 0.000000,
           0.116535,-0.971529, 0.206276, 0.000000,
          -0.136204, 0.190095, 0.972269, 0.000000,
          -93.699707,-45.666073,13.235899, 1.000000;;
        }
        Frame Armature_mixamorig_RightLeg {
          FrameTransformMatrix {
             0.993381, 0.021774, 0.112787, 0.000000,
             0.037505, 0.866579,-0.497629, 0.000000,
            -0.108574, 0.498565, 0.860026, 0.000000,
             0.000002,391.883057, 0.000008, 1.000000;;
          }
          Frame Armature_mixamorig_RightFoot {
            FrameTransformMatrix {
               0.995065,-0.096125,-0.024621, 0.000000,
               0.061418, 0.401769, 0.913679, 0.000000,
              -0.077935,-0.910682, 0.405690, 0.000000,
              -0.000008,357.861023,-0.000003, 1.000000;;
            }
            Frame Armature_mixamorig_RightToeBase {
              FrameTransformMatrix {
                 0.999999,-0.001296, 0.001041, 0.000000,
                 0.000123, 0.682282, 0.731089, 0.000000,
                -0.001658,-0.731088, 0.682281, 0.000000,
                -0.000002,154.508377,-0.000003, 1.000000;;
              }
            } // End of Armature_mixamorig_RightToeBase
          } // End of Armature_mixamorig_RightFoot
        } // End of Armature_mixamorig_RightLeg
      } // End of Armature_mixamorig_RightUpLeg
      Frame Armature_mixamorig_Spine {
        FrameTransformMatrix {
           0.998013, 0.053989,-0.032476, 0.000000,
          -0.052562, 0.997678, 0.043299, 0.000000,
           0.034739,-0.041506, 0.998534, 0.000000,
          -0.000015,82.360466,-1.278294, 1.000000;;
        }
        Frame Armature_mixamorig_Spine1 {
          FrameTransformMatrix {
             0.999985, 0.002600,-0.004776, 0.000000,
            -0.002447, 0.999494, 0.031709, 0.000000,
             0.004857,-0.031697, 0.999486, 0.000000,
             0.000000,96.098717,-0.000000, 1.000000;;
          }
          Frame Armature_mixamorig_Spine2 {
            FrameTransformMatrix {
               0.999985, 0.002722,-0.004689, 0.000000,
              -0.002572, 0.999494, 0.031717, 0.000000,
               0.004773,-0.031704, 0.999486, 0.000000,
              -0.000000,109.827019, 0.000002, 1.000000;;
            }
            Frame Armature_mixamorig_LeftShoulder {
              FrameTransformMatrix {
                 0.060576, 0.021723,-0.997927, 0.000000,
                 0.907296,-0.417971, 0.045976, 0.000000,
                -0.416106,-0.908200,-0.045028, 0.000000,
                45.514500,109.233673, 0.066437, 1.000000;;
              }
              Frame Armature_mixamorig_LeftArm {
                FrameTransformMatrix {
                   0.922547, 0.372367,-0.101246, 0.000000,
                  -0.133708, 0.554580, 0.821318, 0.000000,
                   0.361981,-0.744167, 0.561414, 0.000000,
                   0.000004,95.179077,-0.000002, 1.000000;;
                }
                Frame Armature_mixamorig_LeftForeArm {
                  FrameTransformMatrix {
                     0.987061, 0.160347, 0.000044, 0.000000,
                    -0.160347, 0.987058, 0.002289, 0.000000,
                     0.000323,-0.002266, 0.999997, 0.000000,
                     0.000001,207.293976, 0.000021, 1.000000;;
                  }
                  Frame Armature_mixamorig_LeftHand {
                    FrameTransformMatrix {
                       0.884022,-0.099696, 0.456690, 0.000000,
                       0.231830, 0.941879,-0.243144, 0.000000,
                      -0.405906, 0.320819, 0.855754, 0.000000,
                       0.000000,263.734314,-0.000030, 1.000000;;
                    }
                    Frame Armature_mixamorig_LeftHandIndex1 {
                      FrameTransformMatrix {
                         0.995367, 0.091758, 0.028706, 0.000000,
                        -0.096046, 0.935569, 0.339833, 0.000000,
                         0.004326,-0.341015, 0.940048, 0.000000,
                        -24.511320,75.786850, 0.565157, 1.000000;;
                      }
                      Frame Armature_mixamorig_LeftHandIndex2 {
                        FrameTransformMatrix {
                           0.998662,-0.051197,-0.007245, 0.000000,
                           0.050383, 0.931980, 0.358990, 0.000000,
                          -0.011627,-0.358875, 0.933313, 0.000000,
                           0.000301,26.545233, 0.000063, 1.000000;;
                        }
                        Frame Armature_mixamorig_LeftHandIndex3 {
                          FrameTransformMatrix {
                             0.999942, 0.010731,-0.000169, 0.000000,
                            -0.010717, 0.997524,-0.069504, 0.000000,
                            -0.000578, 0.069502, 0.997582, 0.000000,
                             0.002731,24.502073,-0.000035, 1.000000;;
                          }
                        } // End of Armature_mixamorig_LeftHandIndex3
                      } // End of Armature_mixamorig_LeftHandIndex2
                    } // End of Armature_mixamorig_LeftHandIndex1
                    Frame Armature_mixamorig_LeftHandMiddle1 {
                      FrameTransformMatrix {
                         0.999803,-0.018651,-0.006739, 0.000000,
                         0.019727, 0.900639, 0.434120, 0.000000,
                        -0.002027,-0.434167, 0.900830, 0.000000,
                        -8.188004,75.844925, 0.198012, 1.000000;;
                      }
                      Frame Armature_mixamorig_LeftHandMiddle2 {
                        FrameTransformMatrix {
                           0.998549,-0.053327,-0.007484, 0.000000,
                           0.052209, 0.924702, 0.377093, 0.000000,
                          -0.013189,-0.376937, 0.926145, 0.000000,
                           0.001499,29.472311, 0.000035, 1.000000;;
                        }
                        Frame Armature_mixamorig_LeftHandMiddle3 {
                          FrameTransformMatrix {
                             1.000000, 0.000465,-0.000067, 0.000000,
                            -0.000468, 0.998622,-0.052469, 0.000000,
                             0.000043, 0.052469, 0.998623, 0.000000,
                             0.000614,28.343100, 0.000015, 1.000000;;
                          }
                        } // End of Armature_mixamorig_LeftHandMiddle3
                      } // End of Armature_mixamorig_LeftHandMiddle2
                    } // End of Armature_mixamorig_LeftHandMiddle1
                    Frame Armature_mixamorig_LeftHandPinky1 {
                      FrameTransformMatrix {
                         0.990545,-0.127562,-0.050494, 0.000000,
                         0.132545, 0.794839, 0.592167, 0.000000,
                        -0.035404,-0.593261, 0.804231, 0.000000,
                        24.290331,76.103668, 0.054989, 1.000000;;
                      }
                      Frame Armature_mixamorig_LeftHandPinky2 {
                        FrameTransformMatrix {
                           0.999549,-0.029923,-0.002559, 0.000000,
                           0.029197, 0.948247, 0.316189, 0.000000,
                          -0.007035,-0.316121, 0.948693, 0.000000,
                           0.000105,24.886305,-0.000019, 1.000000;;
                        }
                        Frame Armature_mixamorig_LeftHandPinky3 {
                          FrameTransformMatrix {
                             0.999911,-0.013365, 0.000239, 0.000000,
                             0.013367, 0.999748,-0.018055, 0.000000,
                             0.000003, 0.018056, 0.999837, 0.000000,
                             0.002303,20.427616, 0.000020, 1.000000;;
                          }
                        } // End of Armature_mixamorig_LeftHandPinky3
                      } // End of Armature_mixamorig_LeftHandPinky2
                    } // End of Armature_mixamorig_LeftHandPinky1
                    Frame Armature_mixamorig_LeftHandRing1 {
                      FrameTransformMatrix {
                         0.996083,-0.078349,-0.040997, 0.000000,
                         0.088085, 0.838443, 0.537824, 0.000000,
                        -0.007765,-0.539329, 0.842059, 0.000000,
                         8.409010,78.182922, 1.262666, 1.000000;;
                      }
                      Frame Armature_mixamorig_LeftHandRing2 {
                        FrameTransformMatrix {
                           0.999247,-0.037879,-0.008389, 0.000000,
                           0.038590, 0.948105, 0.315608, 0.000000,
                          -0.004001,-0.315694, 0.948853, 0.000000,
                           0.000501,27.473461,-0.000017, 1.000000;;
                        }
                        Frame Armature_mixamorig_LeftHandRing3 {
                          FrameTransformMatrix {
                             0.999994,-0.003224,-0.001132, 0.000000,
                             0.003261, 0.999395, 0.034637, 0.000000,
                             0.001020,-0.034640, 0.999399, 0.000000,
                            -0.002005,25.445240, 0.000028, 1.000000;;
                          }
                        } // End of Armature_mixamorig_LeftHandRing3
                      } // End of Armature_mixamorig_LeftHandRing2
                    } // End of Armature_mixamorig_LeftHandRing1
                    Frame Armature_mixamorig_LeftHandThumb1 {
                      FrameTransformMatrix {
                         0.750730, 0.626100,-0.210720, 0.000000,
                        -0.534645, 0.763201, 0.362877, 0.000000,
                         0.388019,-0.159762, 0.907699, 0.000000,
                        -29.122955,26.236881, 4.867355, 1.000000;;
                      }
                      Frame Armature_mixamorig_LeftHandThumb2 {
                        FrameTransformMatrix {
                           0.900722,-0.418183, 0.117567, 0.000000,
                           0.418708, 0.907869, 0.021393, 0.000000,
                          -0.115682, 0.029957, 0.992834, 0.000000,
                           1.230850,31.575668,-0.000078, 1.000000;;
                        }
                        Frame Armature_mixamorig_LeftHandThumb3 {
                          FrameTransformMatrix {
                             0.868624,-0.493750, 0.041275, 0.000000,
                             0.491882, 0.869343, 0.047918, 0.000000,
                            -0.059541,-0.021320, 0.997998, 0.000000,
                             1.621498,21.556196,-0.000055, 1.000000;;
                          }
                        } // End of Armature_mixamorig_LeftHandThumb3
                      } // End of Armature_mixamorig_LeftHandThumb2
                    } // End of Armature_mixamorig_LeftHandThumb1
                  } // End of Armature_mixamorig_LeftHand
                } // End of Armature_mixamorig_LeftForeArm
              } // End of Armature_mixamorig_LeftArm
            } // End of Armature_mixamorig_LeftShoulder
            Frame Armature_mixamorig_Neck {
              FrameTransformMatrix {
                 0.999974,-0.003077,-0.006512, 0.000000,
                 0.003130, 0.999961, 0.008234, 0.000000,
                 0.006486,-0.008254, 0.999945, 0.000000,
                 0.000001,123.555672, 0.000006, 1.000000;;
              }
              Frame Armature_mixamorig_Head {
                FrameTransformMatrix {
                   0.995454, 0.014384, 0.094157, 0.000000,
                  -0.006963, 0.996876,-0.078672, 0.000000,
                  -0.094994, 0.077659, 0.992444, 0.000000,
                   0.000001,108.817909,-2.669899, 1.000000;;
                }
              } // End of Armature_mixamorig_Head
            } // End of Armature_mixamorig_Neck
            Frame Armature_mixamorig_RightShoulder {
              FrameTransformMatrix {
                 0.070582,-0.023329, 0.997233, 0.000000,
                -0.893389,-0.446171, 0.052794, 0.000000,
                 0.443705,-0.894643,-0.052334, 0.000000,
                -45.514507,109.241226,-0.510950, 1.000000;;
              }
              Frame Armature_mixamorig_RightArm {
                FrameTransformMatrix {
                   0.961787,-0.259177, 0.088280, 0.000000,
                   0.099261, 0.630549, 0.769776, 0.000000,
                  -0.255173,-0.731598, 0.632180, 0.000000,
                   0.000006,95.180115, 0.000046, 1.000000;;
                }
                Frame Armature_mixamorig_RightForeArm {
                  FrameTransformMatrix {
                     0.960114,-0.279608,-0.000490, 0.000000,
                     0.279607, 0.960098, 0.005665, 0.000000,
                    -0.001114,-0.005576, 0.999984, 0.000000,
                    -0.000011,207.296371, 0.000053, 1.000000;;
                  }
                  Frame Armature_mixamorig_RightHand {
                    FrameTransformMatrix {
                       0.975483,-0.047304,-0.214933, 0.000000,
                      -0.007589, 0.968815,-0.247669, 0.000000,
                       0.219946, 0.243228, 0.944703, 0.000000,
                       0.000008,263.734100,-0.000015, 1.000000;;
                    }
                    Frame Armature_mixamorig_RightHandIndex1 {
                      FrameTransformMatrix {
                         0.997881,-0.062192,-0.019153, 0.000000,
                         0.065063, 0.948196, 0.310951, 0.000000,
                        -0.001178,-0.311538, 0.950233, 0.000000,
                        23.786816,76.789322, 0.476950, 1.000000;;
                      }
                      Frame Armature_mixamorig_RightHandIndex2 {
                        FrameTransformMatrix {
                           0.998358, 0.056651, 0.008459, 0.000000,
                          -0.055914, 0.931852, 0.358503, 0.000000,
                           0.012427,-0.358387, 0.933490, 0.000000,
                           0.003582,26.618824, 0.000072, 1.000000;;
                        }
                        Frame Armature_mixamorig_RightHandIndex3 {
                          FrameTransformMatrix {
                             0.999980,-0.005364,-0.003373, 0.000000,
                             0.005822, 0.987849, 0.155310, 0.000000,
                             0.002499,-0.155327, 0.987860, 0.000000,
                             0.028690,24.681190,-0.000015, 1.000000;;
                          }
                        } // End of Armature_mixamorig_RightHandIndex3
                      } // End of Armature_mixamorig_RightHandIndex2
                    } // End of Armature_mixamorig_RightHandIndex1
                    Frame Armature_mixamorig_RightHandMiddle1 {
                      FrameTransformMatrix {
                         0.999589, 0.026675, 0.010445, 0.000000,
                        -0.028494, 0.888154, 0.458662, 0.000000,
                         0.002958,-0.458771, 0.888550, 0.000000,
                         8.323498,77.855019, 1.195704, 1.000000;;
                      }
                      Frame Armature_mixamorig_RightHandMiddle2 {
                        FrameTransformMatrix {
                           0.998262, 0.058291, 0.008664, 0.000000,
                          -0.057254, 0.924490, 0.376882, 0.000000,
                           0.013959,-0.376723, 0.926221, 0.000000,
                           0.008263,29.184425,-0.000015, 1.000000;;
                        }
                        Frame Armature_mixamorig_RightHandMiddle3 {
                          FrameTransformMatrix {
                             0.999812, 0.019353, 0.001361, 0.000000,
                            -0.019300, 0.985064, 0.171101, 0.000000,
                             0.001971,-0.171095, 0.985252, 0.000000,
                             0.026894,28.014980, 0.000008, 1.000000;;
                          }
                        } // End of Armature_mixamorig_RightHandMiddle3
                      } // End of Armature_mixamorig_RightHandMiddle2
                    } // End of Armature_mixamorig_RightHandMiddle1
                    Frame Armature_mixamorig_RightHandPinky1 {
                      FrameTransformMatrix {
                         0.979794, 0.183914, 0.078609, 0.000000,
                        -0.195944, 0.803795, 0.561711, 0.000000,
                         0.040121,-0.565764, 0.823590, 0.000000,
                        -23.872150,76.419922,-0.111508, 1.000000;;
                      }
                      Frame Armature_mixamorig_RightHandPinky2 {
                        FrameTransformMatrix {
                           0.999409, 0.034176, 0.003619, 0.000000,
                          -0.033570, 0.948254, 0.315734, 0.000000,
                           0.007359,-0.315669, 0.948841, 0.000000,
                           0.021103,24.380291, 0.000048, 1.000000;;
                        }
                        Frame Armature_mixamorig_RightHandPinky3 {
                          FrameTransformMatrix {
                             0.999711,-0.021984,-0.009699, 0.000000,
                             0.023319, 0.984997, 0.170993, 0.000000,
                             0.005794,-0.171170, 0.985225, 0.000000,
                             0.034473,20.300810,-0.000008, 1.000000;;
                          }
                        } // End of Armature_mixamorig_RightHandPinky3
                      } // End of Armature_mixamorig_RightHandPinky2
                    } // End of Armature_mixamorig_RightHandPinky1
                    Frame Armature_mixamorig_RightHandRing1 {
                      FrameTransformMatrix {
                         0.994118, 0.095437, 0.051203, 0.000000,
                        -0.108007, 0.838542, 0.534024, 0.000000,
                         0.008030,-0.536413, 0.843917, 0.000000,
                        -8.238209,77.655075, 0.669212, 1.000000;;
                      }
                      Frame Armature_mixamorig_RightHandRing2 {
                        FrameTransformMatrix {
                           0.999122, 0.040937, 0.008935, 0.000000,
                          -0.041665, 0.948019, 0.315475, 0.000000,
                           0.004444,-0.315571, 0.948892, 0.000000,
                           0.008892,27.434505, 0.000000, 1.000000;;
                        }
                        Frame Armature_mixamorig_RightHandRing3 {
                          FrameTransformMatrix {
                             0.999908,-0.013235,-0.002905, 0.000000,
                             0.013536, 0.985542, 0.168892, 0.000000,
                             0.000628,-0.168915, 0.985630, 0.000000,
                             0.000496,26.051483, 0.000019, 1.000000;;
                          }
                        } // End of Armature_mixamorig_RightHandRing3
                      } // End of Armature_mixamorig_RightHandRing2
                    } // End of Armature_mixamorig_RightHandRing1
                    Frame Armature_mixamorig_RightHandThumb1 {
                      FrameTransformMatrix {
                         0.857373,-0.503829, 0.105209, 0.000000,
                         0.425783, 0.809132, 0.404987, 0.000000,
                        -0.289172,-0.302428, 0.908249, 0.000000,
                        28.496807,26.350677, 4.738604, 1.000000;;
                      }
                      Frame Armature_mixamorig_RightHandThumb2 {
                        FrameTransformMatrix {
                           0.971303, 0.236187,-0.028053, 0.000000,
                          -0.237847, 0.964566,-0.114197, 0.000000,
                           0.000087, 0.117592, 0.993062, 0.000000,
                          -0.718681,31.272579,-0.000046, 1.000000;;
                        }
                        Frame Armature_mixamorig_RightHandThumb3 {
                          FrameTransformMatrix {
                             0.915144, 0.399405,-0.054665, 0.000000,
                            -0.396749, 0.916371, 0.053430, 0.000000,
                             0.071434,-0.027208, 0.997074, 0.000000,
                            -0.909531,21.534624, 0.000084, 1.000000;;
                          }
                        } // End of Armature_mixamorig_RightHandThumb3
                      } // End of Armature_mixamorig_RightHandThumb2
                    } // End of Armature_mixamorig_RightHandThumb1
                  } // End of Armature_mixamorig_RightHand
                } // End of Armature_mixamorig_RightForeArm
              } // End of Armature_mixamorig_RightArm
            } // End of Armature_mixamorig_RightShoulder
          } // End of Armature_mixamorig_Spine2
        } // End of Armature_mixamorig_Spine1
      } // End of Armature_mixamorig_Spine
    } // End of Armature_mixamorig_Hips
  } // End of Armature
} // End of Root
AnimationSet Global {
  Animation {
    {Armature}
    AnimationKey { // Rotation
      0;
      31;
      0;4;-0.707107, 0.707107, 0.000000, 0.000000;;,
      1;4;-0.707107, 0.707107, 0.000000, 0.000000;;,
      2;4;-0.707107, 0.707107, 0.000000, 0.000000;;,
      3;4;-0.707107, 0.707107, 0.000000, 0.000000;;,
      4;4;-0.707107, 0.707107, 0.000000, 0.000000;;,
      5;4;-0.707107, 0.707107, 0.000000, 0.000000;;,
      6;4;-0.707107, 0.707107, 0.000000, 0.000000;;,
      7;4;-0.707107, 0.707107, 0.000000, 0.000000;;,
      8;4;-0.707107, 0.707107, 0.000000, 0.000000;;,
      9;4;-0.707107, 0.707107, 0.000000, 0.000000;;,
      10;4;-0.707107, 0.707107, 0.000000, 0.000000;;,
      11;4;-0.707107, 0.707107, 0.000000, 0.000000;;,
      12;4;-0.707107, 0.707107, 0.000000, 0.000000;;,
      13;4;-0.707107, 0.707107, 0.000000, 0.000000;;,
      14;4;-0.707107, 0.707107, 0.000000, 0.000000;;,
      15;4;-0.707107, 0.707107, 0.000000, 0.000000;;,
      16;4;-0.707107, 0.707107, 0.000000, 0.000000;;,
      17;4;-0.707107, 0.707107, 0.000000, 0.000000;;,
      18;4;-0.707107, 0.707107, 0.000000, 0.000000;;,
      19;4;-0.707107, 0.707107, 0.000000, 0.000000;;,
      20;4;-0.707107, 0.707107, 0.000000, 0.000000;;,
      21;4;-0.707107, 0.707107, 0.000000, 0.000000;;,
      22;4;-0.707107, 0.707107, 0.000000, 0.000000;;,
      23;4;-0.707107, 0.707107, 0.000000, 0.000000;;,
      24;4;-0.707107, 0.707107, 0.000000, 0.000000;;,
      25;4;-0.707107, 0.707107, 0.000000, 0.000000;;,
      26;4;-0.707107, 0.707107, 0.000000, 0.000000;;,
      27;4;-0.707107, 0.707107, 0.000000, 0.000000;;,
      28;4;-0.707107, 0.707107, 0.000000, 0.000000;;,
      29;4;-0.707107, 0.707107, 0.000000, 0.000000;;,
      30;4;-0.707107, 0.707107, 0.000000, 0.000000;;;
    }
    AnimationKey { // Scale
      1;
      31;
      0;3; 0.010000, 0.010000, 0.010000;;,
      1;3; 0.010000, 0.010000, 0.010000;;,
      2;3; 0.010000, 0.010000, 0.010000;;,
      3;3; 0.010000, 0.010000, 0.010000;;,
      4;3; 0.010000, 0.010000, 0.010000;;,
      5;3; 0.010000, 0.010000, 0.010000;;,
      6;3; 0.010000, 0.010000, 0.010000;;,
      7;3; 0.010000, 0.010000, 0.010000;;,
      8;3; 0.010000, 0.010000, 0.010000;;,
      9;3; 0.010000, 0.010000, 0.010000;;,
      10;3; 0.010000, 0.010000, 0.010000;;,
      11;3; 0.010000, 0.010000, 0.010000;;,
      12;3; 0.010000, 0.010000, 0.010000;;,
      13;3; 0.010000, 0.010000, 0.010000;;,
      14;3; 0.010000, 0.010000, 0.010000;;,
      15;3; 0.010000, 0.010000, 0.010000;;,
      16;3; 0.010000, 0.010000, 0.010000;;,
      17;3; 0.010000, 0.010000, 0.010000;;,
      18;3; 0.010000, 0.010000, 0.010000;;,
      19;3; 0.010000, 0.010000, 0.010000;;,
      20;3; 0.010000, 0.010000, 0.010000;;,
      21;3; 0.010000, 0.010000, 0.010000;;,
      22;3; 0.010000, 0.010000, 0.010000;;,
      23;3; 0.010000, 0.010000, 0.010000;;,
      24;3; 0.010000, 0.010000, 0.010000;;,
      25;3; 0.010000, 0.010000, 0.010000;;,
      26;3; 0.010000, 0.010000, 0.010000;;,
      27;3; 0.010000, 0.010000, 0.010000;;,
      28;3; 0.010000, 0.010000, 0.010000;;,
      29;3; 0.010000, 0.010000, 0.010000;;,
      30;3; 0.010000, 0.010000, 0.010000;;;
    }
    AnimationKey { // Position
      2;
      31;
      0;3; 0.000000, 0.000000, 0.000000;;,
      1;3; 0.000000, 0.000000, 0.000000;;,
      2;3; 0.000000, 0.000000, 0.000000;;,
      3;3; 0.000000, 0.000000, 0.000000;;,
      4;3; 0.000000, 0.000000, 0.000000;;,
      5;3; 0.000000, 0.000000, 0.000000;;,
      6;3; 0.000000, 0.000000, 0.000000;;,
      7;3; 0.000000, 0.000000, 0.000000;;,
      8;3; 0.000000, 0.000000, 0.000000;;,
      9;3; 0.000000, 0.000000, 0.000000;;,
      10;3; 0.000000, 0.000000, 0.000000;;,
      11;3; 0.000000, 0.000000, 0.000000;;,
      12;3; 0.000000, 0.000000, 0.000000;;,
      13;3; 0.000000, 0.000000, 0.000000;;,
      14;3; 0.000000, 0.000000, 0.000000;;,
      15;3; 0.000000, 0.000000, 0.000000;;,
      16;3; 0.000000, 0.000000, 0.000000;;,
      17;3; 0.000000, 0.000000, 0.000000;;,
      18;3; 0.000000, 0.000000, 0.000000;;,
      19;3; 0.000000, 0.000000, 0.000000;;,
      20;3; 0.000000, 0.000000, 0.000000;;,
      21;3; 0.000000, 0.000000, 0.000000;;,
      22;3; 0.000000, 0.000000, 0.000000;;,
      23;3; 0.000000, 0.000000, 0.000000;;,
      24;3; 0.000000, 0.000000, 0.000000;;,
      25;3; 0.000000, 0.000000, 0.000000;;,
      26;3; 0.000000, 0.000000, 0.000000;;,
      27;3; 0.000000, 0.000000, 0.000000;;,
      28;3; 0.000000, 0.000000, 0.000000;;,
      29;3; 0.000000, 0.000000, 0.000000;;,
      30;3; 0.000000, 0.000000, 0.000000;;;
    }
  }
  Animation {
    {Armature_mixamorig_Hips}
    AnimationKey { // Rotation
      0;
      31;
      0;4;-0.999214,-0.017914, 0.018671,-0.030019;;,
      1;4;-0.999549,-0.014536, 0.004534,-0.025882;;,
      2;4;-0.999635,-0.010280,-0.008327,-0.023568;;,
      3;4;-0.999481,-0.006021,-0.020389,-0.024221;;,
      4;4;-0.999180,-0.003130,-0.030898,-0.025995;;,
      5;4;-0.998976,-0.002741,-0.038065,-0.024282;;,
      6;4;-0.998999,-0.005122,-0.041525,-0.015826;;,
      7;4;-0.998992,-0.009669,-0.043791,-0.002080;;,
      8;4;-0.998647,-0.015101,-0.047861, 0.013621;;,
      9;4;-0.997936,-0.019922,-0.054151, 0.028189;;,
      10;4;-0.997086,-0.023278,-0.059973, 0.040995;;,
      11;4;-0.996430,-0.025309,-0.062764, 0.050469;;,
      12;4;-0.996244,-0.026767,-0.061928, 0.054284;;,
      13;4;-0.996588,-0.028163,-0.057667, 0.051899;;,
      14;4;-0.997313,-0.029181,-0.049628, 0.045299;;,
      15;4;-0.998198,-0.028807,-0.037415, 0.037022;;,
      16;4;-0.999013,-0.026104,-0.021828, 0.028550;;,
      17;4;-0.999547,-0.021100,-0.004684, 0.020938;;,
      18;4;-0.999692,-0.015076, 0.012431, 0.015329;;,
      19;4;-0.999478,-0.009867, 0.028495, 0.011557;;,
      20;4;-0.999059,-0.006723, 0.042269, 0.007084;;,
      21;4;-0.998599,-0.005799, 0.052585,-0.000605;;,
      22;4;-0.998204,-0.006644, 0.058466,-0.011234;;,
      23;4;-0.997931,-0.008957, 0.059252,-0.023310;;,
      24;4;-0.997760,-0.012538, 0.055576,-0.035058;;,
      25;4;-0.997614,-0.016658, 0.050178,-0.044401;;,
      26;4;-0.997529,-0.019900, 0.046347,-0.048899;;,
      27;4;-0.997648,-0.021149, 0.044628,-0.047538;;,
      28;4;-0.998033,-0.020560, 0.041733,-0.042019;;,
      29;4;-0.998620,-0.019166, 0.033704,-0.035411;;,
      30;4;-0.999214,-0.017914, 0.018671,-0.030019;;;
    }
    AnimationKey { // Scale
      1;
      31;
      0;3; 1.000000, 1.000000, 1.000000;;,
      1;3; 1.000000, 1.000000, 1.000000;;,
      2;3; 1.000000, 1.000000, 1.000000;;,
      3;3; 1.000000, 1.000000, 1.000000;;,
      4;3; 1.000000, 1.000000, 1.000000;;,
      5;3; 1.000000, 1.000000, 1.000000;;,
      6;3; 1.000000, 1.000000, 1.000000;;,
      7;3; 1.000000, 1.000000, 1.000000;;,
      8;3; 1.000000, 1.000000, 1.000000;;,
      9;3; 1.000000, 1.000000, 1.000000;;,
      10;3; 1.000000, 1.000000, 1.000000;;,
      11;3; 1.000000, 1.000000, 1.000000;;,
      12;3; 1.000000, 1.000000, 1.000000;;,
      13;3; 1.000000, 1.000000, 1.000000;;,
      14;3; 1.000000, 1.000000, 1.000000;;,
      15;3; 1.000000, 1.000000, 1.000000;;,
      16;3; 1.000000, 1.000000, 1.000000;;,
      17;3; 1.000000, 1.000000, 1.000000;;,
      18;3; 1.000000, 1.000000, 1.000000;;,
      19;3; 1.000000, 1.000000, 1.000000;;,
      20;3; 1.000000, 1.000000, 1.000000;;,
      21;3; 1.000000, 1.000000, 1.000000;;,
      22;3; 1.000000, 1.000000, 1.000000;;,
      23;3; 1.000000, 1.000000, 1.000000;;,
      24;3; 1.000000, 1.000000, 1.000000;;,
      25;3; 1.000000, 1.000000, 1.000000;;,
      26;3; 1.000000, 1.000000, 1.000000;;,
      27;3; 1.000000, 1.000000, 1.000000;;,
      28;3; 1.000000, 1.000000, 1.000000;;,
      29;3; 1.000000, 1.000000, 1.000000;;,
      30;3; 1.000000, 1.000000, 1.000000;;;
    }
    AnimationKey { // Position
      2;
      31;
      0;3; 0.703400,869.309448,-13.131801;;,
      1;3; 0.703400,869.309448,-13.131801;;,
      2;3; 0.703400,869.309448,-13.131801;;,
      3;3; 0.703400,869.309448,-13.131801;;,
      4;3; 0.703400,869.309448,-13.131801;;,
      5;3; 0.703400,869.309448,-13.131801;;,
      6;3; 0.703400,869.309448,-13.131801;;,
      7;3; 0.703400,869.309448,-13.131801;;,
      8;3; 0.703400,869.309448,-13.131801;;,
      9;3; 0.703400,869.309448,-13.131801;;,
      10;3; 0.703400,869.309448,-13.131801;;,
      11;3; 0.703400,869.309448,-13.131801;;,
      12;3; 0.703400,869.309448,-13.131801;;,
      13;3; 0.703400,869.309448,-13.131801;;,
      14;3; 0.703400,869.309448,-13.131801;;,
      15;3; 0.703400,869.309448,-13.131801;;,
      16;3; 0.703400,869.309448,-13.131801;;,
      17;3; 0.703400,869.309448,-13.131801;;,
      18;3; 0.703400,869.309448,-13.131801;;,
      19;3; 0.703400,869.309448,-13.131801;;,
      20;3; 0.703400,869.309448,-13.131801;;,
      21;3; 0.703400,869.309448,-13.131801;;,
      22;3; 0.703400,869.309448,-13.131801;;,
      23;3; 0.703400,869.309448,-13.131801;;,
      24;3; 0.703400,869.309448,-13.131801;;,
      25;3; 0.703400,869.309448,-13.131801;;,
      26;3; 0.703400,869.309448,-13.131801;;,
      27;3; 0.703400,869.309448,-13.131801;;,
      28;3; 0.703400,869.309448,-13.131801;;,
      29;3; 0.703400,869.309448,-13.131801;;,
      30;3; 0.703400,869.309448,-13.131801;;;
    }
  }
  Animation {
    {Armature_mixamorig_Spine}
    AnimationKey { // Rotation
      0;
      31;
      0;4;-0.999278, 0.021216, 0.016816, 0.026657;;,
      1;4;-0.999221, 0.020641, 0.021857, 0.025551;;,
      2;4;-0.999081, 0.019197, 0.027405, 0.026798;;,
      3;4;-0.998816, 0.017701, 0.033438, 0.030589;;,
      4;4;-0.998513, 0.017153, 0.038808, 0.034240;;,
      5;4;-0.998415, 0.017802, 0.041919, 0.033052;;,
      6;4;-0.998630, 0.018708, 0.042650, 0.023849;;,
      7;4;-0.998891, 0.018633, 0.042553, 0.007709;;,
      8;4;-0.998868, 0.017319, 0.042672,-0.011945;;,
      9;4;-0.998509, 0.015772, 0.042327,-0.030659;;,
      10;4;-0.998027, 0.015434, 0.039631,-0.046185;;,
      11;4;-0.997684, 0.016934, 0.033855,-0.056520;;,
      12;4;-0.997666, 0.019756, 0.026005,-0.059960;;,
      13;4;-0.997981, 0.022864, 0.017506,-0.056608;;,
      14;4;-0.998442, 0.025334, 0.009216,-0.048859;;,
      15;4;-0.998848, 0.026523, 0.001458,-0.039961;;,
      16;4;-0.999118, 0.026162,-0.005671,-0.032342;;,
      17;4;-0.999254, 0.024572,-0.012241,-0.027170;;,
      18;4;-0.999281, 0.022542,-0.018348,-0.024357;;,
      19;4;-0.999260, 0.020616,-0.023703,-0.022197;;,
      20;4;-0.999299, 0.018510,-0.027448,-0.017489;;,
      21;4;-0.999420, 0.015631,-0.029238,-0.007795;;,
      22;4;-0.999475, 0.012349,-0.029329, 0.006131;;,
      23;4;-0.999327, 0.010425,-0.027839, 0.021507;;,
      24;4;-0.999026, 0.011594,-0.024564, 0.034766;;,
      25;4;-0.998758, 0.015642,-0.019526, 0.043090;;,
      26;4;-0.998690, 0.020228,-0.013274, 0.045088;;,
      27;4;-0.998853, 0.022888,-0.006496, 0.041554;;,
      28;4;-0.999108, 0.023053, 0.000580, 0.035376;;,
      29;4;-0.999282, 0.021975, 0.008222, 0.029765;;,
      30;4;-0.999278, 0.021216, 0.016816, 0.026657;;;
    }
    AnimationKey { // Scale
      1;
      31;
      0;3; 1.000000, 1.000000, 1.000000;;,
      1;3; 1.000000, 1.000000, 1.000000;;,
      2;3; 1.000000, 1.000000, 1.000000;;,
      3;3; 1.000000, 1.000000, 1.000000;;,
      4;3; 1.000000, 1.000000, 1.000000;;,
      5;3; 1.000000, 1.000000, 1.000000;;,
      6;3; 1.000000, 1.000000, 1.000000;;,
      7;3; 1.000000, 1.000000, 1.000000;;,
      8;3; 1.000000, 1.000000, 1.000000;;,
      9;3; 1.000000, 1.000000, 1.000000;;,
      10;3; 1.000000, 1.000000, 1.000000;;,
      11;3; 1.000000, 1.000000, 1.000000;;,
      12;3; 1.000000, 1.000000, 1.000000;;,
      13;3; 1.000000, 1.000000, 1.000000;;,
      14;3; 1.000000, 1.000000, 1.000000;;,
      15;3; 1.000000, 1.000000, 1.000000;;,
      16;3; 1.000000, 1.000000, 1.000000;;,
      17;3; 1.000000, 1.000000, 1.000000;;,
      18;3; 1.000000, 1.000000, 1.000000;;,
      19;3; 1.000000, 1.000000, 1.000000;;,
      20;3; 1.000000, 1.000000, 1.000000;;,
      21;3; 1.000000, 1.000000, 1.000000;;,
      22;3; 1.000000, 1.000000, 1.000000;;,
      23;3; 1.000000, 1.000000, 1.000000;;,
      24;3; 1.000000, 1.000000, 1.000000;;,
      25;3; 1.000000, 1.000000, 1.000000;;,
      26;3; 1.000000, 1.000000, 1.000000;;,
      27;3; 1.000000, 1.000000, 1.000000;;,
      28;3; 1.000000, 1.000000, 1.000000;;,
      29;3; 1.000000, 1.000000, 1.000000;;,
      30;3; 1.000000, 1.000000, 1.000000;;;
    }
    AnimationKey { // Position
      2;
      31;
      0;3;-0.000015,82.360466,-1.278294;;,
      1;3;-0.000006,82.360611,-1.278298;;,
      2;3;-0.000008,82.360443,-1.278299;;,
      3;3;-0.000010,82.360504,-1.278299;;,
      4;3;-0.000015,82.360558,-1.278298;;,
      5;3;-0.000011,82.360504,-1.278299;;,
      6;3;-0.000008,82.360497,-1.278298;;,
      7;3;-0.000009,82.360527,-1.278297;;,
      8;3;-0.000007,82.360550,-1.278296;;,
      9;3;-0.000006,82.360497,-1.278300;;,
      10;3;-0.000002,82.360504,-1.278296;;,
      11;3;-0.000009,82.360550,-1.278296;;,
      12;3;-0.000009,82.360519,-1.278297;;,
      13;3;-0.000010,82.360580,-1.278303;;,
      14;3;-0.000016,82.360435,-1.278303;;,
      15;3;-0.000013,82.360489,-1.278302;;,
      16;3;-0.000006,82.360420,-1.278304;;,
      17;3;-0.000006,82.360443,-1.278298;;,
      18;3;-0.000006,82.360489,-1.278300;;,
      19;3;-0.000010,82.360428,-1.278299;;,
      20;3;-0.000009,82.360550,-1.278298;;,
      21;3;-0.000007,82.360413,-1.278299;;,
      22;3;-0.000006,82.360558,-1.278298;;,
      23;3;-0.000011,82.360558,-1.278299;;,
      24;3;-0.000005,82.360588,-1.278301;;,
      25;3;-0.000013,82.360474,-1.278296;;,
      26;3;-0.000004,82.360474,-1.278296;;,
      27;3;-0.000005,82.360527,-1.278293;;,
      28;3; 0.000001,82.360458,-1.278294;;,
      29;3;-0.000002,82.360497,-1.278289;;,
      30;3;-0.000013,82.360466,-1.278292;;;
    }
  }
  Animation {
    {Armature_mixamorig_Spine1}
    AnimationKey { // Rotation
      0;
      31;
      0;4;-0.999871, 0.015853, 0.002409, 0.001262;;,
      1;4;-0.999874, 0.015527, 0.003101, 0.000809;;,
      2;4;-0.999889, 0.014402, 0.003728, 0.000895;;,
      3;4;-0.999903, 0.013130, 0.004327, 0.001504;;,
      4;4;-0.999908, 0.012456, 0.004904, 0.002172;;,
      5;4;-0.999903, 0.012641, 0.005389, 0.002118;;,
      6;4;-0.999895, 0.013298, 0.005678, 0.000868;;,
      7;4;-0.999885, 0.013991, 0.005690,-0.001389;;,
      8;4;-0.999869, 0.014737, 0.005402,-0.004026;;,
      9;4;-0.999844, 0.015739, 0.004853,-0.006431;;,
      10;4;-0.999817, 0.016797, 0.004141,-0.008156;;,
      11;4;-0.999805, 0.017333, 0.003385,-0.008850;;,
      12;4;-0.999816, 0.017083, 0.002644,-0.008347;;,
      13;4;-0.999838, 0.016522, 0.001880,-0.006862;;,
      14;4;-0.999853, 0.016361, 0.001035,-0.004954;;,
      15;4;-0.999855, 0.016705, 0.000141,-0.003222;;,
      16;4;-0.999854, 0.016928,-0.000683,-0.002073;;,
      17;4;-0.999863, 0.016419,-0.001379,-0.001668;;,
      18;4;-0.999880, 0.015279,-0.002034,-0.001889;;,
      19;4;-0.999894, 0.014144,-0.002758,-0.002242;;,
      20;4;-0.999901, 0.013486,-0.003486,-0.001997;;,
      21;4;-0.999904, 0.013290,-0.003954,-0.000649;;,
      22;4;-0.999901, 0.013424,-0.003915, 0.001650;;,
      23;4;-0.999888, 0.013995,-0.003366, 0.004134;;,
      24;4;-0.999865, 0.015126,-0.002567, 0.005893;;,
      25;4;-0.999842, 0.016488,-0.001823, 0.006373;;,
      26;4;-0.999832, 0.017378,-0.001242, 0.005625;;,
      27;4;-0.999840, 0.017361,-0.000691, 0.004199;;,
      28;4;-0.999857, 0.016695, 0.000050, 0.002778;;,
      29;4;-0.999869, 0.016024, 0.001092, 0.001776;;,
      30;4;-0.999871, 0.015853, 0.002409, 0.001262;;;
    }
    AnimationKey { // Scale
      1;
      31;
      0;3; 1.000000, 1.000000, 1.000000;;,
      1;3; 1.000000, 1.000000, 1.000000;;,
      2;3; 1.000000, 1.000000, 1.000000;;,
      3;3; 1.000000, 1.000000, 1.000000;;,
      4;3; 1.000000, 1.000000, 1.000000;;,
      5;3; 1.000000, 1.000000, 1.000000;;,
      6;3; 1.000000, 1.000000, 1.000000;;,
      7;3; 1.000000, 1.000000, 1.000000;;,
      8;3; 1.000000, 1.000000, 1.000000;;,
      9;3; 1.000000, 1.000000, 1.000000;;,
      10;3; 1.000000, 1.000000, 1.000000;;,
      11;3; 1.000000, 1.000000, 1.000000;;,
      12;3; 1.000000, 1.000000, 1.000000;;,
      13;3; 1.000000, 1.000000, 1.000000;;,
      14;3; 1.000000, 1.000000, 1.000000;;,
      15;3; 1.000000, 1.000000, 1.000000;;,
      16;3; 1.000000, 1.000000, 1.000000;;,
      17;3; 1.000000, 1.000000, 1.000000;;,
      18;3; 1.000000, 1.000000, 1.000000;;,
      19;3; 1.000000, 1.000000, 1.000000;;,
      20;3; 1.000000, 1.000000, 1.000000;;,
