xof 0303txt 0032

template XSkinMeshHeader {
  <3cf169ce-ff7c-44ab-93c0-f78f62d172e2>
  WORD nMaxSkinWeightsPerVertex;
  WORD nMaxSkinWeightsPerFace;
  WORD nBones;
}

template SkinWeights {
  <6f0d123b-bad2-4167-a0d0-80224f25fabb>
  STRING transformNodeName;
  DWORD nWeights;
  array DWORD vertexIndices[nWeights];
  array float weights[nWeights];
  Matrix4x4 matrixOffset;
}

Frame Root {
  FrameTransformMatrix {
     1.000000, 0.000000, 0.000000, 0.000000,
     0.000000,-0.000000,-1.000000, 0.000000,
     0.000000, 1.000000,-0.000000, 0.000000,
     0.000000, 0.000000, 0.000000, 1.000000;;
  }
  Frame Armature {
    FrameTransformMatrix {
       0.010000, 0.000000, 0.000000, 0.000000,
       0.000000,-0.000000, 0.010000, 0.000000,
       0.000000,-0.010000,-0.000000, 0.000000,
       0.000000, 0.000000, 0.000000, 1.000000;;
    }
    Frame Armature_mixamorig_Hips {
      FrameTransformMatrix {
         0.999820,-0.018948, 0.000042, 0.000000,
         0.018948, 0.999811,-0.004403, 0.000000,
         0.000042, 0.004403, 0.999990, 0.000000,
        -0.000023,80.532974, 0.000015, 1.000000;;
      }
      Frame Armature_mixamorig_LeftUpLeg {
        FrameTransformMatrix {
          -0.885574,-0.365268, 0.286974, 0.000000,
           0.464420,-0.707660, 0.532526, 0.000000,
           0.008565, 0.604812, 0.796419, 0.000000,
          13.655999,-7.135304, 0.129700, 1.000000;;
        }
        Frame Armature_mixamorig_LeftLeg {
          FrameTransformMatrix {
             0.983695,-0.171589, 0.053872, 0.000000,
             0.139425, 0.538371,-0.831094, 0.000000,
             0.113604, 0.825054, 0.553516, 0.000000,
             0.000003,35.949707,-0.000007, 1.000000;;
          }
          Frame Armature_mixamorig_LeftFoot {
            FrameTransformMatrix {
               0.973383,-0.135773,-0.184635, 0.000000,
               0.226477, 0.446423, 0.865688, 0.000000,
              -0.035112,-0.884462, 0.465290, 0.000000,
               0.000003,34.409225, 0.000002, 1.000000;;
            }
            Frame Armature_mixamorig_LeftToeBase {
              FrameTransformMatrix {
                 0.974421,-0.166306,-0.151148, 0.000000,
                 0.223111, 0.635344, 0.739296, 0.000000,
                -0.026918,-0.754109, 0.656197, 0.000000,
                 0.000001,21.286983,-0.000001, 1.000000;;
              }
              Frame Armature_mixamorig_LeftToe_End {
                FrameTransformMatrix {
                   1.000000, 0.000000, 0.000000, 0.000000,
                  -0.000000, 1.000000,-0.000000, 0.000000,
                   0.000000, 0.000000, 1.000000, 0.000000,
                   0.000000,16.881931,-0.000000, 1.000000;;
                }
              } // End of Armature_mixamorig_LeftToe_End
            } // End of Armature_mixamorig_LeftToeBase
          } // End of Armature_mixamorig_LeftFoot
        } // End of Armature_mixamorig_LeftLeg
      } // End of Armature_mixamorig_LeftUpLeg
      Frame Armature_mixamorig_RightUpLeg {
        FrameTransformMatrix {
          -0.895450, 0.200382,-0.397554, 0.000000,
          -0.401816,-0.748175, 0.528043, 0.000000,
          -0.191609, 0.632520, 0.750561, 0.000000,
          -13.655998,-7.135208, 0.129700, 1.000000;;
        }
        Frame Armature_mixamorig_RightLeg {
          FrameTransformMatrix {
             0.991788, 0.065728, 0.109708, 0.000000,
             0.055221, 0.553649,-0.830917, 0.000000,
            -0.115355, 0.830152, 0.545473, 0.000000,
            -0.000001,35.949699,-0.000001, 1.000000;;
          }
          Frame Armature_mixamorig_RightFoot {
            FrameTransformMatrix {
               0.970600, 0.209158, 0.119115, 0.000000,
              -0.203130, 0.446292, 0.871529, 0.000000,
               0.129127,-0.870102, 0.475657, 0.000000,
              -0.000001,34.409222,-0.000004, 1.000000;;
            }
            Frame Armature_mixamorig_RightToeBase {
              FrameTransformMatrix {
                 0.962643, 0.270705,-0.006148, 0.000000,
                -0.168464, 0.616535, 0.769093, 0.000000,
                 0.211988,-0.739326, 0.639107, 0.000000,
                 0.000001,21.286985,-0.000000, 1.000000;;
              }
              Frame Armature_mixamorig_RightToe_End {
                FrameTransformMatrix {
                   1.000000,-0.000000, 0.000000, 0.000000,
                   0.000000, 1.000000, 0.000000, 0.000000,
                  -0.000000, 0.000000, 1.000000, 0.000000,
                  -0.000003,16.881937,-0.000000, 1.000000;;
                }
              } // End of Armature_mixamorig_RightToe_End
            } // End of Armature_mixamorig_RightToeBase
          } // End of Armature_mixamorig_RightFoot
        } // End of Armature_mixamorig_RightLeg
      } // End of Armature_mixamorig_RightUpLeg
      Frame Armature_mixamorig_Spine {
        FrameTransformMatrix {
           0.999957, 0.009019,-0.002127, 0.000000,
          -0.007955, 0.953231, 0.302137, 0.000000,
           0.004753,-0.302107, 0.953262, 0.000000,
          -0.000000,10.763903, 1.243500, 1.000000;;
        }
        Frame Armature_mixamorig_Spine1 {
          FrameTransformMatrix {
             0.999841, 0.017718,-0.002046, 0.000000,
            -0.016574, 0.965378, 0.260330, 0.000000,
             0.006588,-0.260254, 0.965518, 0.000000,
            -0.000000,13.063311,-0.000000, 1.000000;;
          }
          Frame Armature_mixamorig_Spine2 {
            FrameTransformMatrix {
               0.999876, 0.015676,-0.001366, 0.000000,
              -0.014630, 0.958047, 0.286238, 0.000000,
               0.005796,-0.286183, 0.958157, 0.000000,
               0.000000,13.020505,-0.000005, 1.000000;;
            }
            Frame Armature_mixamorig_LeftShoulder {
              FrameTransformMatrix {
                 0.253917, 0.330559,-0.908987, 0.000000,
                 0.933589, 0.161926, 0.319675, 0.000000,
                 0.252860,-0.929791,-0.267490, 0.000000,
                 9.553599,16.065390,-5.227807, 1.000000;;
              }
              Frame Armature_mixamorig_LeftArm {
                FrameTransformMatrix {
                   0.778950, 0.275860, 0.563150, 0.000000,
                  -0.569001, 0.688398, 0.449829, 0.000000,
                  -0.263582,-0.670827, 0.693193, 0.000000,
                  -0.000004,18.035484,-0.000004, 1.000000;;
                }
                Frame Armature_mixamorig_LeftForeArm {
                  FrameTransformMatrix {
                     0.613135, 0.789472, 0.028277, 0.000000,
                    -0.755249, 0.575308, 0.314037, 0.000000,
                     0.231656,-0.213904, 0.948989, 0.000000,
                     0.000002,26.415094,-0.000011, 1.000000;;
                  }
                  Frame Armature_mixamorig_LeftHand {
                    FrameTransformMatrix {
                       1.000000, 0.000000,-0.000000, 0.000000,
                       0.000000, 1.000000, 0.000000, 0.000000,
                       0.000000,-0.000000, 1.000000, 0.000000,
                      -0.000005,26.753391, 0.000000, 1.000000;;
                    }
                  } // End of Armature_mixamorig_LeftHand
                } // End of Armature_mixamorig_LeftForeArm
              } // End of Armature_mixamorig_LeftArm
            } // End of Armature_mixamorig_LeftShoulder
            Frame Armature_mixamorig_Neck {
              FrameTransformMatrix {
                 0.999870, 0.001389, 0.016070, 0.000000,
                -0.002222, 0.998646, 0.051979, 0.000000,
                -0.015976,-0.052008, 0.998519, 0.000000,
                -0.011900,24.670687, 2.028095, 1.000000;;
              }
              Frame Armature_mixamorig_Head {
                FrameTransformMatrix {
                   0.998271,-0.043165,-0.039898, 0.000000,
                   0.025294, 0.928172,-0.371290, 0.000000,
                   0.053059, 0.369639, 0.927659, 0.000000,
                   0.000000, 8.817300, 6.102604, 1.000000;;
                }
                Frame Armature_mixamorig_HeadTop_End {
                  FrameTransformMatrix {
                     1.000000, 0.000000,-0.000000, 0.000000,
                     0.000000, 1.000000, 0.000000, 0.000000,
                    -0.000000,-0.000000, 1.000000, 0.000000,
                     0.000000,20.493916,-0.282509, 1.000000;;
                  }
                } // End of Armature_mixamorig_HeadTop_End
              } // End of Armature_mixamorig_Head
            } // End of Armature_mixamorig_Neck
            Frame Armature_mixamorig_RightShoulder {
              FrameTransformMatrix {
                 0.183259,-0.302041, 0.935515, 0.000000,
                -0.951753, 0.183753, 0.245766, 0.000000,
                -0.246135,-0.935418,-0.253794, 0.000000,
                -9.553599,16.065382,-5.227803, 1.000000;;
              }
              Frame Armature_mixamorig_RightArm {
                FrameTransformMatrix {
                   0.847724,-0.165666,-0.503904, 0.000000,
                   0.486692, 0.620703, 0.614702, 0.000000,
                   0.210939,-0.766344, 0.606813, 0.000000,
                   0.000010,17.955093, 0.000004, 1.000000;;
                }
                Frame Armature_mixamorig_RightForeArm {
                  FrameTransformMatrix {
                     0.387466,-0.866102,-0.315812, 0.000000,
                     0.920819, 0.380067, 0.087422, 0.000000,
                     0.044313,-0.324679, 0.944786, 0.000000,
                    -0.000005,26.415104,-0.000011, 1.000000;;
                  }
                  Frame Armature_mixamorig_RightHand {
                    FrameTransformMatrix {
                       0.915699, 0.400323,-0.035165, 0.000000,
                      -0.361981, 0.859662, 0.360487, 0.000000,
                       0.174541,-0.317369, 0.932101, 0.000000,
                       0.000000,26.753403, 0.000005, 1.000000;;
                    }
                    Frame Armature_mixamorig_RightHandIndex1 {
                      FrameTransformMatrix {
                         0.842465,-0.438711, 0.312708, 0.000000,
                         0.213807, 0.805021, 0.553379, 0.000000,
                        -0.494510,-0.399343, 0.772001, 0.000000,
                         8.654201,18.447786,-1.479602, 1.000000;;
                      }
                      Frame Armature_mixamorig_RightHandIndex2 {
                        FrameTransformMatrix {
                           0.974313,-0.210686,-0.079538, 0.000000,
                           0.221646, 0.834635, 0.504239, 0.000000,
                          -0.039851,-0.508916, 0.859893, 0.000000,
                          -0.000002, 7.514408,-0.000004, 1.000000;;
                        }
                        Frame Armature_mixamorig_RightHandIndex3 {
                          FrameTransformMatrix {
                             0.968270,-0.231559,-0.093993, 0.000000,
                             0.245144, 0.953160, 0.177171, 0.000000,
                             0.048564,-0.194591, 0.979681, 0.000000,
                             0.000001, 7.489392, 0.000004, 1.000000;;
                          }
                          Frame Armature_mixamorig_RightHandIndex4 {
                            FrameTransformMatrix {
                               1.000000, 0.000000, 0.000000, 0.000000,
                              -0.000000, 1.000000,-0.000000, 0.000000,
                               0.000000, 0.000000, 1.000000, 0.000000,
                              -0.000000, 6.769708, 0.000010, 1.000000;;
                            }
                          } // End of Armature_mixamorig_RightHandIndex4
                        } // End of Armature_mixamorig_RightHandIndex3
                      } // End of Armature_mixamorig_RightHandIndex2
                    } // End of Armature_mixamorig_RightHandIndex1
                    Frame Armature_mixamorig_RightHandPinky1 {
                      FrameTransformMatrix {
                         0.021648, 0.587891,-0.808651, 0.000000,
                         0.518523, 0.684948, 0.511840, 0.000000,
                         0.854789,-0.430385,-0.290007, 0.000000,
                        -10.003105,17.507795, 0.477996, 1.000000;;
                      }
                      Frame Armature_mixamorig_RightHandPinky2 {
                        FrameTransformMatrix {
                           0.859828, 0.510584, 0.000220, 0.000000,
                          -0.510584, 0.859827, 0.000909, 0.000000,
                           0.000275,-0.000894, 1.000000, 0.000000,
                          -0.000005, 7.044201, 0.000002, 1.000000;;
                        }
                        Frame Armature_mixamorig_RightHandPinky3 {
                          FrameTransformMatrix {
                             0.752630, 0.658444, 0.000375, 0.000000,
                            -0.658444, 0.752630, 0.000664, 0.000000,
                             0.000155,-0.000746, 1.000000, 0.000000,
                            -0.000001, 7.078894, 0.000002, 1.000000;;
                          }
                          Frame Armature_mixamorig_RightHandPinky4 {
                            FrameTransformMatrix {
                               1.000000,-0.000000,-0.000000, 0.000000,
                               0.000000, 1.000000, 0.000000, 0.000000,
                               0.000000, 0.000000, 1.000000, 0.000000,
                              -0.000005, 7.092997,-0.000002, 1.000000;;
                            }
                          } // End of Armature_mixamorig_RightHandPinky4
                        } // End of Armature_mixamorig_RightHandPinky3
                      } // End of Armature_mixamorig_RightHandPinky2
                    } // End of Armature_mixamorig_RightHandPinky1
                    Frame Armature_mixamorig_RightHandThumb1 {
                      FrameTransformMatrix {
                         0.637279,-0.701119, 0.319858, 0.000000,
                         0.234193, 0.571625, 0.786383, 0.000000,
                        -0.734186,-0.426236, 0.528482, 0.000000,
                         6.163496, 2.492287, 4.446402, 1.000000;;
                      }
                      Frame Armature_mixamorig_RightHandThumb2 {
                        FrameTransformMatrix {
                           0.907440, 0.415089, 0.065223, 0.000000,
                          -0.380018, 0.876982,-0.294090, 0.000000,
                          -0.179273, 0.242084, 0.953549, 0.000000,
                          -0.000006,10.473009,-0.000008, 1.000000;;
                        }
                        Frame Armature_mixamorig_RightHandThumb3 {
                          FrameTransformMatrix {
                             0.942284, 0.299559, 0.149552, 0.000000,
                            -0.240675, 0.916534,-0.319438, 0.000000,
                            -0.232760, 0.265008, 0.935732, 0.000000,
                             0.000003, 8.498796,-0.000003, 1.000000;;
                          }
                          Frame Armature_mixamorig_RightHandThumb4 {
                            FrameTransformMatrix {
                               1.000000,-0.000000, 0.000000, 0.000000,
                               0.000000, 1.000000, 0.000001, 0.000000,
                              -0.000000,-0.000001, 1.000000, 0.000000,
                              -0.000001, 8.025311,-0.000003, 1.000000;;
                            }
                          } // End of Armature_mixamorig_RightHandThumb4
                        } // End of Armature_mixamorig_RightHandThumb3
                      } // End of Armature_mixamorig_RightHandThumb2
                    } // End of Armature_mixamorig_RightHandThumb1
                  } // End of Armature_mixamorig_RightHand
                } // End of Armature_mixamorig_RightForeArm
              } // End of Armature_mixamorig_RightArm
            } // End of Armature_mixamorig_RightShoulder
          } // End of Armature_mixamorig_Spine2
        } // End of Armature_mixamorig_Spine1
      } // End of Armature_mixamorig_Spine
    } // End of Armature_mixamorig_Hips
  } // End of Armature
} // End of Root
AnimationSet Global {
  Animation {
    {Armature}
    AnimationKey { // Rotation
      0;
      122;
      0;4;-0.707107, 0.707107, 0.000000, 0.000000;;,
      1;4;-0.707107, 0.707107, 0.000000, 0.000000;;,
      2;4;-0.707107, 0.707107, 0.000000, 0.000000;;,
      3;4;-0.707107, 0.707107, 0.000000, 0.000000;;,
      4;4;-0.707107, 0.707107, 0.000000, 0.000000;;,
      5;4;-0.707107, 0.707107, 0.000000, 0.000000;;,
      6;4;-0.707107, 0.707107, 0.000000, 0.000000;;,
      7;4;-0.707107, 0.707107, 0.000000, 0.000000;;,
      8;4;-0.707107, 0.707107, 0.000000, 0.000000;;,
      9;4;-0.707107, 0.707107, 0.000000, 0.000000;;,
      10;4;-0.707107, 0.707107, 0.000000, 0.000000;;,
      11;4;-0.707107, 0.707107, 0.000000, 0.000000;;,
      12;4;-0.707107, 0.707107, 0.000000, 0.000000;;,
      13;4;-0.707107, 0.707107, 0.000000, 0.000000;;,
      14;4;-0.707107, 0.707107, 0.000000, 0.000000;;,
      15;4;-0.707107, 0.707107, 0.000000, 0.000000;;,
      16;4;-0.707107, 0.707107, 0.000000, 0.000000;;,
      17;4;-0.707107, 0.707107, 0.000000, 0.000000;;,
      18;4;-0.707107, 0.707107, 0.000000, 0.000000;;,
      19;4;-0.707107, 0.707107, 0.000000, 0.000000;;,
      20;4;-0.707107, 0.707107, 0.000000, 0.000000;;,
      21;4;-0.707107, 0.707107, 0.000000, 0.000000;;,
      22;4;-0.707107, 0.707107, 0.000000, 0.000000;;,
      23;4;-0.707107, 0.707107, 0.000000, 0.000000;;,
      24;4;-0.707107, 0.707107, 0.000000, 0.000000;;,
      25;4;-0.707107, 0.707107, 0.000000, 0.000000;;,
      26;4;-0.707107, 0.707107, 0.000000, 0.000000;;,
      27;4;-0.707107, 0.707107, 0.000000, 0.000000;;,
      28;4;-0.707107, 0.707107, 0.000000, 0.000000;;,
      29;4;-0.707107, 0.707107, 0.000000, 0.000000;;,
      30;4;-0.707107, 0.707107, 0.000000, 0.000000;;,
      31;4;-0.707107, 0.707107, 0.000000, 0.000000;;,
      32;4;-0.707107, 0.707107, 0.000000, 0.000000;;,
      33;4;-0.707107, 0.707107, 0.000000, 0.000000;;,
      34;4;-0.707107, 0.707107, 0.000000, 0.000000;;,
      35;4;-0.707107, 0.707107, 0.000000, 0.000000;;,
      36;4;-0.707107, 0.707107, 0.000000, 0.000000;;,
      37;4;-0.707107, 0.707107, 0.000000, 0.000000;;,
      38;4;-0.707107, 0.707107, 0.000000, 0.000000;;,
      39;4;-0.707107, 0.707107, 0.000000, 0.000000;;,
      40;4;-0.707107, 0.707107, 0.000000, 0.000000;;,
      41;4;-0.707107, 0.707107, 0.000000, 0.000000;;,
      42;4;-0.707107, 0.707107, 0.000000, 0.000000;;,
      43;4;-0.707107, 0.707107, 0.000000, 0.000000;;,
      44;4;-0.707107, 0.707107, 0.000000, 0.000000;;,
      45;4;-0.707107, 0.707107, 0.000000, 0.000000;;,
      46;4;-0.707107, 0.707107, 0.000000, 0.000000;;,
      47;4;-0.707107, 0.707107, 0.000000, 0.000000;;,
      48;4;-0.707107, 0.707107, 0.000000, 0.000000;;,
      49;4;-0.707107, 0.707107, 0.000000, 0.000000;;,
      50;4;-0.707107, 0.707107, 0.000000, 0.000000;;,
      51;4;-0.707107, 0.707107, 0.000000, 0.000000;;,
      52;4;-0.707107, 0.707107, 0.000000, 0.000000;;,
      53;4;-0.707107, 0.707107, 0.000000, 0.000000;;,
      54;4;-0.707107, 0.707107, 0.000000, 0.000000;;,
      55;4;-0.707107, 0.707107, 0.000000, 0.000000;;,
      56;4;-0.707107, 0.707107, 0.000000, 0.000000;;,
      57;4;-0.707107, 0.707107, 0.000000, 0.000000;;,
      58;4;-0.707107, 0.707107, 0.000000, 0.000000;;,
      59;4;-0.707107, 0.707107, 0.000000, 0.000000;;,
      60;4;-0.707107, 0.707107, 0.000000, 0.000000;;,
      61;4;-0.707107, 0.707107, 0.000000, 0.000000;;,
      62;4;-0.707107, 0.707107, 0.000000, 0.000000;;,
      63;4;-0.707107, 0.707107, 0.000000, 0.000000;;,
      64;4;-0.707107, 0.707107, 0.000000, 0.000000;;,
      65;4;-0.707107, 0.707107, 0.000000, 0.000000;;,
      66;4;-0.707107, 0.707107, 0.000000, 0.000000;;,
      67;4;-0.707107, 0.707107, 0.000000, 0.000000;;,
      68;4;-0.707107, 0.707107, 0.000000, 0.000000;;,
      69;4;-0.707107, 0.707107, 0.000000, 0.000000;;,
      70;4;-0.707107, 0.707107, 0.000000, 0.000000;;,
      71;4;-0.707107, 0.707107, 0.000000, 0.000000;;,
      72;4;-0.707107, 0.707107, 0.000000, 0.000000;;,
      73;4;-0.707107, 0.707107, 0.000000, 0.000000;;,
      74;4;-0.707107, 0.707107, 0.000000, 0.000000;;,
      75;4;-0.707107, 0.707107, 0.000000, 0.000000;;,
      76;4;-0.707107, 0.707107, 0.000000, 0.000000;;,
      77;4;-0.707107, 0.707107, 0.000000, 0.000000;;,
      78;4;-0.707107, 0.707107, 0.000000, 0.000000;;,
      79;4;-0.707107, 0.707107, 0.000000, 0.000000;;,
      80;4;-0.707107, 0.707107, 0.000000, 0.000000;;,
      81;4;-0.707107, 0.707107, 0.000000, 0.000000;;,
      82;4;-0.707107, 0.707107, 0.000000, 0.000000;;,
      83;4;-0.707107, 0.707107, 0.000000, 0.000000;;,
      84;4;-0.707107, 0.707107, 0.000000, 0.000000;;,
      85;4;-0.707107, 0.707107, 0.000000, 0.000000;;,
      86;4;-0.707107, 0.707107, 0.000000, 0.000000;;,
      87;4;-0.707107, 0.707107, 0.000000, 0.000000;;,
      88;4;-0.707107, 0.707107, 0.000000, 0.000000;;,
      89;4;-0.707107, 0.707107, 0.000000, 0.000000;;,
      90;4;-0.707107, 0.707107, 0.000000, 0.000000;;,
      91;4;-0.707107, 0.707107, 0.000000, 0.000000;;,
      92;4;-0.707107, 0.707107, 0.000000, 0.000000;;,
      93;4;-0.707107, 0.707107, 0.000000, 0.000000;;,
      94;4;-0.707107, 0.707107, 0.000000, 0.000000;;,
      95;4;-0.707107, 0.707107, 0.000000, 0.000000;;,
      96;4;-0.707107, 0.707107, 0.000000, 0.000000;;,
      97;4;-0.707107, 0.707107, 0.000000, 0.000000;;,
      98;4;-0.707107, 0.707107, 0.000000, 0.000000;;,
      99;4;-0.707107, 0.707107, 0.000000, 0.000000;;,
      100;4;-0.707107, 0.707107, 0.000000, 0.000000;;,
      101;4;-0.707107, 0.707107, 0.000000, 0.000000;;,
      102;4;-0.707107, 0.707107, 0.000000, 0.000000;;,
      103;4;-0.707107, 0.707107, 0.000000, 0.000000;;,
      104;4;-0.707107, 0.707107, 0.000000, 0.000000;;,
      105;4;-0.707107, 0.707107, 0.000000, 0.000000;;,
      106;4;-0.707107, 0.707107, 0.000000, 0.000000;;,
      107;4;-0.707107, 0.707107, 0.000000, 0.000000;;,
      108;4;-0.707107, 0.707107, 0.000000, 0.000000;;,
      109;4;-0.707107, 0.707107, 0.000000, 0.000000;;,
      110;4;-0.707107, 0.707107, 0.000000, 0.000000;;,
      111;4;-0.707107, 0.707107, 0.000000, 0.000000;;,
      112;4;-0.707107, 0.707107, 0.000000, 0.000000;;,
      113;4;-0.707107, 0.707107, 0.000000, 0.000000;;,
      114;4;-0.707107, 0.707107, 0.000000, 0.000000;;,
      115;4;-0.707107, 0.707107, 0.000000, 0.000000;;,
      116;4;-0.707107, 0.707107, 0.000000, 0.000000;;,
      117;4;-0.707107, 0.707107, 0.000000, 0.000000;;,
      118;4;-0.707107, 0.707107, 0.000000, 0.000000;;,
      119;4;-0.707107, 0.707107, 0.000000, 0.000000;;,
      120;4;-0.707107, 0.707107, 0.000000, 0.000000;;,
      121;4;-0.707107, 0.707107, 0.000000, 0.000000;;;
    }
    AnimationKey { // Scale
      1;
      122;
      0;3; 0.010000, 0.010000, 0.010000;;,
      1;3; 0.010000, 0.010000, 0.010000;;,
      2;3; 0.010000, 0.010000, 0.010000;;,
      3;3; 0.010000, 0.010000, 0.010000;;,
      4;3; 0.010000, 0.010000, 0.010000;;,
      5;3; 0.010000, 0.010000, 0.010000;;,
      6;3; 0.010000, 0.010000, 0.010000;;,
      7;3; 0.010000, 0.010000, 0.010000;;,
      8;3; 0.010000, 0.010000, 0.010000;;,
      9;3; 0.010000, 0.010000, 0.010000;;,
      10;3; 0.010000, 0.010000, 0.010000;;,
      11;3; 0.010000, 0.010000, 0.010000;;,
      12;3; 0.010000, 0.010000, 0.010000;;,
      13;3; 0.010000, 0.010000, 0.010000;;,
      14;3; 0.010000, 0.010000, 0.010000;;,
      15;3; 0.010000, 0.010000, 0.010000;;,
      16;3; 0.010000, 0.010000, 0.010000;;,
      17;3; 0.010000, 0.010000, 0.010000;;,
      18;3; 0.010000, 0.010000, 0.010000;;,
      19;3; 0.010000, 0.010000, 0.010000;;,
      20;3; 0.010000, 0.010000, 0.010000;;,
      21;3; 0.010000, 0.010000, 0.010000;;,
      22;3; 0.010000, 0.010000, 0.010000;;,
      23;3; 0.010000, 0.010000, 0.010000;;,
      24;3; 0.010000, 0.010000, 0.010000;;,
      25;3; 0.010000, 0.010000, 0.010000;;,
      26;3; 0.010000, 0.010000, 0.010000;;,
      27;3; 0.010000, 0.010000, 0.010000;;,
      28;3; 0.010000, 0.010000, 0.010000;;,
      29;3; 0.010000, 0.010000, 0.010000;;,
      30;3; 0.010000, 0.010000, 0.010000;;,
      31;3; 0.010000, 0.010000, 0.010000;;,
      32;3; 0.010000, 0.010000, 0.010000;;,
      33;3; 0.010000, 0.010000, 0.010000;;,
      34;3; 0.010000, 0.010000, 0.010000;;,
      35;3; 0.010000, 0.010000, 0.010000;;,
      36;3; 0.010000, 0.010000, 0.010000;;,
      37;3; 0.010000, 0.010000, 0.010000;;,
      38;3; 0.010000, 0.010000, 0.010000;;,
      39;3; 0.010000, 0.010000, 0.010000;;,
      40;3; 0.010000, 0.010000, 0.010000;;,
      41;3; 0.010000, 0.010000, 0.010000;;,
      42;3; 0.010000, 0.010000, 0.010000;;,
      43;3; 0.010000, 0.010000, 0.010000;;,
      44;3; 0.010000, 0.010000, 0.010000;;,
      45;3; 0.010000, 0.010000, 0.010000;;,
      46;3; 0.010000, 0.010000, 0.010000;;,
      47;3; 0.010000, 0.010000, 0.010000;;,
      48;3; 0.010000, 0.010000, 0.010000;;,
      49;3; 0.010000, 0.010000, 0.010000;;,
      50;3; 0.010000, 0.010000, 0.010000;;,
      51;3; 0.010000, 0.010000, 0.010000;;,
      52;3; 0.010000, 0.010000, 0.010000;;,
      53;3; 0.010000, 0.010000, 0.010000;;,
      54;3; 0.010000, 0.010000, 0.010000;;,
      55;3; 0.010000, 0.010000, 0.010000;;,
      56;3; 0.010000, 0.010000, 0.010000;;,
      57;3; 0.010000, 0.010000, 0.010000;;,
      58;3; 0.010000, 0.010000, 0.010000;;,
      59;3; 0.010000, 0.010000, 0.010000;;,
      60;3; 0.010000, 0.010000, 0.010000;;,
      61;3; 0.010000, 0.010000, 0.010000;;,
      62;3; 0.010000, 0.010000, 0.010000;;,
      63;3; 0.010000, 0.010000, 0.010000;;,
      64;3; 0.010000, 0.010000, 0.010000;;,
      65;3; 0.010000, 0.010000, 0.010000;;,
      66;3; 0.010000, 0.010000, 0.010000;;,
      67;3; 0.010000, 0.010000, 0.010000;;,
      68;3; 0.010000, 0.010000, 0.010000;;,
      69;3; 0.010000, 0.010000, 0.010000;;,
      70;3; 0.010000, 0.010000, 0.010000;;,
      71;3; 0.010000, 0.010000, 0.010000;;,
      72;3; 0.010000, 0.010000, 0.010000;;,
      73;3; 0.010000, 0.010000, 0.010000;;,
      74;3; 0.010000, 0.010000, 0.010000;;,
      75;3; 0.010000, 0.010000, 0.010000;;,
      76;3; 0.010000, 0.010000, 0.010000;;,
      77;3; 0.010000, 0.010000, 0.010000;;,
      78;3; 0.010000, 0.010000, 0.010000;;,
      79;3; 0.010000, 0.010000, 0.010000;;,
      80;3; 0.010000, 0.010000, 0.010000;;,
      81;3; 0.010000, 0.010000, 0.010000;;,
      82;3; 0.010000, 0.010000, 0.010000;;,
      83;3; 0.010000, 0.010000, 0.010000;;,
      84;3; 0.010000, 0.010000, 0.010000;;,
      85;3; 0.010000, 0.010000, 0.010000;;,
      86;3; 0.010000, 0.010000, 0.010000;;,
      87;3; 0.010000, 0.010000, 0.010000;;,
      88;3; 0.010000, 0.010000, 0.010000;;,
      89;3; 0.010000, 0.010000, 0.010000;;,
      90;3; 0.010000, 0.010000, 0.010000;;,
      91;3; 0.010000, 0.010000, 0.010000;;,
      92;3; 0.010000, 0.010000, 0.010000;;,
      93;3; 0.010000, 0.010000, 0.010000;;,
      94;3; 0.010000, 0.010000, 0.010000;;,
      95;3; 0.010000, 0.010000, 0.010000;;,
      96;3; 0.010000, 0.010000, 0.010000;;,
      97;3; 0.010000, 0.010000, 0.010000;;,
      98;3; 0.010000, 0.010000, 0.010000;;,
      99;3; 0.010000, 0.010000, 0.010000;;,
      100;3; 0.010000, 0.010000, 0.010000;;,
      101;3; 0.010000, 0.010000, 0.010000;;,
      102;3; 0.010000, 0.010000, 0.010000;;,
      103;3; 0.010000, 0.010000, 0.010000;;,
      104;3; 0.010000, 0.010000, 0.010000;;,
      105;3; 0.010000, 0.010000, 0.010000;;,
      106;3; 0.010000, 0.010000, 0.010000;;,
      107;3; 0.010000, 0.010000, 0.010000;;,
      108;3; 0.010000, 0.010000, 0.010000;;,
      109;3; 0.010000, 0.010000, 0.010000;;,
      110;3; 0.010000, 0.010000, 0.010000;;,
      111;3; 0.010000, 0.010000, 0.010000;;,
      112;3; 0.010000, 0.010000, 0.010000;;,
      113;3; 0.010000, 0.010000, 0.010000;;,
      114;3; 0.010000, 0.010000, 0.010000;;,
      115;3; 0.010000, 0.010000, 0.010000;;,
      116;3; 0.010000, 0.010000, 0.010000;;,
      117;3; 0.010000, 0.010000, 0.010000;;,
      118;3; 0.010000, 0.010000, 0.010000;;,
      119;3; 0.010000, 0.010000, 0.010000;;,
      120;3; 0.010000, 0.010000, 0.010000;;,
      121;3; 0.010000, 0.010000, 0.010000;;;
    }
    AnimationKey { // Position
      2;
      122;
      0;3; 0.000000, 0.000000, 0.000000;;,
      1;3; 0.000000, 0.000000, 0.000000;;,
      2;3; 0.000000, 0.000000, 0.000000;;,
      3;3; 0.000000, 0.000000, 0.000000;;,
      4;3; 0.000000, 0.000000, 0.000000;;,
      5;3; 0.000000, 0.000000, 0.000000;;,
      6;3; 0.000000, 0.000000, 0.000000;;,
      7;3; 0.000000, 0.000000, 0.000000;;,
      8;3; 0.000000, 0.000000, 0.000000;;,
      9;3; 0.000000, 0.000000, 0.000000;;,
      10;3; 0.000000, 0.000000, 0.000000;;,
      11;3; 0.000000, 0.000000, 0.000000;;,
      12;3; 0.000000, 0.000000, 0.000000;;,
      13;3; 0.000000, 0.000000, 0.000000;;,
      14;3; 0.000000, 0.000000, 0.000000;;,
      15;3; 0.000000, 0.000000, 0.000000;;,
      16;3; 0.000000, 0.000000, 0.000000;;,
      17;3; 0.000000, 0.000000, 0.000000;;,
      18;3; 0.000000, 0.000000, 0.000000;;,
      19;3; 0.000000, 0.000000, 0.000000;;,
      20;3; 0.000000, 0.000000, 0.000000;;,
      21;3; 0.000000, 0.000000, 0.000000;;,
      22;3; 0.000000, 0.000000, 0.000000;;,
      23;3; 0.000000, 0.000000, 0.000000;;,
      24;3; 0.000000, 0.000000, 0.000000;;,
      25;3; 0.000000, 0.000000, 0.000000;;,
      26;3; 0.000000, 0.000000, 0.000000;;,
      27;3; 0.000000, 0.000000, 0.000000;;,
      28;3; 0.000000, 0.000000, 0.000000;;,
      29;3; 0.000000, 0.000000, 0.000000;;,
      30;3; 0.000000, 0.000000, 0.000000;;,
      31;3; 0.000000, 0.000000, 0.000000;;,
      32;3; 0.000000, 0.000000, 0.000000;;,
      33;3; 0.000000, 0.000000, 0.000000;;,
      34;3; 0.000000, 0.000000, 0.000000;;,
      35;3; 0.000000, 0.000000, 0.000000;;,
      36;3; 0.000000, 0.000000, 0.000000;;,
      37;3; 0.000000, 0.000000, 0.000000;;,
      38;3; 0.000000, 0.000000, 0.000000;;,
      39;3; 0.000000, 0.000000, 0.000000;;,
      40;3; 0.000000, 0.000000, 0.000000;;,
      41;3; 0.000000, 0.000000, 0.000000;;,
      42;3; 0.000000, 0.000000, 0.000000;;,
      43;3; 0.000000, 0.000000, 0.000000;;,
      44;3; 0.000000, 0.000000, 0.000000;;,
      45;3; 0.000000, 0.000000, 0.000000;;,
      46;3; 0.000000, 0.000000, 0.000000;;,
      47;3; 0.000000, 0.000000, 0.000000;;,
      48;3; 0.000000, 0.000000, 0.000000;;,
      49;3; 0.000000, 0.000000, 0.000000;;,
      50;3; 0.000000, 0.000000, 0.000000;;,
      51;3; 0.000000, 0.000000, 0.000000;;,
      52;3; 0.000000, 0.000000, 0.000000;;,
      53;3; 0.000000, 0.000000, 0.000000;;,
      54;3; 0.000000, 0.000000, 0.000000;;,
      55;3; 0.000000, 0.000000, 0.000000;;,
      56;3; 0.000000, 0.000000, 0.000000;;,
      57;3; 0.000000, 0.000000, 0.000000;;,
      58;3; 0.000000, 0.000000, 0.000000;;,
      59;3; 0.000000, 0.000000, 0.000000;;,
      60;3; 0.000000, 0.000000, 0.000000;;,
      61;3; 0.000000, 0.000000, 0.000000;;,
      62;3; 0.000000, 0.000000, 0.000000;;,
      63;3; 0.000000, 0.000000, 0.000000;;,
      64;3; 0.000000, 0.000000, 0.000000;;,
      65;3; 0.000000, 0.000000, 0.000000;;,
      66;3; 0.000000, 0.000000, 0.000000;;,
      67;3; 0.000000, 0.000000, 0.000000;;,
      68;3; 0.000000, 0.000000, 0.000000;;,
      69;3; 0.000000, 0.000000, 0.000000;;,
      70;3; 0.000000, 0.000000, 0.000000;;,
      71;3; 0.000000, 0.000000, 0.000000;;,
      72;3; 0.000000, 0.000000, 0.000000;;,
      73;3; 0.000000, 0.000000, 0.000000;;,
      74;3; 0.000000, 0.000000, 0.000000;;,
      75;3; 0.000000, 0.000000, 0.000000;;,
      76;3; 0.000000, 0.000000, 0.000000;;,
      77;3; 0.000000, 0.000000, 0.000000;;,
      78;3; 0.000000, 0.000000, 0.000000;;,
      79;3; 0.000000, 0.000000, 0.000000;;,
      80;3; 0.000000, 0.000000, 0.000000;;,
      81;3; 0.000000, 0.000000, 0.000000;;,
      82;3; 0.000000, 0.000000, 0.000000;;,
      83;3; 0.000000, 0.000000, 0.000000;;,
      84;3; 0.000000, 0.000000, 0.000000;;,
      85;3; 0.000000, 0.000000, 0.000000;;,
      86;3; 0.000000, 0.000000, 0.000000;;,
      87;3; 0.000000, 0.000000, 0.000000;;,
      88;3; 0.000000, 0.000000, 0.000000;;,
      89;3; 0.000000, 0.000000, 0.000000;;,
      90;3; 0.000000, 0.000000, 0.000000;;,
      91;3; 0.000000, 0.000000, 0.000000;;,
      92;3; 0.000000, 0.000000, 0.000000;;,
      93;3; 0.000000, 0.000000, 0.000000;;,
      94;3; 0.000000, 0.000000, 0.000000;;,
      95;3; 0.000000, 0.000000, 0.000000;;,
      96;3; 0.000000, 0.000000, 0.000000;;,
      97;3; 0.000000, 0.000000, 0.000000;;,
      98;3; 0.000000, 0.000000, 0.000000;;,
      99;3; 0.000000, 0.000000, 0.000000;;,
      100;3; 0.000000, 0.000000, 0.000000;;,
      101;3; 0.000000, 0.000000, 0.000000;;,
      102;3; 0.000000, 0.000000, 0.000000;;,
      103;3; 0.000000, 0.000000, 0.000000;;,
      104;3; 0.000000, 0.000000, 0.000000;;,
      105;3; 0.000000, 0.000000, 0.000000;;,
      106;3; 0.000000, 0.000000, 0.000000;;,
      107;3; 0.000000, 0.000000, 0.000000;;,
      108;3; 0.000000, 0.000000, 0.000000;;,
      109;3; 0.000000, 0.000000, 0.000000;;,
      110;3; 0.000000, 0.000000, 0.000000;;,
      111;3; 0.000000, 0.000000, 0.000000;;,
      112;3; 0.000000, 0.000000, 0.000000;;,
      113;3; 0.000000, 0.000000, 0.000000;;,
      114;3; 0.000000, 0.000000, 0.000000;;,
      115;3; 0.000000, 0.000000, 0.000000;;,
      116;3; 0.000000, 0.000000, 0.000000;;,
      117;3; 0.000000, 0.000000, 0.000000;;,
      118;3; 0.000000, 0.000000, 0.000000;;,
      119;3; 0.000000, 0.000000, 0.000000;;,
      120;3; 0.000000, 0.000000, 0.000000;;,
      121;3; 0.000000, 0.000000, 0.000000;;;
    }
  }
  Animation {
    {Armature_mixamorig_Hips}
    AnimationKey { // Rotation
      0;
      122;
      0;4;-0.999953,-0.002202, 0.000000,-0.009474;;,
      1;4;-0.999953,-0.002203,-0.000000,-0.009473;;,
      2;4;-0.999953,-0.002204,-0.000000,-0.009472;;,
      3;4;-0.999953,-0.002204,-0.000001,-0.009470;;,
      4;4;-0.999953,-0.002298,-0.000192,-0.009468;;,
      5;4;-0.999952,-0.002479,-0.000401,-0.009465;;,
      6;4;-0.999952,-0.002693,-0.000606,-0.009373;;,
      7;4;-0.999952,-0.002933,-0.000811,-0.009266;;,
      8;4;-0.999952,-0.003190,-0.001025,-0.009181;;,
      9;4;-0.999952,-0.003455,-0.001261,-0.009132;;,
      10;4;-0.999951,-0.003719,-0.001488,-0.009103;;,
      11;4;-0.999950,-0.003992,-0.001597,-0.009027;;,
      12;4;-0.999951,-0.004191,-0.001444,-0.008837;;,
      13;4;-0.999954,-0.004298,-0.001005,-0.008544;;,
      14;4;-0.999957,-0.004283,-0.000457,-0.008263;;,
      15;4;-0.999959,-0.004133,-0.000006,-0.008106;;,
      16;4;-0.999960,-0.003883, 0.000303,-0.008060;;,
      17;4;-0.999961,-0.003591, 0.000542,-0.008048;;,
      18;4;-0.999962,-0.003304, 0.000793,-0.008050;;,
      19;4;-0.999962,-0.003058, 0.001057,-0.008054;;,
      20;4;-0.999963,-0.002871, 0.001247,-0.008052;;,
      21;4;-0.999963,-0.002749, 0.001295,-0.008033;;,
      22;4;-0.999964,-0.002704, 0.001211,-0.007977;;,
      23;4;-0.999965,-0.002732, 0.001020,-0.007841;;,
      24;4;-0.999966,-0.002829, 0.000730,-0.007694;;,
      25;4;-0.999967,-0.002906, 0.000419,-0.007636;;,
      26;4;-0.999966,-0.002928, 0.000240,-0.007665;;,
      27;4;-0.999966,-0.002925, 0.000273,-0.007745;;,
      28;4;-0.999965,-0.002902, 0.000433,-0.007835;;,
      29;4;-0.999964,-0.002866, 0.000605,-0.007936;;,
      30;4;-0.999963,-0.002781, 0.000785,-0.008061;;,
      31;4;-0.999963,-0.002642, 0.001013,-0.008195;;,
      32;4;-0.999962,-0.002497, 0.001277,-0.008232;;,
      33;4;-0.999962,-0.002385, 0.001541,-0.008213;;,
      34;4;-0.999962,-0.002296, 0.001777,-0.008199;;,
      35;4;-0.999962,-0.002210, 0.001950,-0.008181;;,
      36;4;-0.999962,-0.002126, 0.002010,-0.008160;;,
      37;4;-0.999963,-0.002048, 0.001953,-0.008147;;,
      38;4;-0.999963,-0.001979, 0.001789,-0.008153;;,
      39;4;-0.999963,-0.001917, 0.001565,-0.008205;;,
      40;4;-0.999963,-0.001863, 0.001314,-0.008345;;,
      41;4;-0.999961,-0.001837, 0.001076,-0.008542;;,
      42;4;-0.999960,-0.001830, 0.000908,-0.008756;;,
      43;4;-0.999958,-0.001828, 0.000823,-0.008952;;,
      44;4;-0.999956,-0.001824, 0.000794,-0.009123;;,
      45;4;-0.999955,-0.001808, 0.000795,-0.009284;;,
      46;4;-0.999954,-0.001761, 0.000862,-0.009440;;,
      47;4;-0.999952,-0.001676, 0.001010,-0.009579;;,
      48;4;-0.999951,-0.001579, 0.001217,-0.009688;;,
      49;4;-0.999950,-0.001501, 0.001443,-0.009761;;,
      50;4;-0.999950,-0.001466, 0.001659,-0.009797;;,
      51;4;-0.999949,-0.001445, 0.001859,-0.009817;;,
      52;4;-0.999949,-0.001436, 0.002030,-0.009824;;,
      53;4;-0.999949,-0.001440, 0.002152,-0.009813;;,
      54;4;-0.999949,-0.001453, 0.002235,-0.009754;;,
      55;4;-0.999949,-0.001475, 0.002319,-0.009696;;,
      56;4;-0.999949,-0.001504, 0.002425,-0.009713;;,
      57;4;-0.999947,-0.001569, 0.002559,-0.009856;;,
      58;4;-0.999944,-0.001673, 0.002723,-0.010078;;,
      59;4;-0.999941,-0.001769, 0.002910,-0.010316;;,
      60;4;-0.999938,-0.001854, 0.003104,-0.010541;;,
      61;4;-0.999935,-0.001978, 0.003294,-0.010726;;,
      62;4;-0.999933,-0.002185, 0.003516,-0.010819;;,
      63;4;-0.999931,-0.002456, 0.003820,-0.010836;;,
      64;4;-0.999929,-0.002729, 0.004182,-0.010838;;,
      65;4;-0.999927,-0.002980, 0.004521,-0.010832;;,
      66;4;-0.999925,-0.003238, 0.004795,-0.010826;;,
      67;4;-0.999923,-0.003535, 0.004993,-0.010826;;,
      68;4;-0.999921,-0.003873, 0.005079,-0.010838;;,
      69;4;-0.999920,-0.004212, 0.004989,-0.010870;;,
      70;4;-0.999919,-0.004483, 0.004678,-0.010963;;,
      71;4;-0.999918,-0.004656, 0.004212,-0.011157;;,
      72;4;-0.999917,-0.004771, 0.003738,-0.011406;;,
      73;4;-0.999915,-0.004886, 0.003327,-0.011638;;,
      74;4;-0.999913,-0.005035, 0.002941,-0.011818;;,
      75;4;-0.999911,-0.005226, 0.002536,-0.011969;;,
      76;4;-0.999909,-0.005444, 0.002113,-0.012132;;,
      77;4;-0.999907,-0.005646, 0.001698,-0.012305;;,
      78;4;-0.999905,-0.005795, 0.001313,-0.012419;;,
      79;4;-0.999905,-0.005895, 0.000973,-0.012434;;,
      80;4;-0.999905,-0.005966, 0.000701,-0.012408;;,
      81;4;-0.999906,-0.006020, 0.000531,-0.012333;;,
      82;4;-0.999907,-0.006061, 0.000465,-0.012216;;,
      83;4;-0.999908,-0.006091, 0.000438,-0.012100;;,
      84;4;-0.999909,-0.006117, 0.000413,-0.012029;;,
      85;4;-0.999909,-0.006115, 0.000379,-0.011999;;,
      86;4;-0.999910,-0.006034, 0.000303,-0.011979;;,
      87;4;-0.999912,-0.005851, 0.000159,-0.011918;;,
      88;4;-0.999915,-0.005615,-0.000039,-0.011800;;,
      89;4;-0.999918,-0.005373,-0.000234,-0.011647;;,
      90;4;-0.999921,-0.005125,-0.000359,-0.011502;;,
      91;4;-0.999923,-0.004867,-0.000391,-0.011400;;,
      92;4;-0.999925,-0.004644,-0.000391,-0.011302;;,
      93;4;-0.999928,-0.004531,-0.000366,-0.011131;;,
      94;4;-0.999931,-0.004547,-0.000320,-0.010866;;,
      95;4;-0.999933,-0.004642,-0.000220,-0.010563;;,
      96;4;-0.999936,-0.004749,-0.000081,-0.010286;;,
      97;4;-0.999938,-0.004845, 0.000070,-0.010052;;,
      98;4;-0.999939,-0.004942, 0.000186,-0.009849;;,
      99;4;-0.999940,-0.005039, 0.000248,-0.009675;;,
      100;4;-0.999942,-0.005087, 0.000286,-0.009539;;,
      101;4;-0.999942,-0.005087, 0.000328,-0.009441;;,
      102;4;-0.999943,-0.005061, 0.000370,-0.009392;;,
      103;4;-0.999943,-0.004996, 0.000386,-0.009383;;,
      104;4;-0.999944,-0.004899, 0.000390,-0.009401;;,
      105;4;-0.999944,-0.004787, 0.000388,-0.009467;;,
      106;4;-0.999943,-0.004666, 0.000387,-0.009564;;,
      107;4;-0.999943,-0.004542, 0.000394,-0.009657;;,
      108;4;-0.999943,-0.004418, 0.000416,-0.009738;;,
      109;4;-0.999943,-0.004293, 0.000472,-0.009789;;,
      110;4;-0.999943,-0.004161, 0.000568,-0.009810;;,
      111;4;-0.999943,-0.004018, 0.000689,-0.009820;;,
      112;4;-0.999944,-0.003853, 0.000814,-0.009819;;,
