xof 0303txt 0032

template XSkinMeshHeader {
  <3cf169ce-ff7c-44ab-93c0-f78f62d172e2>
  WORD nMaxSkinWeightsPerVertex;
  WORD nMaxSkinWeightsPerFace;
  WORD nBones;
}

template SkinWeights {
  <6f0d123b-bad2-4167-a0d0-80224f25fabb>
  STRING transformNodeName;
  DWORD nWeights;
  array DWORD vertexIndices[nWeights];
  array float weights[nWeights];
  Matrix4x4 matrixOffset;
}

Frame Root {
  FrameTransformMatrix {
     1.000000, 0.000000, 0.000000, 0.000000,
     0.000000,-0.000000,-1.000000, 0.000000,
     0.000000, 1.000000,-0.000000, 0.000000,
     0.000000, 0.000000, 0.000000, 1.000000;;
  }
  Frame Armature {
    FrameTransformMatrix {
       0.100000, 0.000000, 0.000000, 0.000000,
       0.000000,-0.000000, 0.100000, 0.000000,
       0.000000,-0.100000,-0.000000, 0.000000,
       0.000000, 0.000000, 0.000000, 1.000000;;
    }
    Frame Armature_mixamorig_Hips {
      FrameTransformMatrix {
         0.996175,-0.031982, 0.081318, 0.000000,
         0.002020, 0.938794, 0.344473, 0.000000,
        -0.087358,-0.342991, 0.935268, 0.000000,
         0.185859,75.095871, 2.543150, 1.000000;;
      }
      Frame Armature_mixamorig_BackCloth1 {
        FrameTransformMatrix {
           1.000000,-0.000003, 0.000000, 0.000000,
          -0.000003,-1.000000,-0.000000, 0.000000,
           0.000000, 0.000000,-1.000000, 0.000000,
           0.000000,-5.419199,-29.327002, 1.000000;;
        }
        Frame Armature_mixamorig_BackCloth2 {
          FrameTransformMatrix {
             1.000000,-0.000002, 0.000000, 0.000000,
             0.000002, 1.000000, 0.000000, 0.000000,
            -0.000000,-0.000000, 1.000000, 0.000000,
             0.000000,15.308604,-0.000000, 1.000000;;
          }
          Frame Armature_mixamorig_BackCloth3 {
            FrameTransformMatrix {
               1.000000, 0.000000,-0.000000, 0.000000,
               0.000000, 1.000000, 0.000000, 0.000000,
              -0.000000,-0.000000, 1.000000, 0.000000,
              -0.000000,17.777102,-0.000001, 1.000000;;
            }
          } // End of Armature_mixamorig_BackCloth3
        } // End of Armature_mixamorig_BackCloth2
      } // End of Armature_mixamorig_BackCloth1
      Frame Armature_mixamorig_FrontCloth1 {
        FrameTransformMatrix {
           1.000000,-0.000002,-0.000000, 0.000000,
          -0.000002,-1.000000,-0.000000, 0.000000,
          -0.000000, 0.000000,-1.000000, 0.000000,
          -0.000000,-19.940702,22.170200, 1.000000;;
        }
        Frame Armature_mixamorig_FrontCloth2 {
          FrameTransformMatrix {
            -1.000000,-0.000000, 0.000000, 0.000000,
             0.000000, 1.000000, 0.000000, 0.000000,
            -0.000000, 0.000000,-1.000000, 0.000000,
             0.000000,10.763299,-0.000001, 1.000000;;
          }
          Frame Armature_mixamorig_FrontCloth3 {
            FrameTransformMatrix {
              -1.000000, 0.000000,-0.000000, 0.000000,
              -0.000000, 1.000000,-0.000000, 0.000000,
               0.000000,-0.000000,-1.000000, 0.000000,
               0.000000,13.749510, 0.000000, 1.000000;;
            }
          } // End of Armature_mixamorig_FrontCloth3
        } // End of Armature_mixamorig_FrontCloth2
      } // End of Armature_mixamorig_FrontCloth1
      Frame Armature_mixamorig_LeftUpLeg {
        FrameTransformMatrix {
          -0.985836, 0.008294, 0.167505, 0.000000,
           0.156515,-0.313299, 0.936668, 0.000000,
           0.060248, 0.949619, 0.307564, 0.000000,
          19.899096,-7.885092,-3.429500, 1.000000;;
        }
        Frame Armature_mixamorig_LeftLeg {
          FrameTransformMatrix {
             0.997525, 0.070201,-0.004006, 0.000000,
             0.022721,-0.375721,-0.926454, 0.000000,
            -0.066543, 0.924070,-0.376386, 0.000000,
            -0.000003,38.282909, 0.000005, 1.000000;;
          }
          Frame Armature_mixamorig_LeftFoot {
            FrameTransformMatrix {
               0.997786,-0.060633,-0.027339, 0.000000,
               0.047668, 0.365242, 0.929691, 0.000000,
              -0.046385,-0.928936, 0.367324, 0.000000,
               0.000002,32.683990,-0.000000, 1.000000;;
            }
            Frame Armature_mixamorig_LeftToeBase {
              FrameTransformMatrix {
                 0.999841,-0.009038, 0.015370, 0.000000,
                -0.013306, 0.195555, 0.980602, 0.000000,
                -0.011868,-0.980651, 0.195404, 0.000000,
                -0.000000,27.100006,-0.000000, 1.000000;;
              }
            } // End of Armature_mixamorig_LeftToeBase
          } // End of Armature_mixamorig_LeftFoot
        } // End of Armature_mixamorig_LeftLeg
      } // End of Armature_mixamorig_LeftUpLeg
      Frame Armature_mixamorig_RightUpLeg {
        FrameTransformMatrix {
          -0.962303,-0.140568,-0.232836, 0.000000,
          -0.083266,-0.662716, 0.744227, 0.000000,
          -0.258919, 0.735559, 0.626027, 0.000000,
          -19.899097,-7.884993,-3.429502, 1.000000;;
        }
        Frame Armature_mixamorig_RightLeg {
          FrameTransformMatrix {
             0.933174, 0.351573, 0.074721, 0.000000,
             0.110565,-0.082978,-0.990399, 0.000000,
            -0.341997, 0.932476,-0.116304, 0.000000,
            -0.000002,38.282913,-0.000001, 1.000000;;
          }
          Frame Armature_mixamorig_RightFoot {
            FrameTransformMatrix {
               0.942069,-0.288438,-0.171202, 0.000000,
               0.136664,-0.136048, 0.981231, 0.000000,
              -0.306316,-0.947784,-0.088747, 0.000000,
               0.000003,32.684063, 0.000001, 1.000000;;
            }
            Frame Armature_mixamorig_RightToeBase {
              FrameTransformMatrix {
                 1.000000, 0.000021, 0.000038, 0.000000,
                -0.000044, 0.458003, 0.888951, 0.000000,
                 0.000002,-0.888951, 0.458003, 0.000000,
                -0.000002,27.100008, 0.000000, 1.000000;;
              }
            } // End of Armature_mixamorig_RightToeBase
          } // End of Armature_mixamorig_RightFoot
        } // End of Armature_mixamorig_RightLeg
      } // End of Armature_mixamorig_RightUpLeg
      Frame Armature_mixamorig_Spine {
        FrameTransformMatrix {
           0.993080, 0.084314,-0.081756, 0.000000,
          -0.039786, 0.896493, 0.441267, 0.000000,
           0.110498,-0.434961, 0.893644, 0.000000,
           0.000000,13.784801, 0.064402, 1.000000;;
        }
        Frame Armature_mixamorig_Spine1 {
          FrameTransformMatrix {
             0.996040, 0.083101, 0.031597, 0.000000,
            -0.088590, 0.957627, 0.274048, 0.000000,
            -0.007485,-0.275762, 0.961197, 0.000000,
             0.000000,12.024298,-0.000002, 1.000000;;
          }
          Frame Armature_mixamorig_Spine2 {
            FrameTransformMatrix {
               0.996854, 0.074780, 0.026270, 0.000000,
              -0.079062, 0.961573, 0.262920, 0.000000,
              -0.005599,-0.264170, 0.964460, 0.000000,
               0.000000,17.815802,-0.000004, 1.000000;;
            }
            Frame Armature_mixamorig_LeftShoulder {
              FrameTransformMatrix {
                 0.109741, 0.059180,-0.992197, 0.000000,
                 0.986257, 0.117554, 0.116096, 0.000000,
                 0.123507,-0.991302,-0.045466, 0.000000,
                17.399502,24.614197, 1.157902, 1.000000;;
              }
              Frame Armature_mixamorig_LeftArm {
                FrameTransformMatrix {
                   0.910030, 0.308411, 0.276998, 0.000000,
                  -0.413562, 0.629503, 0.657794, 0.000000,
                   0.028500,-0.713168, 0.700414, 0.000000,
                   0.000004,19.910402,-0.000004, 1.000000;;
                }
                Frame Armature_mixamorig_LeftForeArm {
                  FrameTransformMatrix {
                     0.671053, 0.741400,-0.003685, 0.000000,
                    -0.741401, 0.671061, 0.001496, 0.000000,
                     0.003582, 0.001728, 0.999992, 0.000000,
                    -0.000006,49.301300, 0.000000, 1.000000;;
                  }
                  Frame Armature_mixamorig_LeftHand {
                    FrameTransformMatrix {
                       0.496063, 0.402786, 0.769211, 0.000000,
                      -0.207645, 0.915221,-0.345332, 0.000000,
                      -0.843092, 0.011584, 0.537644, 0.000000,
                      -0.000005,31.604708,-0.000005, 1.000000;;
                    }
                    Frame Armature_mixamorig_LeftHandIndex1 {
                      FrameTransformMatrix {
                         0.992744,-0.120211,-0.002996, 0.000000,
                         0.119774, 0.990732,-0.064061, 0.000000,
                         0.010669, 0.063237, 0.997942, 0.000000,
                        -6.192896,21.271088, 0.498711, 1.000000;;
                      }
                      Frame Armature_mixamorig_LeftHandIndex2 {
                        FrameTransformMatrix {
                           0.999143,-0.040372,-0.009136, 0.000000,
                           0.040372, 0.901742, 0.430385, 0.000000,
                          -0.009137,-0.430385, 0.902599, 0.000000,
                          -0.000000, 7.536497, 0.000001, 1.000000;;
                        }
                        Frame Armature_mixamorig_LeftHandIndex3 {
                          FrameTransformMatrix {
                             0.999993, 0.001237, 0.003502, 0.000000,
                            -0.002238, 0.953217, 0.302279, 0.000000,
                            -0.002964,-0.302284, 0.953213, 0.000000,
                             0.000004, 7.512298,-0.000001, 1.000000;;
                          }
                        } // End of Armature_mixamorig_LeftHandIndex3
                      } // End of Armature_mixamorig_LeftHandIndex2
                    } // End of Armature_mixamorig_LeftHandIndex1
                    Frame Armature_mixamorig_LeftHandMiddle1 {
                      FrameTransformMatrix {
                         0.992744,-0.120211,-0.002996, 0.000000,
                         0.119774, 0.990732,-0.064061, 0.000000,
                         0.010669, 0.063237, 0.997942, 0.000000,
                         0.016504,23.334381, 0.008605, 1.000000;;
                      }
                      Frame Armature_mixamorig_LeftHandMiddle2 {
                        FrameTransformMatrix {
                           0.999143,-0.040372,-0.009136, 0.000000,
                           0.040372, 0.901742, 0.430385, 0.000000,
                          -0.009137,-0.430385, 0.902599, 0.000000,
                           0.000001, 6.996598, 0.000009, 1.000000;;
                        }
                        Frame Armature_mixamorig_LeftHandMiddle3 {
                          FrameTransformMatrix {
                             0.999799,-0.019924,-0.002141, 0.000000,
                             0.019924, 0.976981, 0.212397, 0.000000,
                            -0.002140,-0.212397, 0.977181, 0.000000,
                            -0.000001, 7.016005,-0.000012, 1.000000;;
                          }
                        } // End of Armature_mixamorig_LeftHandMiddle3
                      } // End of Armature_mixamorig_LeftHandMiddle2
                    } // End of Armature_mixamorig_LeftHandMiddle1
                    Frame Armature_mixamorig_LeftHandPinky1 {
                      FrameTransformMatrix {
                         0.992744,-0.120211,-0.002996, 0.000000,
                         0.119774, 0.990732,-0.064061, 0.000000,
                         0.010669, 0.063237, 0.997942, 0.000000,
                        11.443204,18.881187, 0.461812, 1.000000;;
                      }
                      Frame Armature_mixamorig_LeftHandPinky2 {
                        FrameTransformMatrix {
                           0.999143,-0.040372,-0.009136, 0.000000,
                           0.040372, 0.901742, 0.430385, 0.000000,
                          -0.009137,-0.430385, 0.902599, 0.000000,
                           0.000002, 4.919600, 0.000010, 1.000000;;
                        }
                        Frame Armature_mixamorig_LeftHandPinky3 {
                          FrameTransformMatrix {
                             0.999799,-0.019924,-0.002141, 0.000000,
                             0.019924, 0.976980, 0.212397, 0.000000,
                            -0.002140,-0.212397, 0.977181, 0.000000,
                             0.000000, 5.232998, 0.000000, 1.000000;;
                          }
                        } // End of Armature_mixamorig_LeftHandPinky3
                      } // End of Armature_mixamorig_LeftHandPinky2
                    } // End of Armature_mixamorig_LeftHandPinky1
                    Frame Armature_mixamorig_LeftHandRing1 {
                      FrameTransformMatrix {
                         0.992744,-0.120211,-0.002996, 0.000000,
                         0.119774, 0.990732,-0.064061, 0.000000,
                         0.010669, 0.063237, 0.997942, 0.000000,
                         6.516908,22.686588, 0.103605, 1.000000;;
                      }
                      Frame Armature_mixamorig_LeftHandRing2 {
                        FrameTransformMatrix {
                           0.999143,-0.040372,-0.009136, 0.000000,
                           0.040372, 0.901742, 0.430385, 0.000000,
                          -0.009137,-0.430385, 0.902599, 0.000000,
                          -0.000002, 6.408600, 0.000002, 1.000000;;
                        }
                        Frame Armature_mixamorig_LeftHandRing3 {
                          FrameTransformMatrix {
                             0.999799,-0.019924,-0.002141, 0.000000,
                             0.019924, 0.976980, 0.212397, 0.000000,
                            -0.002140,-0.212397, 0.977181, 0.000000,
                             0.000004, 6.150298,-0.000002, 1.000000;;
                          }
                        } // End of Armature_mixamorig_LeftHandRing3
                      } // End of Armature_mixamorig_LeftHandRing2
                    } // End of Armature_mixamorig_LeftHandRing1
                    Frame Armature_mixamorig_LeftHandThumb1 {
                      FrameTransformMatrix {
                         0.702120, 0.669552, 0.242338, 0.000000,
                        -0.705616, 0.699912, 0.110589, 0.000000,
                        -0.095570,-0.248644, 0.963868, 0.000000,
                        -7.059594, 6.094486, 4.397211, 1.000000;;
                      }
                      Frame Armature_mixamorig_LeftHandThumb2 {
                        FrameTransformMatrix {
                           0.886655,-0.462009, 0.019777, 0.000000,
                           0.461723, 0.882120,-0.093147, 0.000000,
                           0.025589, 0.091721, 0.995456, 0.000000,
                          -0.000005, 7.536491,-0.000006, 1.000000;;
                        }
                        Frame Armature_mixamorig_LeftHandThumb3 {
                          FrameTransformMatrix {
                             0.922571,-0.380596, 0.063322, 0.000000,
                             0.382925, 0.923309,-0.029487, 0.000000,
                            -0.047243, 0.051451, 0.997557, 0.000000,
                            -0.000004, 7.512296, 0.000004, 1.000000;;
                          }
                        } // End of Armature_mixamorig_LeftHandThumb3
                      } // End of Armature_mixamorig_LeftHandThumb2
                    } // End of Armature_mixamorig_LeftHandThumb1
                  } // End of Armature_mixamorig_LeftHand
                } // End of Armature_mixamorig_LeftForeArm
              } // End of Armature_mixamorig_LeftArm
            } // End of Armature_mixamorig_LeftShoulder
            Frame Armature_mixamorig_Neck {
              FrameTransformMatrix {
                 0.920601,-0.381618,-0.082838, 0.000000,
                 0.348008, 0.705508, 0.617373, 0.000000,
                -0.177157,-0.597182, 0.782297, 0.000000,
                 0.000001,39.117603,11.976999, 1.000000;;
              }
              Frame Armature_mixamorig_Head {
                FrameTransformMatrix {
                   0.953975, 0.242735,-0.176103, 0.000000,
                  -0.260112, 0.961998,-0.083078, 0.000000,
                   0.149244, 0.125060, 0.980860, 0.000000,
                   0.000001,15.664109,-14.552526, 1.000000;;
                }
                Frame Armature_mixamorig_HeadTop_End {
                  FrameTransformMatrix {
                     1.000000,-0.000000, 0.000000, 0.000000,
                    -0.000000, 1.000000, 0.000000, 0.000000,
                    -0.000000, 0.000000, 1.000000, 0.000000,
                     0.000001, 7.553704,-15.601688, 1.000000;;
                  }
                } // End of Armature_mixamorig_HeadTop_End
                Frame Armature_mixamorig_Jaw {
                  FrameTransformMatrix {
                     1.000000,-0.000000, 0.000000, 0.000000,
                     0.000000,-0.587430, 0.809275, 0.000000,
                     0.000000,-0.809275,-0.587430, 0.000000,
                     0.000001, 3.620707, 2.317807, 1.000000;;
                  }
                } // End of Armature_mixamorig_Jaw
                Frame Armature_mixamorig_LeftEye {
                  FrameTransformMatrix {
                     1.000000,-0.000000, 0.000000, 0.000000,
                    -0.000000, 1.000000, 0.000000, 0.000000,
                    -0.000000, 0.000000, 1.000000, 0.000000,
                     3.528702,12.838202,-2.462092, 1.000000;;
                  }
                } // End of Armature_mixamorig_LeftEye
                Frame Armature_mixamorig_RightEye {
                  FrameTransformMatrix {
                     1.000000,-0.000000, 0.000000, 0.000000,
                    -0.000000, 1.000000, 0.000000, 0.000000,
                    -0.000000, 0.000000, 1.000000, 0.000000,
                    -3.528700,12.838204,-2.462087, 1.000000;;
                  }
                } // End of Armature_mixamorig_RightEye
              } // End of Armature_mixamorig_Head
            } // End of Armature_mixamorig_Neck
            Frame Armature_mixamorig_RightShoulder {
              FrameTransformMatrix {
                 0.128190,-0.037114, 0.991055, 0.000000,
                -0.974431, 0.181220, 0.132826, 0.000000,
                -0.184529,-0.982742,-0.012935, 0.000000,
                -17.399504,24.614304, 1.157895, 1.000000;;
              }
              Frame Armature_mixamorig_RightArm {
                FrameTransformMatrix {
                   0.643124,-0.399883,-0.653059, 0.000000,
                   0.667449, 0.710771, 0.222073, 0.000000,
                   0.375372,-0.578703, 0.724015, 0.000000,
                  -0.000006,19.910404,-0.000000, 1.000000;;
                }
                Frame Armature_mixamorig_RightArmour1 {
                  FrameTransformMatrix {
                     0.000000,-1.000000,-0.000001, 0.000000,
                     1.000000, 0.000000,-0.000000, 0.000000,
                     0.000000,-0.000001, 1.000000, 0.000000,
                    -1.467300, 5.012920,-18.471138, 1.000000;;
                  }
                  Frame Armature_mixamorig_RightArmour2 {
                    FrameTransformMatrix {
                      -0.915899,-0.327535,-0.232054, 0.000000,
                      -0.183487,-0.172553, 0.967759, 0.000000,
                      -0.357017, 0.928949, 0.097943, 0.000000,
                       3.884901,-18.584898, 9.462717, 1.000000;;
                    }
                  } // End of Armature_mixamorig_RightArmour2
                  Frame Armature_mixamorig_RightArmour4 {
                    FrameTransformMatrix {
                       0.708033, 0.659734, 0.251874, 0.000000,
                      -0.431906, 0.122374, 0.893578, 0.000000,
                       0.558700,-0.741469, 0.371588, 0.000000,
                      -2.648897,22.195307,11.494608, 1.000000;;
                    }
                  } // End of Armature_mixamorig_RightArmour4
                } // End of Armature_mixamorig_RightArmour1
                Frame Armature_mixamorig_RightForeArm {
                  FrameTransformMatrix {
                     0.745882,-0.666070, 0.003269, 0.000000,
                     0.666070, 0.745888, 0.001127, 0.000000,
                    -0.003189, 0.001336, 0.999994, 0.000000,
                     0.000004,49.301304, 0.000017, 1.000000;;
                  }
                  Frame Armature_mixamorig_RightHand {
                    FrameTransformMatrix {
                       0.690304,-0.210112,-0.692339, 0.000000,
                       0.277883, 0.960506,-0.014430, 0.000000,
                       0.668028,-0.182428, 0.721428, 0.000000,
                       0.000007,31.604986,-0.000005, 1.000000;;
                    }
                    Frame Armature_mixamorig_RightHandIndex1 {
                      FrameTransformMatrix {
                         0.992744, 0.120211, 0.002997, 0.000000,
                        -0.119774, 0.990733,-0.064045, 0.000000,
                        -0.010668, 0.063221, 0.997943, 0.000000,
                         6.192895,21.270996, 0.499013, 1.000000;;
                      }
                      Frame Armature_mixamorig_RightHandIndex2 {
                        FrameTransformMatrix {
                           0.999143, 0.040373, 0.009137, 0.000000,
                          -0.040373, 0.901742, 0.430385, 0.000000,
                           0.009137,-0.430385, 0.902599, 0.000000,
                          -0.000007, 7.535988,-0.000004, 1.000000;;
                        }
                        Frame Armature_mixamorig_RightHandIndex3 {
                          FrameTransformMatrix {
                             0.999993,-0.001236,-0.003502, 0.000000,
                             0.002237, 0.953217, 0.302278, 0.000000,
                             0.002964,-0.302284, 0.953213, 0.000000,
                            -0.000008, 7.512996,-0.000005, 1.000000;;
                          }
                        } // End of Armature_mixamorig_RightHandIndex3
                      } // End of Armature_mixamorig_RightHandIndex2
                    } // End of Armature_mixamorig_RightHandIndex1
                    Frame Armature_mixamorig_RightHandMiddle1 {
                      FrameTransformMatrix {
                         0.992744, 0.120211, 0.002997, 0.000000,
                        -0.119774, 0.990733,-0.064045, 0.000000,
                        -0.010668, 0.063221, 0.997943, 0.000000,
                        -0.016502,23.333994, 0.008999, 1.000000;;
                      }
                      Frame Armature_mixamorig_RightHandMiddle2 {
                        FrameTransformMatrix {
                           0.999143, 0.040373, 0.009137, 0.000000,
                          -0.040373, 0.901742, 0.430385, 0.000000,
                           0.009137,-0.430385, 0.902599, 0.000000,
                           0.000005, 6.996989,-0.000003, 1.000000;;
                        }
                        Frame Armature_mixamorig_RightHandMiddle3 {
                          FrameTransformMatrix {
                             0.999799, 0.019924, 0.002140, 0.000000,
                            -0.019924, 0.976980, 0.212396, 0.000000,
                             0.002141,-0.212396, 0.977181, 0.000000,
                             0.000005, 7.016009,-0.000001, 1.000000;;
                          }
                        } // End of Armature_mixamorig_RightHandMiddle3
                      } // End of Armature_mixamorig_RightHandMiddle2
                    } // End of Armature_mixamorig_RightHandMiddle1
                    Frame Armature_mixamorig_RightHandPinky1 {
                      FrameTransformMatrix {
                         0.992744, 0.120211, 0.002997, 0.000000,
                        -0.119774, 0.990733,-0.064045, 0.000000,
                        -0.010668, 0.063221, 0.997943, 0.000000,
                        -11.443208,18.881002, 0.462009, 1.000000;;
                      }
                      Frame Armature_mixamorig_RightHandPinky2 {
                        FrameTransformMatrix {
                           0.999143, 0.040373, 0.009137, 0.000000,
                          -0.040373, 0.901742, 0.430385, 0.000000,
                           0.009137,-0.430385, 0.902599, 0.000000,
                           0.000000, 4.919996, 0.000002, 1.000000;;
                        }
                        Frame Armature_mixamorig_RightHandPinky3 {
                          FrameTransformMatrix {
                             0.999799, 0.019924, 0.002140, 0.000000,
                            -0.019924, 0.976980, 0.212396, 0.000000,
                             0.002141,-0.212396, 0.977181, 0.000000,
                            -0.000003, 5.233001,-0.000012, 1.000000;;
                          }
                        } // End of Armature_mixamorig_RightHandPinky3
                      } // End of Armature_mixamorig_RightHandPinky2
                    } // End of Armature_mixamorig_RightHandPinky1
                    Frame Armature_mixamorig_RightHandRing1 {
                      FrameTransformMatrix {
                         0.992744, 0.120211, 0.002997, 0.000000,
                        -0.119774, 0.990733,-0.064045, 0.000000,
                        -0.010668, 0.063221, 0.997943, 0.000000,
                        -6.516901,22.686001, 0.103998, 1.000000;;
                      }
                      Frame Armature_mixamorig_RightHandRing2 {
                        FrameTransformMatrix {
                           0.999143, 0.040373, 0.009137, 0.000000,
                          -0.040373, 0.901742, 0.430385, 0.000000,
                           0.009137,-0.430385, 0.902599, 0.000000,
                           0.000004, 6.408997, 0.000002, 1.000000;;
                        }
                        Frame Armature_mixamorig_RightHandRing3 {
                          FrameTransformMatrix {
                             0.999799, 0.019924, 0.002140, 0.000000,
                            -0.019924, 0.976981, 0.212396, 0.000000,
                             0.002141,-0.212396, 0.977181, 0.000000,
                            -0.000001, 6.149997,-0.000003, 1.000000;;
                          }
                        } // End of Armature_mixamorig_RightHandRing3
                      } // End of Armature_mixamorig_RightHandRing2
                    } // End of Armature_mixamorig_RightHandRing1
                    Frame Armature_mixamorig_RightHandThumb1 {
                      FrameTransformMatrix {
                         0.558287,-0.747350, 0.360255, 0.000000,
                         0.420195, 0.629124, 0.653941, 0.000000,
                        -0.715368,-0.213709, 0.665265, 0.000000,
                         7.059701, 6.094000, 4.396996, 1.000000;;
                      }
                      Frame Armature_mixamorig_RightHandThumb2 {
                        FrameTransformMatrix {
                           0.898370, 0.431688,-0.081094, 0.000000,
                          -0.431009, 0.830811,-0.352113, 0.000000,
                          -0.084629, 0.351281, 0.932438, 0.000000,
                           0.000000, 7.536304, 0.000000, 1.000000;;
                        }
                        Frame Armature_mixamorig_RightHandThumb3 {
                          FrameTransformMatrix {
                             0.966212, 0.254693,-0.039567, 0.000000,
                            -0.256678, 0.936829,-0.237630, 0.000000,
                            -0.023455, 0.239757, 0.970549, 0.000000,
                            -0.000003, 7.512699,-0.000012, 1.000000;;
                          }
                        } // End of Armature_mixamorig_RightHandThumb3
                      } // End of Armature_mixamorig_RightHandThumb2
                    } // End of Armature_mixamorig_RightHandThumb1
                  } // End of Armature_mixamorig_RightHand
                } // End of Armature_mixamorig_RightForeArm
              } // End of Armature_mixamorig_RightArm
            } // End of Armature_mixamorig_RightShoulder
          } // End of Armature_mixamorig_Spine2
        } // End of Armature_mixamorig_Spine1
      } // End of Armature_mixamorig_Spine
    } // End of Armature_mixamorig_Hips
  } // End of Armature
} // End of Root
AnimationSet Global {
  Animation {
    {Armature}
    AnimationKey { // Rotation
      0;
      27;
      0;4;-0.707107, 0.707107, 0.000000, 0.000000;;,
      1;4;-0.707107, 0.707107, 0.000000, 0.000000;;,
      2;4;-0.707107, 0.707107, 0.000000, 0.000000;;,
      3;4;-0.707107, 0.707107, 0.000000, 0.000000;;,
      4;4;-0.707107, 0.707107, 0.000000, 0.000000;;,
      5;4;-0.707107, 0.707107, 0.000000, 0.000000;;,
      6;4;-0.707107, 0.707107, 0.000000, 0.000000;;,
      7;4;-0.707107, 0.707107, 0.000000, 0.000000;;,
      8;4;-0.707107, 0.707107, 0.000000, 0.000000;;,
      9;4;-0.707107, 0.707107, 0.000000, 0.000000;;,
      10;4;-0.707107, 0.707107, 0.000000, 0.000000;;,
      11;4;-0.707107, 0.707107, 0.000000, 0.000000;;,
      12;4;-0.707107, 0.707107, 0.000000, 0.000000;;,
      13;4;-0.707107, 0.707107, 0.000000, 0.000000;;,
      14;4;-0.707107, 0.707107, 0.000000, 0.000000;;,
      15;4;-0.707107, 0.707107, 0.000000, 0.000000;;,
      16;4;-0.707107, 0.707107, 0.000000, 0.000000;;,
      17;4;-0.707107, 0.707107, 0.000000, 0.000000;;,
      18;4;-0.707107, 0.707107, 0.000000, 0.000000;;,
      19;4;-0.707107, 0.707107, 0.000000, 0.000000;;,
      20;4;-0.707107, 0.707107, 0.000000, 0.000000;;,
      21;4;-0.707107, 0.707107, 0.000000, 0.000000;;,
      22;4;-0.707107, 0.707107, 0.000000, 0.000000;;,
      23;4;-0.707107, 0.707107, 0.000000, 0.000000;;,
      24;4;-0.707107, 0.707107, 0.000000, 0.000000;;,
      25;4;-0.707107, 0.707107, 0.000000, 0.000000;;,
      26;4;-0.707107, 0.707107, 0.000000, 0.000000;;;
    }
    AnimationKey { // Scale
      1;
      27;
      0;3; 0.100000, 0.100000, 0.100000;;,
      1;3; 0.100000, 0.100000, 0.100000;;,
      2;3; 0.100000, 0.100000, 0.100000;;,
      3;3; 0.100000, 0.100000, 0.100000;;,
      4;3; 0.100000, 0.100000, 0.100000;;,
      5;3; 0.100000, 0.100000, 0.100000;;,
      6;3; 0.100000, 0.100000, 0.100000;;,
      7;3; 0.100000, 0.100000, 0.100000;;,
      8;3; 0.100000, 0.100000, 0.100000;;,
      9;3; 0.100000, 0.100000, 0.100000;;,
      10;3; 0.100000, 0.100000, 0.100000;;,
      11;3; 0.100000, 0.100000, 0.100000;;,
      12;3; 0.100000, 0.100000, 0.100000;;,
      13;3; 0.100000, 0.100000, 0.100000;;,
      14;3; 0.100000, 0.100000, 0.100000;;,
      15;3; 0.100000, 0.100000, 0.100000;;,
      16;3; 0.100000, 0.100000, 0.100000;;,
      17;3; 0.100000, 0.100000, 0.100000;;,
      18;3; 0.100000, 0.100000, 0.100000;;,
      19;3; 0.100000, 0.100000, 0.100000;;,
      20;3; 0.100000, 0.100000, 0.100000;;,
      21;3; 0.100000, 0.100000, 0.100000;;,
      22;3; 0.100000, 0.100000, 0.100000;;,
      23;3; 0.100000, 0.100000, 0.100000;;,
      24;3; 0.100000, 0.100000, 0.100000;;,
      25;3; 0.100000, 0.100000, 0.100000;;,
      26;3; 0.100000, 0.100000, 0.100000;;;
    }
    AnimationKey { // Position
      2;
      27;
      0;3; 0.000000, 0.000000, 0.000000;;,
      1;3; 0.000000, 0.000000, 0.000000;;,
      2;3; 0.000000, 0.000000, 0.000000;;,
      3;3; 0.000000, 0.000000, 0.000000;;,
      4;3; 0.000000, 0.000000, 0.000000;;,
      5;3; 0.000000, 0.000000, 0.000000;;,
      6;3; 0.000000, 0.000000, 0.000000;;,
      7;3; 0.000000, 0.000000, 0.000000;;,
      8;3; 0.000000, 0.000000, 0.000000;;,
      9;3; 0.000000, 0.000000, 0.000000;;,
      10;3; 0.000000, 0.000000, 0.000000;;,
      11;3; 0.000000, 0.000000, 0.000000;;,
      12;3; 0.000000, 0.000000, 0.000000;;,
      13;3; 0.000000, 0.000000, 0.000000;;,
      14;3; 0.000000, 0.000000, 0.000000;;,
      15;3; 0.000000, 0.000000, 0.000000;;,
      16;3; 0.000000, 0.000000, 0.000000;;,
      17;3; 0.000000, 0.000000, 0.000000;;,
      18;3; 0.000000, 0.000000, 0.000000;;,
      19;3; 0.000000, 0.000000, 0.000000;;,
      20;3; 0.000000, 0.000000, 0.000000;;,
      21;3; 0.000000, 0.000000, 0.000000;;,
      22;3; 0.000000, 0.000000, 0.000000;;,
      23;3; 0.000000, 0.000000, 0.000000;;,
      24;3; 0.000000, 0.000000, 0.000000;;,
      25;3; 0.000000, 0.000000, 0.000000;;,
      26;3; 0.000000, 0.000000, 0.000000;;;
    }
  }
  Animation {
    {Armature_mixamorig_Hips}
    AnimationKey { // Rotation
      0;
      27;
      0;4;-0.983646, 0.174724,-0.042870,-0.008642;;,
      1;4;-0.980799, 0.184826,-0.062213, 0.001818;;,
      2;4;-0.977114, 0.196858,-0.080113, 0.008747;;,
      3;4;-0.972308, 0.214011,-0.093297, 0.010580;;,
      4;4;-0.965707, 0.239213,-0.100617, 0.007952;;,
      5;4;-0.960447, 0.258821,-0.101844, 0.013487;;,
      6;4;-0.958759, 0.263717,-0.103457, 0.023033;;,
      7;4;-0.959748, 0.256851,-0.109432, 0.030592;;,
      8;4;-0.962304, 0.243453,-0.117147, 0.031276;;,
      9;4;-0.966955, 0.224177,-0.118101, 0.028191;;,
      10;4;-0.970744, 0.215447,-0.102498, 0.027082;;,
      11;4;-0.972823, 0.219770,-0.064891, 0.033243;;,
      12;4;-0.976875, 0.209906,-0.013938, 0.038219;;,
      13;4;-0.979097, 0.197234, 0.031649, 0.038278;;,
      14;4;-0.980102, 0.186082, 0.059970, 0.034312;;,
      15;4;-0.981789, 0.176807, 0.064967, 0.024688;;,
      16;4;-0.982112, 0.179541, 0.055191, 0.013258;;,
      17;4;-0.981949, 0.183706, 0.044596, 0.006237;;,
      18;4;-0.982046, 0.184190, 0.040652,-0.002514;;,
      19;4;-0.982190, 0.181542, 0.045605,-0.016274;;,
      20;4;-0.982871, 0.174846, 0.052198,-0.025871;;,
      21;4;-0.984371, 0.165732, 0.052845,-0.027450;;,
      22;4;-0.986331, 0.157120, 0.040980,-0.028001;;,
      23;4;-0.985943, 0.163132, 0.019767,-0.030214;;,
      24;4;-0.985972, 0.164458,-0.001497,-0.028473;;,
      25;4;-0.985381, 0.167532,-0.022287,-0.021484;;,
      26;4;-0.983644, 0.174728,-0.042874,-0.008708;;;
    }
    AnimationKey { // Scale
      1;
      27;
      0;3; 1.000000, 1.000000, 1.000000;;,
      1;3; 1.000000, 1.000000, 1.000000;;,
      2;3; 1.000000, 1.000000, 1.000000;;,
      3;3; 1.000000, 1.000000, 1.000000;;,
      4;3; 1.000000, 1.000000, 1.000000;;,
      5;3; 1.000000, 1.000000, 1.000000;;,
      6;3; 1.000000, 1.000000, 1.000000;;,
      7;3; 1.000000, 1.000000, 1.000000;;,
      8;3; 1.000000, 1.000000, 1.000000;;,
      9;3; 1.000000, 1.000000, 1.000000;;,
      10;3; 1.000000, 1.000000, 1.000000;;,
      11;3; 1.000000, 1.000000, 1.000000;;,
      12;3; 1.000000, 1.000000, 1.000000;;,
      13;3; 1.000000, 1.000000, 1.000000;;,
      14;3; 1.000000, 1.000000, 1.000000;;,
      15;3; 1.000000, 1.000000, 1.000000;;,
      16;3; 1.000000, 1.000000, 1.000000;;,
      17;3; 1.000000, 1.000000, 1.000000;;,
      18;3; 1.000000, 1.000000, 1.000000;;,
      19;3; 1.000000, 1.000000, 1.000000;;,
      20;3; 1.000000, 1.000000, 1.000000;;,
      21;3; 1.000000, 1.000000, 1.000000;;,
      22;3; 1.000000, 1.000000, 1.000000;;,
      23;3; 1.000000, 1.000000, 1.000000;;,
      24;3; 1.000000, 1.000000, 1.000000;;,
      25;3; 1.000000, 1.000000, 1.000000;;,
      26;3; 1.000000, 1.000000, 1.000000;;;
    }
    AnimationKey { // Position
      2;
      27;
      0;3; 0.185859,75.095871, 2.543150;;,
      1;3;-0.221108,78.213844, 2.543150;;,
      2;3;-0.400589,80.614403, 2.543150;;,
      3;3;-0.392052,83.148499, 2.543150;;,
      4;3;-0.266366,85.736420, 2.543150;;,
      5;3;-0.600042,86.817924, 2.543150;;,
      6;3;-1.232816,87.516571, 2.543150;;,
      7;3;-1.885216,87.901497, 2.543150;;,
      8;3;-1.870362,86.416245, 2.543150;;,
      9;3;-1.261917,81.897331, 2.543150;;,
      10;3;-0.331679,73.963104, 2.543150;;,
      11;3; 0.653131,67.715508, 2.543150;;,
      12;3; 1.811528,66.396530, 2.543150;;,
      13;3; 2.727654,69.211823, 2.543150;;,
      14;3; 3.382784,73.501289, 2.543150;;,
      15;3; 3.839527,77.945084, 2.543150;;,
      16;3; 4.182535,82.274521, 2.543150;;,
      17;3; 4.483569,86.860390, 2.543150;;,
      18;3; 4.591407,89.413437, 2.543150;;,
      19;3; 4.648551,89.196091, 2.543150;;,
      20;3; 4.389373,84.530930, 2.543150;;,
      21;3; 3.524472,77.767982, 2.543150;;,
      22;3; 2.391199,72.040749, 2.543150;;,
      23;3; 1.514955,69.591171, 2.543150;;,
      24;3; 0.997379,70.014969, 2.543150;;,
      25;3; 0.487327,71.911453, 2.543150;;,
      26;3; 0.183090,75.106590, 2.543150;;;
    }
  }
  Animation {
    {Armature_mixamorig_Spine}
    AnimationKey { // Rotation
      0;
      27;
      0;4;-0.972525, 0.225246, 0.049421, 0.031902;;,
      1;4;-0.973214, 0.218529, 0.070173, 0.013273;;,
      2;4;-0.973121, 0.212058, 0.089568,-0.006700;;,
      3;4;-0.972614, 0.205621, 0.105103,-0.026353;;,
      4;4;-0.976041, 0.179169, 0.116591,-0.040601;;,
      5;4;-0.978160, 0.159366, 0.119521,-0.059333;;,
      6;4;-0.977981, 0.150135, 0.119865,-0.081518;;,
      7;4;-0.975644, 0.149397, 0.120972,-0.105665;;,
      8;4;-0.972755, 0.156271, 0.122767,-0.119397;;,
      9;4;-0.971324, 0.166301, 0.122423,-0.117842;;,
      10;4;-0.971849, 0.175446, 0.115749,-0.106448;;,
      11;4;-0.974007, 0.184851, 0.091722,-0.093423;;,
      12;4;-0.976901, 0.194167, 0.052707,-0.072015;;,
      13;4;-0.977441, 0.204671, 0.015413,-0.049813;;,
      14;4;-0.975628, 0.217164,-0.012541,-0.028861;;,
      15;4;-0.973466, 0.226708,-0.028787,-0.011763;;,
      16;4;-0.973595, 0.225183,-0.037492, 0.000861;;,
      17;4;-0.974698, 0.218266,-0.046628, 0.012187;;,
      18;4;-0.975950, 0.209733,-0.052792, 0.027318;;,
      19;4;-0.976571, 0.202252,-0.054503, 0.049329;;,
      20;4;-0.976594, 0.197537,-0.054476, 0.065388;;,
      21;4;-0.976027, 0.199768,-0.050726, 0.069936;;,
      22;4;-0.973355, 0.217450,-0.034313, 0.064171;;,
      23;4;-0.970723, 0.233125,-0.012100, 0.056599;;,
      24;4;-0.970881, 0.233678, 0.009881, 0.051836;;,
      25;4;-0.972129, 0.228193, 0.030549, 0.044277;;,
      26;4;-0.972522, 0.225247, 0.049460, 0.031929;;;
    }
    AnimationKey { // Scale
      1;
      27;
      0;3; 1.000000, 1.000000, 1.000000;;,
      1;3; 1.000000, 1.000000, 1.000000;;,
      2;3; 1.000000, 1.000000, 1.000000;;,
      3;3; 1.000000, 1.000000, 1.000000;;,
      4;3; 1.000000, 1.000000, 1.000000;;,
      5;3; 1.000000, 1.000000, 1.000000;;,
      6;3; 1.000000, 1.000000, 1.000000;;,
      7;3; 1.000000, 1.000000, 1.000000;;,
      8;3; 1.000000, 1.000000, 1.000000;;,
      9;3; 1.000000, 1.000000, 1.000000;;,
      10;3; 1.000000, 1.000000, 1.000000;;,
      11;3; 1.000000, 1.000000, 1.000000;;,
      12;3; 1.000000, 1.000000, 1.000000;;,
      13;3; 1.000000, 1.000000, 1.000000;;,
      14;3; 1.000000, 1.000000, 1.000000;;,
      15;3; 1.000000, 1.000000, 1.000000;;,
      16;3; 1.000000, 1.000000, 1.000000;;,
      17;3; 1.000000, 1.000000, 1.000000;;,
      18;3; 1.000000, 1.000000, 1.000000;;,
      19;3; 1.000000, 1.000000, 1.000000;;,
      20;3; 1.000000, 1.000000, 1.000000;;,
      21;3; 1.000000, 1.000000, 1.000000;;,
      22;3; 1.000000, 1.000000, 1.000000;;,
      23;3; 1.000000, 1.000000, 1.000000;;,
      24;3; 1.000000, 1.000000, 1.000000;;,
      25;3; 1.000000, 1.000000, 1.000000;;,
      26;3; 1.000000, 1.000000, 1.000000;;;
    }
    AnimationKey { // Position
      2;
      27;
      0;3; 0.000000,13.784801, 0.064402;;,
      1;3; 0.000000,13.784780, 0.064396;;,
      2;3;-0.000000,13.784801, 0.064398;;,
      3;3;-0.000000,13.784801, 0.064396;;,
      4;3; 0.000000,13.784796, 0.064404;;,
      5;3; 0.000002,13.784796, 0.064401;;,
      6;3; 0.000001,13.784809, 0.064404;;,
      7;3; 0.000001,13.784798, 0.064399;;,
      8;3;-0.000000,13.784806, 0.064399;;,
      9;3;-0.000000,13.784787, 0.064400;;,
      10;3; 0.000000,13.784800, 0.064402;;,
      11;3; 0.000000,13.784799, 0.064398;;,
      12;3; 0.000000,13.784799, 0.064399;;,
      13;3; 0.000000,13.784795, 0.064397;;,
