xof 0303txt 0032

template XSkinMeshHeader {
  <3cf169ce-ff7c-44ab-93c0-f78f62d172e2>
  WORD nMaxSkinWeightsPerVertex;
  WORD nMaxSkinWeightsPerFace;
  WORD nBones;
}

template SkinWeights {
  <6f0d123b-bad2-4167-a0d0-80224f25fabb>
  STRING transformNodeName;
  DWORD nWeights;
  array DWORD vertexIndices[nWeights];
  array float weights[nWeights];
  Matrix4x4 matrixOffset;
}

Frame Root {
  FrameTransformMatrix {
     1.000000, 0.000000, 0.000000, 0.000000,
     0.000000,-0.000000,-1.000000, 0.000000,
     0.000000, 1.000000,-0.000000, 0.000000,
     0.000000, 0.000000, 0.000000, 1.000000;;
  }
  Frame Armature {
    FrameTransformMatrix {
       0.100000, 0.000000, 0.000000, 0.000000,
       0.000000,-0.000000, 0.100000, 0.000000,
       0.000000,-0.100000,-0.000000, 0.000000,
       0.000000, 0.000000, 0.000000, 1.000000;;
    }
    Frame Armature_mixamorig_Hips {
      FrameTransformMatrix {
         0.635368, 0.045948, 0.770841, 0.000000,
        -0.130730, 0.990220, 0.048730, 0.000000,
        -0.761063,-0.131734, 0.635161, 0.000000,
        -3.353273,71.211098, 1.952546, 1.000000;;
      }
      Frame Armature_mixamorig_BackCloth1 {
        FrameTransformMatrix {
           1.000000,-0.000003, 0.000000, 0.000000,
          -0.000003,-1.000000, 0.000000, 0.000000,
           0.000000,-0.000000,-1.000000, 0.000000,
           0.000000,-5.419197,-29.327000, 1.000000;;
        }
        Frame Armature_mixamorig_BackCloth2 {
          FrameTransformMatrix {
             1.000000,-0.000002, 0.000000, 0.000000,
             0.000002, 1.000000, 0.000000, 0.000000,
            -0.000000,-0.000000, 1.000000, 0.000000,
             0.000001,15.308605, 0.000001, 1.000000;;
          }
          Frame Armature_mixamorig_BackCloth3 {
            FrameTransformMatrix {
               1.000000, 0.000000, 0.000000, 0.000000,
               0.000000, 1.000000, 0.000000, 0.000000,
              -0.000000, 0.000000, 1.000000, 0.000000,
              -0.000000,17.777105,-0.000000, 1.000000;;
            }
          } // End of Armature_mixamorig_BackCloth3
        } // End of Armature_mixamorig_BackCloth2
      } // End of Armature_mixamorig_BackCloth1
      Frame Armature_mixamorig_FrontCloth1 {
        FrameTransformMatrix {
           1.000000,-0.000002,-0.000000, 0.000000,
          -0.000002,-1.000000,-0.000000, 0.000000,
          -0.000000, 0.000000,-1.000000, 0.000000,
           0.000001,-19.940704,22.170200, 1.000000;;
        }
        Frame Armature_mixamorig_FrontCloth2 {
          FrameTransformMatrix {
            -1.000000, 0.000000, 0.000000, 0.000000,
            -0.000000, 1.000000, 0.000000, 0.000000,
            -0.000000, 0.000000,-1.000000, 0.000000,
             0.000001,10.763299,-0.000001, 1.000000;;
          }
          Frame Armature_mixamorig_FrontCloth3 {
            FrameTransformMatrix {
              -1.000000, 0.000000,-0.000000, 0.000000,
               0.000000, 1.000000,-0.000000, 0.000000,
               0.000000,-0.000000,-1.000000, 0.000000,
              -0.000001,13.749510,-0.000002, 1.000000;;
            }
          } // End of Armature_mixamorig_FrontCloth3
        } // End of Armature_mixamorig_FrontCloth2
      } // End of Armature_mixamorig_FrontCloth1
      Frame Armature_mixamorig_LeftUpLeg {
        FrameTransformMatrix {
          -0.633898,-0.027777, 0.772918, 0.000000,
           0.747904,-0.276579, 0.603444, 0.000000,
           0.197011, 0.960590, 0.196098, 0.000000,
          19.899097,-7.885101,-3.429502, 1.000000;;
        }
        Frame Armature_mixamorig_LeftLeg {
          FrameTransformMatrix {
             0.921974,-0.322279,-0.214711, 0.000000,
            -0.188502, 0.110838,-0.975798, 0.000000,
             0.338277, 0.940134, 0.041439, 0.000000,
             0.000000,38.282909,-0.000001, 1.000000;;
          }
          Frame Armature_mixamorig_LeftFoot {
            FrameTransformMatrix {
               0.968921,-0.244299,-0.038872, 0.000000,
               0.180244, 0.589590, 0.787335, 0.000000,
              -0.169426,-0.769871, 0.615299, 0.000000,
               0.000001,32.683990,-0.000001, 1.000000;;
            }
            Frame Armature_mixamorig_LeftToeBase {
              FrameTransformMatrix {
                 0.994046,-0.037965,-0.102133, 0.000000,
                 0.106385, 0.540773, 0.834414, 0.000000,
                 0.023552,-0.840311, 0.541592, 0.000000,
                 0.000002,27.100006,-0.000003, 1.000000;;
              }
            } // End of Armature_mixamorig_LeftToeBase
          } // End of Armature_mixamorig_LeftFoot
        } // End of Armature_mixamorig_LeftLeg
      } // End of Armature_mixamorig_LeftUpLeg
      Frame Armature_mixamorig_RightUpLeg {
        FrameTransformMatrix {
          -0.816496, 0.520341,-0.250157, 0.000000,
          -0.552977,-0.580243, 0.597941, 0.000000,
           0.165982, 0.626547, 0.761501, 0.000000,
          -19.899099,-7.884996,-3.429501, 1.000000;;
        }
        Frame Armature_mixamorig_RightLeg {
          FrameTransformMatrix {
             0.982930, 0.143631, 0.114975, 0.000000,
             0.121290,-0.035989,-0.991964, 0.000000,
            -0.138339, 0.988977,-0.052796, 0.000000,
            -0.000001,38.282906,-0.000001, 1.000000;;
          }
          Frame Armature_mixamorig_RightFoot {
            FrameTransformMatrix {
               0.875218, 0.357488, 0.325877, 0.000000,
              -0.309104,-0.104882, 0.945227, 0.000000,
               0.372086,-0.928010, 0.018706, 0.000000,
               0.000005,32.684063,-0.000001, 1.000000;;
            }
            Frame Armature_mixamorig_RightToeBase {
              FrameTransformMatrix {
                 0.998327, 0.050332, 0.028444, 0.000000,
                -0.051799, 0.560235, 0.826712, 0.000000,
                 0.025675,-0.826803, 0.561905, 0.000000,
                 0.000003,27.100012, 0.000000, 1.000000;;
              }
            } // End of Armature_mixamorig_RightToeBase
          } // End of Armature_mixamorig_RightFoot
        } // End of Armature_mixamorig_RightLeg
      } // End of Armature_mixamorig_RightUpLeg
      Frame Armature_mixamorig_Spine {
        FrameTransformMatrix {
           0.997908,-0.031285,-0.056579, 0.000000,
           0.043098, 0.974223, 0.221433, 0.000000,
           0.048193,-0.223408, 0.973533, 0.000000,
           0.000001,13.784799, 0.064400, 1.000000;;
        }
        Frame Armature_mixamorig_Spine1 {
          FrameTransformMatrix {
             0.992503,-0.067487,-0.101903, 0.000000,
             0.076680, 0.993061, 0.089167, 0.000000,
             0.095178,-0.096312, 0.990790, 0.000000,
             0.000000,12.024297, 0.000001, 1.000000;;
          }
          Frame Armature_mixamorig_Spine2 {
            FrameTransformMatrix {
               0.992503,-0.066464,-0.102573, 0.000000,
               0.052817, 0.990047,-0.130453, 0.000000,
               0.110223, 0.124057, 0.986134, 0.000000,
               0.000000,17.815813,-0.000004, 1.000000;;
            }
            Frame Armature_mixamorig_LeftShoulder {
              FrameTransformMatrix {
                 0.363363,-0.008098,-0.931613, 0.000000,
                 0.901953, 0.253508, 0.349591, 0.000000,
                 0.233341,-0.967299, 0.099419, 0.000000,
                17.399502,24.614193, 1.157899, 1.000000;;
              }
              Frame Armature_mixamorig_LeftArm {
                FrameTransformMatrix {
                   0.969624,-0.180029, 0.165583, 0.000000,
                  -0.062514, 0.472079, 0.879337, 0.000000,
                  -0.236475,-0.862978, 0.446485, 0.000000,
                   0.000004,19.910400, 0.000009, 1.000000;;
                }
                Frame Armature_mixamorig_LeftForeArm {
                  FrameTransformMatrix {
                     0.829686, 0.435015, 0.349831, 0.000000,
                    -0.491813, 0.866096, 0.089431, 0.000000,
                    -0.264084,-0.246251, 0.932534, 0.000000,
                    -0.000001,49.301292, 0.000007, 1.000000;;
                  }
                  Frame Armature_mixamorig_LeftHand {
                    FrameTransformMatrix {
                       0.998030, 0.044431,-0.044302, 0.000000,
                      -0.049383, 0.991811,-0.117783, 0.000000,
                       0.038706, 0.119739, 0.992051, 0.000000,
                       0.000000,31.604706,-0.000008, 1.000000;;
                    }
                    Frame Armature_mixamorig_LeftHandIndex1 {
                      FrameTransformMatrix {
                         0.994770, 0.099860, 0.021438, 0.000000,
                        -0.099915, 0.994995, 0.001478, 0.000000,
                        -0.021183,-0.003612, 0.999769, 0.000000,
                        -6.192900,21.271090, 0.498705, 1.000000;;
                      }
                      Frame Armature_mixamorig_LeftHandIndex2 {
                        FrameTransformMatrix {
                           0.999991, 0.003514,-0.002335, 0.000000,
                          -0.003315, 0.996770, 0.080241, 0.000000,
                           0.002610,-0.080233, 0.996773, 0.000000,
                           0.000004, 7.536500,-0.000004, 1.000000;;
                        }
                        Frame Armature_mixamorig_LeftHandIndex3 {
                          FrameTransformMatrix {
                             0.999968, 0.007928,-0.000966, 0.000000,
                            -0.007732, 0.991258, 0.131708, 0.000000,
                             0.002002,-0.131696, 0.991288, 0.000000,
                             0.000008, 7.512287, 0.000000, 1.000000;;
                          }
                        } // End of Armature_mixamorig_LeftHandIndex3
                      } // End of Armature_mixamorig_LeftHandIndex2
                    } // End of Armature_mixamorig_LeftHandIndex1
                    Frame Armature_mixamorig_LeftHandMiddle1 {
                      FrameTransformMatrix {
                         0.996098,-0.081929,-0.032811, 0.000000,
                         0.084272, 0.993395, 0.077879, 0.000000,
                         0.026213,-0.080340, 0.996423, 0.000000,
                         0.016502,23.334383, 0.008604, 1.000000;;
                      }
                      Frame Armature_mixamorig_LeftHandMiddle2 {
                        FrameTransformMatrix {
                           0.999807, 0.017805,-0.008298, 0.000000,
                          -0.015484, 0.974272, 0.224843, 0.000000,
                           0.012088,-0.224671, 0.974360, 0.000000,
                           0.000006, 6.996594,-0.000004, 1.000000;;
                        }
                        Frame Armature_mixamorig_LeftHandMiddle3 {
                          FrameTransformMatrix {
                             0.999659, 0.023730,-0.010934, 0.000000,
                            -0.019629, 0.958287, 0.285134, 0.000000,
                             0.017244,-0.284822, 0.958425, 0.000000,
                             0.000002, 7.016002, 0.000010, 1.000000;;
                          }
                        } // End of Armature_mixamorig_LeftHandMiddle3
                      } // End of Armature_mixamorig_LeftHandMiddle2
                    } // End of Armature_mixamorig_LeftHandMiddle1
                    Frame Armature_mixamorig_LeftHandPinky1 {
                      FrameTransformMatrix {
                         0.993296,-0.110223,-0.034854, 0.000000,
                         0.115204, 0.918821, 0.377487, 0.000000,
                        -0.009583,-0.378972, 0.925359, 0.000000,
                        11.443205,18.881191, 0.461811, 1.000000;;
                      }
                      Frame Armature_mixamorig_LeftHandPinky2 {
                        FrameTransformMatrix {
                           0.999891, 0.003910, 0.014264, 0.000000,
                          -0.007854, 0.957583, 0.288052, 0.000000,
                          -0.012533,-0.288133, 0.957509, 0.000000,
                           0.000002, 4.919600,-0.000001, 1.000000;;
                        }
                        Frame Armature_mixamorig_LeftHandPinky3 {
                          FrameTransformMatrix {
                             0.999235, 0.000126, 0.039099, 0.000000,
                            -0.022347, 0.822404, 0.568465, 0.000000,
                            -0.032084,-0.568904, 0.821778, 0.000000,
                             0.000008, 5.233003, 0.000005, 1.000000;;
                          }
                        } // End of Armature_mixamorig_LeftHandPinky3
                      } // End of Armature_mixamorig_LeftHandPinky2
                    } // End of Armature_mixamorig_LeftHandPinky1
                    Frame Armature_mixamorig_LeftHandRing1 {
                      FrameTransformMatrix {
                         0.988966,-0.138604,-0.052296, 0.000000,
                         0.147114, 0.960371, 0.236738, 0.000000,
                         0.017410,-0.241820, 0.970165, 0.000000,
                         6.516901,22.686592, 0.103598, 1.000000;;
                      }
                      Frame Armature_mixamorig_LeftHandRing2 {
                        FrameTransformMatrix {
                           0.999872, 0.010143, 0.012400, 0.000000,
                          -0.013611, 0.946063, 0.323696, 0.000000,
                          -0.008448,-0.323824, 0.946080, 0.000000,
                           0.000008, 6.408598,-0.000008, 1.000000;;
                        }
                        Frame Armature_mixamorig_LeftHandRing3 {
                          FrameTransformMatrix {
                             0.999839, 0.012607, 0.012735, 0.000000,
                            -0.016466, 0.926731, 0.375364, 0.000000,
                            -0.007070,-0.375513, 0.926790, 0.000000,
                            -0.000007, 6.150294, 0.000011, 1.000000;;
                          }
                        } // End of Armature_mixamorig_LeftHandRing3
                      } // End of Armature_mixamorig_LeftHandRing2
                    } // End of Armature_mixamorig_LeftHandRing1
                    Frame Armature_mixamorig_LeftHandThumb1 {
                      FrameTransformMatrix {
                         0.683508, 0.626242,-0.375017, 0.000000,
                        -0.470659, 0.770806, 0.429346, 0.000000,
                         0.557940,-0.116956, 0.821599, 0.000000,
                        -7.059603, 6.094486, 4.397207, 1.000000;;
                      }
                      Frame Armature_mixamorig_LeftHandThumb2 {
                        FrameTransformMatrix {
                           0.976178,-0.133566, 0.170984, 0.000000,
                           0.113070, 0.985756, 0.124496, 0.000000,
                          -0.185177,-0.102197, 0.977377, 0.000000,
                           0.000003, 7.536500,-0.000003, 1.000000;;
                        }
                        Frame Armature_mixamorig_LeftHandThumb3 {
                          FrameTransformMatrix {
                             0.985914,-0.166852,-0.011586, 0.000000,
                             0.167247, 0.984156, 0.058870, 0.000000,
                             0.001579,-0.059979, 0.998198, 0.000000,
                             0.000002, 7.512301, 0.000001, 1.000000;;
                          }
                        } // End of Armature_mixamorig_LeftHandThumb3
                      } // End of Armature_mixamorig_LeftHandThumb2
                    } // End of Armature_mixamorig_LeftHandThumb1
                  } // End of Armature_mixamorig_LeftHand
                } // End of Armature_mixamorig_LeftForeArm
              } // End of Armature_mixamorig_LeftArm
            } // End of Armature_mixamorig_LeftShoulder
            Frame Armature_mixamorig_Neck {
              FrameTransformMatrix {
                 0.986666, 0.001955,-0.162747, 0.000000,
                 0.162694,-0.039919, 0.985869, 0.000000,
                -0.004569,-0.999201,-0.039705, 0.000000,
                 0.000000,39.117611,11.976996, 1.000000;;
              }
              Frame Armature_mixamorig_Head {
                FrameTransformMatrix {
                   0.917659,-0.387116, 0.089683, 0.000000,
                   0.393331, 0.916990,-0.066482, 0.000000,
                  -0.056502, 0.096283, 0.993749, 0.000000,
                  -0.000000,15.664105,-14.552494, 1.000000;;
                }
                Frame Armature_mixamorig_HeadTop_End {
                  FrameTransformMatrix {
                     1.000000, 0.000000, 0.000000, 0.000000,
                    -0.000000, 1.000000, 0.000000, 0.000000,
                     0.000000,-0.000000, 1.000000, 0.000000,
                    -0.000002, 7.553706,-15.601688, 1.000000;;
                  }
                } // End of Armature_mixamorig_HeadTop_End
                Frame Armature_mixamorig_Jaw {
                  FrameTransformMatrix {
                     1.000000, 0.000000, 0.000000, 0.000000,
                     0.000000,-0.587430, 0.809275, 0.000000,
                    -0.000000,-0.809275,-0.587430, 0.000000,
                    -0.000004, 3.620704, 2.317796, 1.000000;;
                  }
                } // End of Armature_mixamorig_Jaw
                Frame Armature_mixamorig_LeftEye {
                  FrameTransformMatrix {
                     1.000000, 0.000000, 0.000000, 0.000000,
                    -0.000000, 1.000000, 0.000000, 0.000000,
                     0.000000,-0.000000, 1.000000, 0.000000,
                     3.528699,12.838206,-2.462083, 1.000000;;
                  }
                } // End of Armature_mixamorig_LeftEye
                Frame Armature_mixamorig_RightEye {
                  FrameTransformMatrix {
                     1.000000, 0.000000, 0.000000, 0.000000,
                    -0.000000, 1.000000, 0.000000, 0.000000,
                     0.000000,-0.000000, 1.000000, 0.000000,
                    -3.528704,12.838205,-2.462089, 1.000000;;
                  }
                } // End of Armature_mixamorig_RightEye
              } // End of Armature_mixamorig_Head
            } // End of Armature_mixamorig_Neck
            Frame Armature_mixamorig_RightShoulder {
              FrameTransformMatrix {
                 0.491395, 0.052550, 0.869350, 0.000000,
                -0.836437, 0.306633, 0.454256, 0.000000,
                -0.242700,-0.950376, 0.194633, 0.000000,
                -17.399502,24.614305, 1.157898, 1.000000;;
              }
              Frame Armature_mixamorig_RightArm {
                FrameTransformMatrix {
                   0.765132, 0.590415, 0.256874, 0.000000,
                  -0.416377, 0.149404, 0.896833, 0.000000,
                   0.491125,-0.793151, 0.360149, 0.000000,
                   0.000000,19.910402,-0.000007, 1.000000;;
                }
                Frame Armature_mixamorig_RightArmour1 {
                  FrameTransformMatrix {
                     0.000000,-1.000000,-0.000001, 0.000000,
                     1.000000, 0.000000,-0.000000, 0.000000,
                     0.000000,-0.000001, 1.000000, 0.000000,
                    -1.467301, 5.012930,-18.471127, 1.000000;;
                  }
                  Frame Armature_mixamorig_RightArmour2 {
                    FrameTransformMatrix {
                      -0.915899,-0.327535,-0.232054, 0.000000,
                      -0.183487,-0.172553, 0.967759, 0.000000,
                      -0.357017, 0.928949, 0.097943, 0.000000,
                       3.884892,-18.584896, 9.462721, 1.000000;;
                    }
                  } // End of Armature_mixamorig_RightArmour2
                  Frame Armature_mixamorig_RightArmour4 {
                    FrameTransformMatrix {
                       0.708033, 0.659733, 0.251874, 0.000000,
                      -0.431906, 0.122374, 0.893578, 0.000000,
                       0.558700,-0.741469, 0.371588, 0.000000,
                      -2.648906,22.195303,11.494614, 1.000000;;
                    }
                  } // End of Armature_mixamorig_RightArmour4
                } // End of Armature_mixamorig_RightArmour1
                Frame Armature_mixamorig_RightForeArm {
                  FrameTransformMatrix {
                     0.661911,-0.705053,-0.254509, 0.000000,
                     0.741068, 0.666549, 0.080815, 0.000000,
                     0.112664,-0.242100, 0.963688, 0.000000,
                     0.000001,49.301308, 0.000029, 1.000000;;
                  }
                  Frame Armature_mixamorig_RightHand {
                    FrameTransformMatrix {
                       0.812545,-0.582898,-0.000536, 0.000000,
                       0.578098, 0.805735, 0.128819, 0.000000,
                      -0.074657,-0.104981, 0.991668, 0.000000,
                       0.000007,31.604992,-0.000009, 1.000000;;
                    }
                    Frame Armature_mixamorig_RightHandIndex1 {
                      FrameTransformMatrix {
                         0.986440,-0.131813, 0.097783, 0.000000,
                         0.045762, 0.793065, 0.607415, 0.000000,
                        -0.157614,-0.594704, 0.788343, 0.000000,
                         6.192904,21.270998, 0.498989, 1.000000;;
                      }
                      Frame Armature_mixamorig_RightHandIndex2 {
                        FrameTransformMatrix {
                           0.997564,-0.067446, 0.017781, 0.000000,
                           0.007651, 0.359191, 0.933233, 0.000000,
                          -0.069330,-0.930824, 0.358832, 0.000000,
                          -0.000003, 7.535994,-0.000009, 1.000000;;
                        }
                        Frame Armature_mixamorig_RightHandIndex3 {
                          FrameTransformMatrix {
                             0.998534,-0.053497, 0.008280, 0.000000,
                             0.017619, 0.465791, 0.884719, 0.000000,
                            -0.051187,-0.883276, 0.466051, 0.000000,
                             0.000003, 7.512995,-0.000004, 1.000000;;
                          }
                        } // End of Armature_mixamorig_RightHandIndex3
                      } // End of Armature_mixamorig_RightHandIndex2
                    } // End of Armature_mixamorig_RightHandIndex1
                    Frame Armature_mixamorig_RightHandMiddle1 {
                      FrameTransformMatrix {
                         0.999460,-0.032771,-0.002439, 0.000000,
                         0.024890, 0.706459, 0.707316, 0.000000,
                        -0.021456,-0.706994, 0.706894, 0.000000,
                        -0.016505,23.333990, 0.008994, 1.000000;;
                      }
                      Frame Armature_mixamorig_RightHandMiddle2 {
                        FrameTransformMatrix {
                           0.998176,-0.056647,-0.020874, 0.000000,
                           0.040275, 0.367263, 0.929245, 0.000000,
                          -0.044972,-0.928391, 0.368874, 0.000000,
                           0.000008, 6.996991,-0.000002, 1.000000;;
                        }
                        Frame Armature_mixamorig_RightHandMiddle3 {
                          FrameTransformMatrix {
                             0.999346,-0.032175,-0.016531, 0.000000,
                             0.035114, 0.753099, 0.656969, 0.000000,
                            -0.008688,-0.657120, 0.753736, 0.000000,
                             0.000003, 7.016009, 0.000000, 1.000000;;
                          }
                        } // End of Armature_mixamorig_RightHandMiddle3
                      } // End of Armature_mixamorig_RightHandMiddle2
                    } // End of Armature_mixamorig_RightHandMiddle1
                    Frame Armature_mixamorig_RightHandPinky1 {
                      FrameTransformMatrix {
                         0.977558, 0.163083,-0.133360, 0.000000,
                        -0.010295, 0.669261, 0.742956, 0.000000,
                         0.210416,-0.724910, 0.655920, 0.000000,
                        -11.443203,18.880999, 0.461996, 1.000000;;
                      }
                      Frame Armature_mixamorig_RightHandPinky2 {
                        FrameTransformMatrix {
                           0.999578,-0.027475,-0.009418, 0.000000,
                           0.025954, 0.699403, 0.714256, 0.000000,
                          -0.013037,-0.714199, 0.699821, 0.000000,
                          -0.000006, 4.919996,-0.000005, 1.000000;;
                        }
                        Frame Armature_mixamorig_RightHandPinky3 {
                          FrameTransformMatrix {
                             0.999857,-0.014360,-0.008944, 0.000000,
                             0.016794, 0.906317, 0.422264, 0.000000,
                             0.002042,-0.422354, 0.906429, 0.000000,
                             0.000001, 5.233006, 0.000003, 1.000000;;
                          }
                        } // End of Armature_mixamorig_RightHandPinky3
                      } // End of Armature_mixamorig_RightHandPinky2
                    } // End of Armature_mixamorig_RightHandPinky1
                    Frame Armature_mixamorig_RightHandRing1 {
                      FrameTransformMatrix {
                         0.995446,-0.021176,-0.092946, 0.000000,
                         0.090298, 0.521986, 0.848161, 0.000000,
                         0.030556,-0.852691, 0.521522, 0.000000,
                        -6.516903,22.685997, 0.103993, 1.000000;;
                      }
                      Frame Armature_mixamorig_RightHandRing2 {
                        FrameTransformMatrix {
                           0.999471,-0.029696,-0.013265, 0.000000,
                           0.029728, 0.668701, 0.742937, 0.000000,
                          -0.013192,-0.742938, 0.669230, 0.000000,
                          -0.000001, 6.408998, 0.000006, 1.000000;;
                        }
                        Frame Armature_mixamorig_RightHandRing3 {
                          FrameTransformMatrix {
                             0.999357,-0.032764,-0.014568, 0.000000,
                             0.031153, 0.592178, 0.805205, 0.000000,
                            -0.017755,-0.805141, 0.592818, 0.000000,
                             0.000009, 6.149995,-0.000004, 1.000000;;
                          }
                        } // End of Armature_mixamorig_RightHandRing3
                      } // End of Armature_mixamorig_RightHandRing2
                    } // End of Armature_mixamorig_RightHandRing1
                    Frame Armature_mixamorig_RightHandThumb1 {
                      FrameTransformMatrix {
                         0.168339,-0.684815, 0.709007, 0.000000,
                         0.401680, 0.704501, 0.585091, 0.000000,
                        -0.900175, 0.186300, 0.393672, 0.000000,
                         7.059701, 6.093997, 4.396983, 1.000000;;
                      }
                      Frame Armature_mixamorig_RightHandThumb2 {
                        FrameTransformMatrix {
                           0.966628, 0.187960,-0.174070, 0.000000,
                          -0.168973, 0.978501, 0.118256, 0.000000,
                           0.192555,-0.084896, 0.977607, 0.000000,
                           0.000002, 7.536304,-0.000001, 1.000000;;
                        }
                        Frame Armature_mixamorig_RightHandThumb3 {
                          FrameTransformMatrix {
                             0.834138, 0.548764, 0.055426, 0.000000,
                            -0.546705, 0.809318, 0.214751, 0.000000,
                             0.072990,-0.209434, 0.975095, 0.000000,
                             0.000007, 7.512695,-0.000003, 1.000000;;
                          }
                        } // End of Armature_mixamorig_RightHandThumb3
                      } // End of Armature_mixamorig_RightHandThumb2
                    } // End of Armature_mixamorig_RightHandThumb1
                  } // End of Armature_mixamorig_RightHand
                } // End of Armature_mixamorig_RightForeArm
              } // End of Armature_mixamorig_RightArm
            } // End of Armature_mixamorig_RightShoulder
          } // End of Armature_mixamorig_Spine2
        } // End of Armature_mixamorig_Spine1
      } // End of Armature_mixamorig_Spine
    } // End of Armature_mixamorig_Hips
  } // End of Armature
} // End of Root
AnimationSet Global {
  Animation {
    {Armature}
    AnimationKey { // Rotation
      0;
      32;
      0;4;-0.707107, 0.707107, 0.000000, 0.000000;;,
      1;4;-0.707107, 0.707107, 0.000000, 0.000000;;,
      2;4;-0.707107, 0.707107, 0.000000, 0.000000;;,
      3;4;-0.707107, 0.707107, 0.000000, 0.000000;;,
      4;4;-0.707107, 0.707107, 0.000000, 0.000000;;,
      5;4;-0.707107, 0.707107, 0.000000, 0.000000;;,
      6;4;-0.707107, 0.707107, 0.000000, 0.000000;;,
      7;4;-0.707107, 0.707107, 0.000000, 0.000000;;,
      8;4;-0.707107, 0.707107, 0.000000, 0.000000;;,
      9;4;-0.707107, 0.707107, 0.000000, 0.000000;;,
      10;4;-0.707107, 0.707107, 0.000000, 0.000000;;,
      11;4;-0.707107, 0.707107, 0.000000, 0.000000;;,
      12;4;-0.707107, 0.707107, 0.000000, 0.000000;;,
      13;4;-0.707107, 0.707107, 0.000000, 0.000000;;,
      14;4;-0.707107, 0.707107, 0.000000, 0.000000;;,
      15;4;-0.707107, 0.707107, 0.000000, 0.000000;;,
      16;4;-0.707107, 0.707107, 0.000000, 0.000000;;,
      17;4;-0.707107, 0.707107, 0.000000, 0.000000;;,
      18;4;-0.707107, 0.707107, 0.000000, 0.000000;;,
      19;4;-0.707107, 0.707107, 0.000000, 0.000000;;,
      20;4;-0.707107, 0.707107, 0.000000, 0.000000;;,
      21;4;-0.707107, 0.707107, 0.000000, 0.000000;;,
      22;4;-0.707107, 0.707107, 0.000000, 0.000000;;,
      23;4;-0.707107, 0.707107, 0.000000, 0.000000;;,
      24;4;-0.707107, 0.707107, 0.000000, 0.000000;;,
      25;4;-0.707107, 0.707107, 0.000000, 0.000000;;,
      26;4;-0.707107, 0.707107, 0.000000, 0.000000;;,
      27;4;-0.707107, 0.707107, 0.000000, 0.000000;;,
      28;4;-0.707107, 0.707107, 0.000000, 0.000000;;,
      29;4;-0.707107, 0.707107, 0.000000, 0.000000;;,
      30;4;-0.707107, 0.707107, 0.000000, 0.000000;;,
      31;4;-0.707107, 0.707107, 0.000000, 0.000000;;;
    }
    AnimationKey { // Scale
      1;
      32;
      0;3; 0.100000, 0.100000, 0.100000;;,
      1;3; 0.100000, 0.100000, 0.100000;;,
      2;3; 0.100000, 0.100000, 0.100000;;,
      3;3; 0.100000, 0.100000, 0.100000;;,
      4;3; 0.100000, 0.100000, 0.100000;;,
      5;3; 0.100000, 0.100000, 0.100000;;,
      6;3; 0.100000, 0.100000, 0.100000;;,
      7;3; 0.100000, 0.100000, 0.100000;;,
      8;3; 0.100000, 0.100000, 0.100000;;,
      9;3; 0.100000, 0.100000, 0.100000;;,
      10;3; 0.100000, 0.100000, 0.100000;;,
      11;3; 0.100000, 0.100000, 0.100000;;,
      12;3; 0.100000, 0.100000, 0.100000;;,
      13;3; 0.100000, 0.100000, 0.100000;;,
      14;3; 0.100000, 0.100000, 0.100000;;,
      15;3; 0.100000, 0.100000, 0.100000;;,
      16;3; 0.100000, 0.100000, 0.100000;;,
      17;3; 0.100000, 0.100000, 0.100000;;,
      18;3; 0.100000, 0.100000, 0.100000;;,
      19;3; 0.100000, 0.100000, 0.100000;;,
      20;3; 0.100000, 0.100000, 0.100000;;,
      21;3; 0.100000, 0.100000, 0.100000;;,
      22;3; 0.100000, 0.100000, 0.100000;;,
      23;3; 0.100000, 0.100000, 0.100000;;,
      24;3; 0.100000, 0.100000, 0.100000;;,
      25;3; 0.100000, 0.100000, 0.100000;;,
      26;3; 0.100000, 0.100000, 0.100000;;,
      27;3; 0.100000, 0.100000, 0.100000;;,
      28;3; 0.100000, 0.100000, 0.100000;;,
      29;3; 0.100000, 0.100000, 0.100000;;,
      30;3; 0.100000, 0.100000, 0.100000;;,
      31;3; 0.100000, 0.100000, 0.100000;;;
    }
    AnimationKey { // Position
      2;
      32;
      0;3; 0.000000, 0.000000, 0.000000;;,
      1;3; 0.000000, 0.000000, 0.000000;;,
      2;3; 0.000000, 0.000000, 0.000000;;,
      3;3; 0.000000, 0.000000, 0.000000;;,
      4;3; 0.000000, 0.000000, 0.000000;;,
      5;3; 0.000000, 0.000000, 0.000000;;,
      6;3; 0.000000, 0.000000, 0.000000;;,
      7;3; 0.000000, 0.000000, 0.000000;;,
      8;3; 0.000000, 0.000000, 0.000000;;,
      9;3; 0.000000, 0.000000, 0.000000;;,
      10;3; 0.000000, 0.000000, 0.000000;;,
      11;3; 0.000000, 0.000000, 0.000000;;,
      12;3; 0.000000, 0.000000, 0.000000;;,
      13;3; 0.000000, 0.000000, 0.000000;;,
      14;3; 0.000000, 0.000000, 0.000000;;,
      15;3; 0.000000, 0.000000, 0.000000;;,
      16;3; 0.000000, 0.000000, 0.000000;;,
      17;3; 0.000000, 0.000000, 0.000000;;,
      18;3; 0.000000, 0.000000, 0.000000;;,
      19;3; 0.000000, 0.000000, 0.000000;;,
      20;3; 0.000000, 0.000000, 0.000000;;,
      21;3; 0.000000, 0.000000, 0.000000;;,
      22;3; 0.000000, 0.000000, 0.000000;;,
      23;3; 0.000000, 0.000000, 0.000000;;,
      24;3; 0.000000, 0.000000, 0.000000;;,
      25;3; 0.000000, 0.000000, 0.000000;;,
      26;3; 0.000000, 0.000000, 0.000000;;,
      27;3; 0.000000, 0.000000, 0.000000;;,
      28;3; 0.000000, 0.000000, 0.000000;;,
      29;3; 0.000000, 0.000000, 0.000000;;,
      30;3; 0.000000, 0.000000, 0.000000;;,
      31;3; 0.000000, 0.000000, 0.000000;;;
    }
  }
  Animation {
    {Armature_mixamorig_Hips}
    AnimationKey { // Rotation
      0;
      32;
      0;4;-0.902877, 0.049969,-0.424173, 0.048921;;,
      1;4;-0.884198, 0.098232,-0.449616, 0.079935;;,
      2;4;-0.881135, 0.134915,-0.437990, 0.116466;;,
      3;4;-0.882552, 0.159517,-0.417646, 0.145697;;,
      4;4;-0.883132, 0.170719,-0.407606, 0.157450;;,
      5;4;-0.881103, 0.179542,-0.409275, 0.154649;;,
      6;4;-0.884950, 0.163890,-0.407315, 0.155233;;,
      7;4;-0.895870, 0.126569,-0.396370, 0.155844;;,
      8;4;-0.900956, 0.103729,-0.390332, 0.158618;;,
      9;4;-0.900522, 0.094118,-0.394985, 0.155531;;,
      10;4;-0.903272, 0.082268,-0.392728, 0.151974;;,
      11;4;-0.907269, 0.069591,-0.387312, 0.148358;;,
      12;4;-0.910719, 0.056572,-0.385450, 0.137182;;,
      13;4;-0.916151, 0.041954,-0.379681, 0.121451;;,
      14;4;-0.921769, 0.027471,-0.371631, 0.107135;;,
      15;4;-0.926908, 0.014861,-0.362913, 0.094414;;,
      16;4;-0.932435, 0.000312,-0.352434, 0.079719;;,
      17;4;-0.938483,-0.010034,-0.338481, 0.067676;;,
      18;4;-0.944208,-0.016104,-0.323866, 0.057652;;,
      19;4;-0.947133,-0.016863,-0.316672, 0.048727;;,
      20;4;-0.946788,-0.015157,-0.318894, 0.040850;;,
      21;4;-0.944551,-0.012308,-0.326530, 0.032402;;,
      22;4;-0.940757,-0.009303,-0.338055, 0.024682;;,
      23;4;-0.935228,-0.004003,-0.353487, 0.019482;;,
      24;4;-0.928175, 0.003131,-0.371685, 0.018205;;,
      25;4;-0.920162, 0.009906,-0.390962, 0.018782;;,
      26;4;-0.912127, 0.017256,-0.409010, 0.020895;;,
      27;4;-0.905922, 0.025192,-0.421895, 0.025989;;,
      28;4;-0.902108, 0.033817,-0.428989, 0.032028;;,
      29;4;-0.900858, 0.041160,-0.430499, 0.037831;;,
      30;4;-0.901527, 0.046646,-0.427945, 0.043997;;,
      31;4;-0.902877, 0.049969,-0.424173, 0.048921;;;
    }
    AnimationKey { // Scale
      1;
      32;
      0;3; 1.000000, 1.000000, 1.000000;;,
      1;3; 1.000000, 1.000000, 1.000000;;,
      2;3; 1.000000, 1.000000, 1.000000;;,
      3;3; 1.000000, 1.000000, 1.000000;;,
      4;3; 1.000000, 1.000000, 1.000000;;,
      5;3; 1.000000, 1.000000, 1.000000;;,
      6;3; 1.000000, 1.000000, 1.000000;;,
      7;3; 1.000000, 1.000000, 1.000000;;,
      8;3; 1.000000, 1.000000, 1.000000;;,
      9;3; 1.000000, 1.000000, 1.000000;;,
      10;3; 1.000000, 1.000000, 1.000000;;,
      11;3; 1.000000, 1.000000, 1.000000;;,
      12;3; 1.000000, 1.000000, 1.000000;;,
      13;3; 1.000000, 1.000000, 1.000000;;,
      14;3; 1.000000, 1.000000, 1.000000;;,
      15;3; 1.000000, 1.000000, 1.000000;;,
      16;3; 1.000000, 1.000000, 1.000000;;,
      17;3; 1.000000, 1.000000, 1.000000;;,
      18;3; 1.000000, 1.000000, 1.000000;;,
      19;3; 1.000000, 1.000000, 1.000000;;,
      20;3; 1.000000, 1.000000, 1.000000;;,
      21;3; 1.000000, 1.000000, 1.000000;;,
      22;3; 1.000000, 1.000000, 1.000000;;,
      23;3; 1.000000, 1.000000, 1.000000;;,
      24;3; 1.000000, 1.000000, 1.000000;;,
      25;3; 1.000000, 1.000000, 1.000000;;,
      26;3; 1.000000, 1.000000, 1.000000;;,
      27;3; 1.000000, 1.000000, 1.000000;;,
      28;3; 1.000000, 1.000000, 1.000000;;,
      29;3; 1.000000, 1.000000, 1.000000;;,
      30;3; 1.000000, 1.000000, 1.000000;;,
      31;3; 1.000000, 1.000000, 1.000000;;;
    }
    AnimationKey { // Position
      2;
      32;
      0;3;-3.353273,71.211098, 1.952546;;,
      1;3;-3.894582,70.416664, 2.723971;;,
      2;3;-4.886230,69.671715, 4.066244;;,
      3;3;-6.321011,69.432373, 5.406566;;,
      4;3;-8.825014,69.232025, 6.483716;;,
      5;3;-11.104261,69.077477, 7.067790;;,
      6;3;-12.337574,68.538490, 6.672366;;,
      7;3;-13.145814,68.293701, 6.109851;;,
      8;3;-13.731909,68.077675, 5.626283;;,
      9;3;-13.942677,67.981308, 5.195706;;,
      10;3;-13.983743,68.193863, 4.939321;;,
      11;3;-13.867598,68.563423, 4.783789;;,
      12;3;-13.443800,69.153549, 4.671030;;,
      13;3;-12.823101,69.828796, 4.585875;;,
      14;3;-12.070135,70.423286, 4.521291;;,
      15;3;-11.228162,70.936424, 4.556459;;,
      16;3;-10.435266,71.547905, 4.554475;;,
      17;3;-9.671480,72.049271, 4.749535;;,
      18;3;-8.857497,72.432610, 4.973924;;,
      19;3;-8.087217,72.739822, 5.218129;;,
      20;3;-7.423752,73.025017, 5.451735;;,
      21;3;-6.790251,73.153793, 5.619810;;,
      22;3;-6.176338,73.132484, 5.697847;;,
      23;3;-5.647956,73.006180, 5.705960;;,
      24;3;-5.187762,72.710960, 5.551616;;,
      25;3;-4.781564,72.401672, 5.269811;;,
      26;3;-4.434158,72.097298, 4.867180;;,
      27;3;-4.121981,71.807434, 4.359117;;,
      28;3;-3.856825,71.587357, 3.783293;;,
      29;3;-3.629053,71.421898, 3.207692;;,
      30;3;-3.448629,71.278030, 2.578692;;,
      31;3;-3.353294,71.211082, 1.952601;;;
    }
  }
  Animation {
    {Armature_mixamorig_Spine}
    AnimationKey { // Rotation
      0;
      32;
      0;4;-0.993185, 0.111973, 0.026373,-0.018723;;,
      1;4;-0.999014, 0.033577, 0.028020,-0.007593;;,
      2;4;-0.999761,-0.013618, 0.016679, 0.003701;;,
      3;4;-0.999665, 0.020565,-0.007246, 0.013954;;,
      4;4;-0.994850, 0.092449,-0.035381, 0.021780;;,
      5;4;-0.988381, 0.139145,-0.055733, 0.025220;;,
      6;4;-0.985622, 0.155194,-0.063281, 0.021458;;,
      7;4;-0.983032, 0.170088,-0.065819, 0.019658;;,
      8;4;-0.981741, 0.176847,-0.068154, 0.016258;;,
      9;4;-0.981393, 0.179204,-0.067258, 0.015142;;,
      10;4;-0.980848, 0.182562,-0.065122, 0.019195;;,
      11;4;-0.980715, 0.183742,-0.062934, 0.021842;;,
      12;4;-0.981059, 0.182805,-0.060821, 0.020173;;,
      13;4;-0.981645, 0.180304,-0.059338, 0.018485;;,
      14;4;-0.982441, 0.176768,-0.057325, 0.016623;;,
      15;4;-0.983510, 0.172007,-0.053575, 0.015877;;,
      16;4;-0.984246, 0.168841,-0.050270, 0.015047;;,
      17;4;-0.985019, 0.165205,-0.046606, 0.016510;;,
      18;4;-0.986019, 0.160324,-0.041894, 0.017534;;,
      19;4;-0.987065, 0.155166,-0.036213, 0.017723;;,
      20;4;-0.988025, 0.150431,-0.030582, 0.015524;;,
      21;4;-0.988951, 0.145764,-0.024111, 0.012160;;,
      22;4;-0.989733, 0.141545,-0.017967, 0.008364;;,
      23;4;-0.990520, 0.136833,-0.011190, 0.004666;;,
      24;4;-0.991296, 0.131590,-0.004157, 0.000420;;,
      25;4;-0.991860, 0.127238, 0.003034,-0.003907;;,
      26;4;-0.992284, 0.123336, 0.009984,-0.007811;;,
      27;4;-0.992637, 0.119578, 0.015613,-0.011393;;,
      28;4;-0.992923, 0.116192, 0.020066,-0.014150;;,
      29;4;-0.993085, 0.113819, 0.023694,-0.016299;;,
      30;4;-0.993151, 0.112515, 0.025888,-0.017937;;,
      31;4;-0.993185, 0.111973, 0.026373,-0.018723;;;
    }
    AnimationKey { // Scale
      1;
      32;
      0;3; 1.000000, 1.000000, 1.000000;;,
      1;3; 1.000000, 1.000000, 1.000000;;,
      2;3; 1.000000, 1.000000, 1.000000;;,
