xof 0303txt 0032

template XSkinMeshHeader {
  <3cf169ce-ff7c-44ab-93c0-f78f62d172e2>
  WORD nMaxSkinWeightsPerVertex;
  WORD nMaxSkinWeightsPerFace;
  WORD nBones;
}

template SkinWeights {
  <6f0d123b-bad2-4167-a0d0-80224f25fabb>
  STRING transformNodeName;
  DWORD nWeights;
  array DWORD vertexIndices[nWeights];
  array float weights[nWeights];
  Matrix4x4 matrixOffset;
}

Frame Root {
  FrameTransformMatrix {
     1.000000, 0.000000, 0.000000, 0.000000,
     0.000000,-0.000000,-1.000000, 0.000000,
     0.000000, 1.000000,-0.000000, 0.000000,
     0.000000, 0.000000, 0.000000, 1.000000;;
  }
  Frame Armature {
    FrameTransformMatrix {
       0.070140,-0.109454,-0.000399, 0.000000,
       0.007587, 0.004389, 0.129704, 0.000000,
      -0.109192,-0.070004, 0.008756, 0.000000,
      -0.522986,-0.290705,-1.221771, 1.000000;;
    }
    Frame Armature_Hips {
      FrameTransformMatrix {
         1.000000, 0.000000, 0.000000, 0.000000,
         0.000000, 0.000000,-1.000000, 0.000000,
         0.000000, 1.000000, 0.000000, 0.000000,
         0.000000,71.285698, 0.000000, 1.000000;;
      }
      Frame Armature_LeftUpperLeg {
        FrameTransformMatrix {
          -0.830007,-0.449614,-0.330052, 0.000000,
           0.522306,-0.418973,-0.742737, 0.000000,
           0.195662,-0.788866, 0.582587, 0.000000,
           6.630000, 0.000000,-10.307499, 1.000000;;
        }
        Frame Armature_LeftLowerLeg {
          FrameTransformMatrix {
            -0.995439,-0.062691,-0.071914, 0.000000,
             0.026324, 0.544037,-0.838649, 0.000000,
             0.091699,-0.836716,-0.539905, 0.000000,
             0.000000,26.797104, 0.046001, 1.000000;;
          }
          Frame Armature_LeftFoot {
            FrameTransformMatrix {
               0.954989, 0.294833,-0.032706, 0.000000,
              -0.145480, 0.369409,-0.917809, 0.000000,
              -0.258519, 0.881255, 0.395674, 0.000000,
               0.000000,27.300398, 0.000001, 1.000000;;
            }
            Frame Armature_LeftToeBase {
              FrameTransformMatrix {
                 1.000000, 0.000000,-0.000000, 0.000000,
                -0.000000, 0.840135,-0.542377, 0.000000,
                -0.000000, 0.542377, 0.840135, 0.000000,
                 0.000001, 9.364000, 0.000001, 1.000000;;
              }
            } // End of Armature_LeftToeBase
          } // End of Armature_LeftFoot
        } // End of Armature_LeftLowerLeg
      } // End of Armature_LeftUpperLeg
      Frame Armature_RightUpperLeg {
        FrameTransformMatrix {
          -0.936180, 0.261239, 0.235202, 0.000000,
          -0.331769,-0.435529,-0.836806, 0.000000,
          -0.116169,-0.861434, 0.494405, 0.000000,
          -6.630000, 0.000000,-10.307499, 1.000000;;
        }
        Frame Armature_RightLowerLeg {
          FrameTransformMatrix {
            -0.985610,-0.122827,-0.116128, 0.000000,
             0.049707, 0.446034,-0.893635, 0.000000,
             0.161559,-0.886548,-0.433510, 0.000000,
            -0.000002,26.797096, 0.045999, 1.000000;;
          }
          Frame Armature_RightFoot {
            FrameTransformMatrix {
               0.983192,-0.163135, 0.081978, 0.000000,
               0.096935, 0.085927,-0.991575, 0.000000,
               0.154717, 0.982855, 0.100296, 0.000000,
              -0.000002,27.300400,-0.000001, 1.000000;;
            }
            Frame Armature_RightToeBase {
              FrameTransformMatrix {
                 1.000000, 0.000000,-0.000000, 0.000000,
                -0.000001, 0.833146,-0.553053, 0.000000,
                -0.000000, 0.553053, 0.833146, 0.000000,
                -0.000000, 9.364001,-0.000001, 1.000000;;
              }
            } // End of Armature_RightToeBase
          } // End of Armature_RightFoot
        } // End of Armature_RightLowerLeg
      } // End of Armature_RightUpperLeg
      Frame Armature_Spine {
        FrameTransformMatrix {
           0.998896,-0.026621,-0.038716, 0.000000,
           0.033638,-0.170106, 0.984851, 0.000000,
          -0.032803,-0.985066,-0.169022, 0.000000,
           0.000000, 0.000000, 0.979401, 1.000000;;
        }
        Frame Armature_Chest {
          FrameTransformMatrix {
             0.995693,-0.080102, 0.046674, 0.000000,
             0.059868, 0.939960, 0.335993, 0.000000,
            -0.070786,-0.331751, 0.940707, 0.000000,
            -0.000000, 6.851413, 0.000002, 1.000000;;
          }
          Frame Armature_LeftShoulder {
            FrameTransformMatrix {
              -0.053590,-0.965770,-0.253804, 0.000000,
               0.997693,-0.062393, 0.026758, 0.000000,
              -0.041678,-0.251784, 0.966885, 0.000000,
               2.389499,13.985291,-2.140203, 1.000000;;
            }
            Frame Armature_LeftUpperArm {
              FrameTransformMatrix {
                 0.454782,-0.671656, 0.584852, 0.000000,
                 0.379486, 0.740237, 0.555014, 0.000000,
                -0.805707,-0.030467, 0.591530, 0.000000,
                 0.740696, 4.470299, 0.269603, 1.000000;;
              }
              Frame Armature_LeftLowerArm {
                FrameTransformMatrix {
                   0.988159, 0.050180,-0.144997, 0.000000,
                   0.049410, 0.790600, 0.610336, 0.000000,
                   0.145261,-0.610273, 0.778759, 0.000000,
                  -0.000001,19.379503, 0.000000, 1.000000;;
                }
                Frame Armature_LeftHand {
                  FrameTransformMatrix {
                     0.894708, 0.206867,-0.395857, 0.000000,
                    -0.174605, 0.977745, 0.116313, 0.000000,
                     0.411109,-0.034947, 0.910916, 0.000000,
                     0.000005,17.771400,-0.000006, 1.000000;;
                  }
                  Frame Armature_LeftIndexProximal {
                    FrameTransformMatrix {
                       0.033728,-0.995055, 0.093426, 0.000000,
                       0.991741, 0.021748,-0.126397, 0.000000,
                       0.123740, 0.096918, 0.987570, 0.000000,
                       0.287196, 6.742307, 1.062797, 1.000000;;
                    }
                    Frame Armature_LeftIndexIntermediate {
                      FrameTransformMatrix {
                        -0.477572,-0.869666, 0.124925, 0.000000,
                         0.870234,-0.487789,-0.068951, 0.000000,
                         0.120901, 0.075785, 0.989767, 0.000000,
                         0.000006, 2.055902, 0.000002, 1.000000;;
                      }
                      Frame Armature_LeftIndexDistal {
                        FrameTransformMatrix {
                          -0.299462,-0.945651, 0.126757, 0.000000,
                           0.946853,-0.310902,-0.082511, 0.000000,
                           0.117436, 0.095311, 0.988496, 0.000000,
                          -0.000007, 1.448397,-0.000002, 1.000000;;
                        }
                      } // End of Armature_LeftIndexDistal
                    } // End of Armature_LeftIndexIntermediate
                  } // End of Armature_LeftIndexProximal
                  Frame Armature_LeftLittleProximal {
                    FrameTransformMatrix {
                      -0.115076,-0.989420, 0.088350, 0.000000,
                       0.993335,-0.115197, 0.003743, 0.000000,
                       0.006474, 0.088192, 0.996082, 0.000000,
                       0.320098, 6.152406,-2.483904, 1.000000;;
                    }
                    Frame Armature_LeftLittleIntermediate {
                      FrameTransformMatrix {
                        -0.162173,-0.986161, 0.034446, 0.000000,
                         0.979962,-0.165048,-0.111509, 0.000000,
                         0.115651, 0.015672, 0.993166, 0.000000,
                         0.000001, 1.733999,-0.000001, 1.000000;;
                      }
                      Frame Armature_LeftLittleDistal {
                        FrameTransformMatrix {
                          -0.552876,-0.819986, 0.148159, 0.000000,
                           0.820821,-0.566554,-0.072587, 0.000000,
                           0.143461, 0.081480, 0.986296, 0.000000,
                           0.000008, 1.156096, 0.000001, 1.000000;;
                        }
                      } // End of Armature_LeftLittleDistal
                    } // End of Armature_LeftLittleIntermediate
                  } // End of Armature_LeftLittleProximal
                  Frame Armature_LeftMiddleProximal {
                    FrameTransformMatrix {
                       0.013333,-0.994298, 0.105806, 0.000000,
                       0.994987, 0.002705,-0.099966, 0.000000,
                       0.099109, 0.106608, 0.989349, 0.000000,
                       0.298097, 6.922706,-0.118502, 1.000000;;
                    }
                    Frame Armature_LeftMiddleIntermediate {
                      FrameTransformMatrix {
                        -0.350369,-0.924945, 0.147370, 0.000000,
                         0.926771,-0.365118,-0.088229, 0.000000,
                         0.135414, 0.105666, 0.985138, 0.000000,
                         0.000000, 2.359195,-0.000002, 1.000000;;
                      }
                      Frame Armature_LeftMiddleDistal {
                        FrameTransformMatrix {
                          -0.319633,-0.935543, 0.150317, 0.000000,
                           0.935496,-0.336788,-0.106871, 0.000000,
                           0.150607, 0.106461, 0.982845, 0.000000,
                           0.000003, 1.412499, 0.000001, 1.000000;;
                        }
                      } // End of Armature_LeftMiddleDistal
                    } // End of Armature_LeftMiddleIntermediate
                  } // End of Armature_LeftMiddleProximal
                  Frame Armature_LeftRingProximal {
                    FrameTransformMatrix {
                      -0.036260,-0.992754, 0.114566, 0.000000,
                       0.998400,-0.040964,-0.038975, 0.000000,
                       0.043386, 0.112970, 0.992651, 0.000000,
                       0.309394, 6.512304,-1.327303, 1.000000;;
                    }
                    Frame Armature_LeftRingIntermediate {
                      FrameTransformMatrix {
                        -0.291321,-0.945478, 0.145616, 0.000000,
                         0.945570,-0.307674,-0.105994, 0.000000,
                         0.145017, 0.106811, 0.983647, 0.000000,
                        -0.000001, 2.251704,-0.000001, 1.000000;;
                      }
                      Frame Armature_LeftRingDistal {
                        FrameTransformMatrix {
                          -0.230879,-0.966287, 0.113948, 0.000000,
                           0.963860,-0.243140,-0.108888, 0.000000,
                           0.132922, 0.084690, 0.987501, 0.000000,
                          -0.000006, 1.399197, 0.000001, 1.000000;;
                        }
                      } // End of Armature_LeftRingDistal
                    } // End of Armature_LeftRingIntermediate
                  } // End of Armature_LeftRingProximal
                  Frame Armature_LeftThumbProximal {
                    FrameTransformMatrix {
                       0.590527,-0.065141,-0.804385, 0.000000,
                       0.471753, 0.836564, 0.278584, 0.000000,
                       0.654772,-0.543983, 0.524744, 0.000000,
                       0.681096, 2.782201, 1.884497, 1.000000;;
                    }
                    Frame Armature_LeftThumbIntermediate {
                      FrameTransformMatrix {
                         0.794045,-0.407890, 0.450686, 0.000000,
                         0.506071, 0.854322,-0.118429, 0.000000,
                        -0.336725, 0.322117, 0.884792, 0.000000,
                         0.000005, 2.014398,-0.000002, 1.000000;;
                      }
                      Frame Armature_LeftThumbDistal {
                        FrameTransformMatrix {
                           0.716291,-0.441240, 0.540587, 0.000000,
                           0.697036, 0.416151,-0.583918, 0.000000,
                           0.032682, 0.795064, 0.605645, 0.000000,
                          -0.000000, 1.328898,-0.000004, 1.000000;;
                        }
                      } // End of Armature_LeftThumbDistal
                    } // End of Armature_LeftThumbIntermediate
                  } // End of Armature_LeftThumbProximal
                } // End of Armature_LeftHand
              } // End of Armature_LeftLowerArm
            } // End of Armature_LeftUpperArm
          } // End of Armature_LeftShoulder
          Frame Armature_Neck {
            FrameTransformMatrix {
               0.998872, 0.000426,-0.047474, 0.000000,
              -0.004607, 0.996109,-0.088006, 0.000000,
               0.047251, 0.088125, 0.994988, 0.000000,
              -0.000001,15.754093,-2.059702, 1.000000;;
            }
            Frame Armature_Head {
              FrameTransformMatrix {
                 0.998872, 0.005430,-0.047164, 0.000000,
                -0.004607, 0.999835, 0.017545, 0.000000,
                 0.047252,-0.017308, 0.998733, 0.000000,
                 0.000000, 5.113906,-0.000005, 1.000000;;
              }
              Frame Armature_Ahoge {
                FrameTransformMatrix {
                   0.749945, 0.377286,-0.543358, 0.000000,
                   0.090342, 0.755291, 0.649134, 0.000000,
                   0.655303,-0.535902, 0.532341, 0.000000,
                  -0.008301,19.574003, 1.486600, 1.000000;;
                }
                Frame Armature_Ahoge_001 {
                  FrameTransformMatrix {
                     0.954397,-0.298528,-0.002641, 0.000000,
                     0.298472, 0.954332,-0.012807, 0.000000,
                     0.006343, 0.011435, 0.999914, 0.000000,
                     0.000002, 1.847703, 0.000008, 1.000000;;
                  }
                  Frame Armature_Ahoge_002 {
                    FrameTransformMatrix {
                      -0.614338,-0.741324,-0.270234, 0.000000,
                       0.748738,-0.655762, 0.096783, 0.000000,
                      -0.248957,-0.142877, 0.957918, 0.000000,
                       1.029807, 1.470694,-0.000002, 1.000000;;
                    }
                    Frame Armature_Ahoge_003 {
                      FrameTransformMatrix {
                         0.685519,-0.492443, 0.536250, 0.000000,
                         0.379585, 0.870267, 0.313927, 0.000000,
                        -0.621271,-0.011651, 0.783509, 0.000000,
                        -1.211602, 1.278899,-0.375099, 1.000000;;
                      }
                    } // End of Armature_Ahoge_003
                  } // End of Armature_Ahoge_002
                } // End of Armature_Ahoge_001
              } // End of Armature_Ahoge
              Frame Armature_Cheek_Root_L {
                FrameTransformMatrix {
                   0.663790,-0.441226,-0.603906, 0.000000,
                   0.502461,-0.335017, 0.797055, 0.000000,
                  -0.554000,-0.832516,-0.000682, 0.000000,
                   4.139100, 0.634110, 4.734904, 1.000000;;
                }
                Frame Armature_Cheek_L {
                  FrameTransformMatrix {
                     0.847018,-0.068013,-0.527196, 0.000000,
                     0.070457, 0.997395,-0.015473, 0.000000,
                     0.526875,-0.024039, 0.849603, 0.000000,
                    -0.000000, 1.316197, 0.000001, 1.000000;;
                  }
                } // End of Armature_Cheek_L
              } // End of Armature_Cheek_Root_L
              Frame Armature_Cheek_Root_R {
                FrameTransformMatrix {
                   0.663790, 0.441226, 0.603906, 0.000000,
                  -0.502461,-0.335017, 0.797055, 0.000000,
                   0.554000,-0.832516,-0.000682, 0.000000,
                  -4.139100, 0.634103, 4.734902, 1.000000;;
                }
                Frame Armature_Cheek_R {
                  FrameTransformMatrix {
                     0.847018, 0.068013, 0.527196, 0.000000,
                    -0.070457, 0.997395,-0.015473, 0.000000,
                    -0.526875,-0.024039, 0.849603, 0.000000,
                    -0.000000, 1.316203, 0.000005, 1.000000;;
                  }
                } // End of Armature_Cheek_R
              } // End of Armature_Cheek_Root_R
              Frame Armature_Ear_L {
                FrameTransformMatrix {
                   0.732097,-0.644693,-0.220010, 0.000000,
                   0.664302, 0.604185, 0.440072, 0.000000,
                  -0.150785,-0.468328, 0.870593, 0.000000,
                   7.105499,15.672804,-1.331498, 1.000000;;
                }
                Frame Armature_Ear_L_001 {
                  FrameTransformMatrix {
                     0.985751, 0.153546,-0.068698, 0.000000,
                    -0.145327, 0.983038, 0.111879, 0.000000,
                     0.084711,-0.100301, 0.991344, 0.000000,
                    -0.000001, 4.223297,-0.000004, 1.000000;;
                  }
                } // End of Armature_Ear_L_001
              } // End of Armature_Ear_L
              Frame Armature_Ear_R {
                FrameTransformMatrix {
                   0.732097, 0.644693, 0.220010, 0.000000,
                  -0.664302, 0.604185, 0.440072, 0.000000,
                   0.150785,-0.468328, 0.870593, 0.000000,
                  -7.105500,15.672801,-1.331500, 1.000000;;
                }
                Frame Armature_Ear_R_001 {
                  FrameTransformMatrix {
                     0.985751,-0.153546, 0.068698, 0.000000,
                     0.145327, 0.983038, 0.111879, 0.000000,
                    -0.084711,-0.100301, 0.991344, 0.000000,
                    -0.000001, 4.223294, 0.000003, 1.000000;;
                  }
                } // End of Armature_Ear_R_001
              } // End of Armature_Ear_R
              Frame Armature_Hair_back_root {
                FrameTransformMatrix {
                   1.000000, 0.000000,-0.000000, 0.000000,
                   0.000000, 0.163758,-0.986501, 0.000000,
                   0.000000, 0.986500, 0.163758, 0.000000,
                   0.000000, 6.663902, 1.106203, 1.000000;;
                }
                Frame Armature_Hair_back {
                  FrameTransformMatrix {
                     1.000000, 0.000000,-0.000000, 0.000000,
                    -0.000000,-0.426932,-0.904284, 0.000000,
                     0.000000, 0.904284,-0.426932, 0.000000,
                    -0.000001, 9.775096,-2.228086, 1.000000;;
                  }
                } // End of Armature_Hair_back
                Frame Armature_Hair_back_L {
                  FrameTransformMatrix {
                     0.208712,-0.943489, 0.257426, 0.000000,
                    -0.345891,-0.317424,-0.882951, 0.000000,
                     0.914767, 0.095241,-0.392594, 0.000000,
                     8.995899, 4.126595,-2.525998, 1.000000;;
                  }
                } // End of Armature_Hair_back_L
                Frame Armature_Hair_back_R {
                  FrameTransformMatrix {
                     0.208712, 0.943489,-0.257426, 0.000000,
                     0.345891,-0.317424,-0.882951, 0.000000,
                    -0.914767, 0.095241,-0.392594, 0.000000,
                    -8.995899, 4.126590,-2.525997, 1.000000;;
                  }
                } // End of Armature_Hair_back_R
              } // End of Armature_Hair_back_root
              Frame Armature_Hair_front {
                FrameTransformMatrix {
                   0.999945, 0.001105,-0.010419, 0.000000,
                  -0.000000,-0.994422,-0.105474, 0.000000,
                  -0.010478, 0.105468,-0.994363, 0.000000,
                  -0.000000,11.575106,10.900702, 1.000000;;
                }
                Frame Armature_Hair_front_001 {
                  FrameTransformMatrix {
                     1.000000, 0.000000,-0.000005, 0.000000,
                    -0.000000, 1.000000, 0.000000, 0.000000,
                     0.000005,-0.000000, 1.000000, 0.000000,
                     0.000000, 4.711392, 0.000011, 1.000000;;
                  }
                } // End of Armature_Hair_front_001
              } // End of Armature_Hair_front
              Frame Armature_Hair_side_L {
                FrameTransformMatrix {
                  -0.930719, 0.339895, 0.135027, 0.000000,
                  -0.352241,-0.932412,-0.080837, 0.000000,
                   0.098425,-0.122798, 0.987539, 0.000000,
                   9.987198, 6.098608, 3.489701, 1.000000;;
                }
                Frame Armature_Hair_side_L_001 {
                  FrameTransformMatrix {
                     0.843475,-0.332255,-0.422085, 0.000000,
                     0.286626, 0.942934,-0.169474, 0.000000,
                     0.454307, 0.021966, 0.890574, 0.000000,
                    -0.000001, 5.850512, 0.000002, 1.000000;;
                  }
                } // End of Armature_Hair_side_L_001
              } // End of Armature_Hair_side_L
              Frame Armature_Hair_side_R {
                FrameTransformMatrix {
                  -0.930719,-0.339895,-0.135027, 0.000000,
                   0.352241,-0.932412,-0.080837, 0.000000,
                  -0.098425,-0.122798, 0.987539, 0.000000,
                  -9.987201, 6.098608, 3.489700, 1.000000;;
                }
                Frame Armature_Hair_side_R_001 {
                  FrameTransformMatrix {
                     0.843475, 0.332255, 0.422085, 0.000000,
                    -0.286626, 0.942934,-0.169474, 0.000000,
                    -0.454307, 0.021966, 0.890574, 0.000000,
                    -0.000002, 5.850501, 0.000010, 1.000000;;
                  }
                } // End of Armature_Hair_side_R_001
              } // End of Armature_Hair_side_R
              Frame Armature_LeftEye {
                FrameTransformMatrix {
                   1.000000, 0.000000,-0.000000, 0.000000,
                   0.000000, 0.994422, 0.105472, 0.000000,
                  -0.000000,-0.105472, 0.994422, 0.000000,
                   3.744000, 4.494805, 5.443500, 1.000000;;
                }
              } // End of Armature_LeftEye
              Frame Armature_RightEye {
                FrameTransformMatrix {
                   1.000000, 0.000000,-0.000000, 0.000000,
                   0.000000, 0.994422, 0.105472, 0.000000,
                  -0.000000,-0.105472, 0.994422, 0.000000,
                  -3.744000, 4.494802, 5.443502, 1.000000;;
                }
              } // End of Armature_RightEye
            } // End of Armature_Head
          } // End of Armature_Neck
          Frame Armature_RightShoulder {
            FrameTransformMatrix {
               0.005136, 0.967731, 0.251933, 0.000000,
              -0.999619,-0.001865, 0.027545, 0.000000,
               0.027126,-0.251979, 0.967353, 0.000000,
              -2.389501,13.985297,-2.140202, 1.000000;;
            }
            Frame Armature_RightUpperArm {
              FrameTransformMatrix {
                 0.445935, 0.758479,-0.475239, 0.000000,
                -0.751443, 0.605717, 0.261613, 0.000000,
                 0.486288, 0.240453, 0.840063, 0.000000,
                -0.740706, 4.470299, 0.269603, 1.000000;;
              }
              Frame Armature_RightLowerArm {
                FrameTransformMatrix {
                   0.957293,-0.192728, 0.215513, 0.000000,
                  -0.191495, 0.135800, 0.972054, 0.000000,
                  -0.216608,-0.971810, 0.093094, 0.000000,
                  -0.000001,19.379499, 0.000000, 1.000000;;
                }
                Frame Armature_RightHand {
                  FrameTransformMatrix {
                     0.933109,-0.310908, 0.180677, 0.000000,
                     0.300971, 0.950209, 0.080749, 0.000000,
                    -0.196787,-0.020969, 0.980222, 0.000000,
                    -0.000006,17.771402,-0.000002, 1.000000;;
                  }
                  Frame Armature_RightIndexProximal {
                    FrameTransformMatrix {
                       0.037126, 0.994263,-0.100313, 0.000000,
                      -0.987432, 0.021068,-0.156633, 0.000000,
                      -0.153621, 0.104867, 0.982549, 0.000000,
                      -0.287206, 6.742302, 1.062798, 1.000000;;
                    }
                    Frame Armature_RightIndexIntermediate {
                      FrameTransformMatrix {
                        -0.477283, 0.869577,-0.126641, 0.000000,
                        -0.870153,-0.487789,-0.069970, 0.000000,
                        -0.122618, 0.076802, 0.989478, 0.000000,
                         0.000004, 2.055890, 0.000000, 1.000000;;
                      }
                      Frame Armature_RightIndexDistal {
                        FrameTransformMatrix {
                          -0.299175, 0.945539,-0.128263, 0.000000,
                          -0.946756,-0.310903,-0.083619, 0.000000,
                          -0.118942, 0.096418, 0.988209, 0.000000,
                          -0.000004, 1.448403,-0.000001, 1.000000;;
                        }
                      } // End of Armature_RightIndexDistal
                    } // End of Armature_RightIndexIntermediate
                  } // End of Armature_RightIndexProximal
                  Frame Armature_RightLittleProximal {
                    FrameTransformMatrix {
                      -0.122555, 0.988437,-0.089287, 0.000000,
                      -0.990481,-0.116134, 0.073891, 0.000000,
                       0.062668, 0.097493, 0.993261, 0.000000,
                      -0.320102, 6.152404,-2.483901, 1.000000;;
                    }
                    Frame Armature_RightLittleIntermediate {
                      FrameTransformMatrix {
                        -0.154453, 0.982339,-0.105617, 0.000000,
                        -0.981096,-0.165111,-0.100945, 0.000000,
                        -0.116601, 0.088029, 0.989270, 0.000000,
                        -0.000001, 1.734003, 0.000000, 1.000000;;
                      }
                      Frame Armature_RightLittleDistal {
                        FrameTransformMatrix {
                          -0.552533, 0.819890,-0.149959, 0.000000,
                          -0.820736,-0.566555,-0.073547, 0.000000,
                          -0.145261, 0.082440, 0.985953, 0.000000,
                          -0.000007, 1.156099, 0.000002, 1.000000;;
                        }
                      } // End of Armature_RightLittleDistal
                    } // End of Armature_RightLittleIntermediate
                  } // End of Armature_RightLittleProximal
                  Frame Armature_RightMiddleProximal {
                    FrameTransformMatrix {
                       0.013642, 0.994108,-0.107531, 0.000000,
                      -0.994561, 0.002384,-0.104133, 0.000000,
                      -0.103263, 0.108366, 0.988733, 0.000000,
                      -0.298101, 6.922702,-0.118502, 1.000000;;
                    }
                    Frame Armature_RightMiddleIntermediate {
                      FrameTransformMatrix {
                        -0.349778, 0.924923,-0.148907, 0.000000,
                        -0.926769,-0.364857,-0.089323, 0.000000,
                        -0.136947, 0.106759, 0.984809, 0.000000,
                        -0.000003, 2.359206, 0.000002, 1.000000;;
                      }
                      Frame Armature_RightMiddleDistal {
                        FrameTransformMatrix {
                          -0.319297, 0.935433,-0.151706, 0.000000,
                          -0.935367,-0.336789,-0.107994, 0.000000,
                          -0.152114, 0.107418, 0.982508, 0.000000,
                          -0.000005, 1.412498, 0.000002, 1.000000;;
                        }
                      } // End of Armature_RightMiddleDistal
                    } // End of Armature_RightMiddleIntermediate
                  } // End of Armature_RightMiddleProximal
                  Frame Armature_RightRingProximal {
                    FrameTransformMatrix {
                      -0.079781, 0.990217,-0.114474, 0.000000,
                      -0.996562,-0.081810,-0.013128, 0.000000,
                      -0.022364, 0.113033, 0.993339, 0.000000,
                      -0.309399, 6.512302,-1.327300, 1.000000;;
                    }
                    Frame Armature_RightRingIntermediate {
                      FrameTransformMatrix {
                        -0.189579, 0.972454,-0.135621, 0.000000,
                        -0.972549,-0.204963,-0.110171, 0.000000,
                        -0.134934, 0.111011, 0.984616, 0.000000,
                        -0.000001, 2.251698, 0.000002, 1.000000;;
                      }
                      Frame Armature_RightRingDistal {
                        FrameTransformMatrix {
                          -0.230603, 0.966199,-0.115249, 0.000000,
                          -0.963729,-0.243140,-0.110042, 0.000000,
                          -0.134344, 0.085692, 0.987223, 0.000000,
                           0.000008, 1.399200,-0.000001, 1.000000;;
                        }
                      } // End of Armature_RightRingDistal
                    } // End of Armature_RightRingIntermediate
                  } // End of Armature_RightRingProximal
                  Frame Armature_RightThumbProximal {
                    FrameTransformMatrix {
                       0.634767, 0.146511, 0.758687, 0.000000,
                      -0.528650, 0.798448, 0.288114, 0.000000,
                      -0.563561,-0.583965, 0.584281, 0.000000,
                      -0.681103, 2.782201, 1.884498, 1.000000;;
                    }
                    Frame Armature_RightThumbIntermediate {
                      FrameTransformMatrix {
                         0.838468, 0.522974,-0.153200, 0.000000,
                        -0.542454, 0.774079,-0.326414, 0.000000,
                        -0.052117, 0.356791, 0.932729, 0.000000,
                        -0.000003, 2.014395, 0.000000, 1.000000;;
                      }
                      Frame Armature_RightThumbDistal {
                        FrameTransformMatrix {
                           0.663163, 0.615239,-0.426259, 0.000000,
                          -0.747968, 0.523775,-0.407681, 0.000000,
                          -0.027557, 0.589186, 0.807527, 0.000000,
                           0.000006, 1.328898, 0.000002, 1.000000;;
                        }
                      } // End of Armature_RightThumbDistal
                    } // End of Armature_RightThumbIntermediate
                  } // End of Armature_RightThumbProximal
                } // End of Armature_RightHand
              } // End of Armature_RightLowerArm
            } // End of Armature_RightUpperArm
          } // End of Armature_RightShoulder
          Frame Armature_String_L {
            FrameTransformMatrix {
               0.993917, 0.092910,-0.059126, 0.000000,
               0.109675,-0.883693, 0.455037, 0.000000,
              -0.009971,-0.458753,-0.888509, 0.000000,
               4.439598,13.765297, 4.559695, 1.000000;;
            }
            Frame Armature_String_L_001 {
              FrameTransformMatrix {
                 0.997030, 0.073858, 0.021802, 0.000000,
                -0.076794, 0.974685, 0.209982, 0.000000,
                -0.005742,-0.211033, 0.977462, 0.000000,
                 0.000000, 5.379203, 0.000001, 1.000000;;
              }
              Frame Armature_String_L_002 {
                FrameTransformMatrix {
                   0.999888,-0.002970, 0.014634, 0.000000,
                   0.001426, 0.994528, 0.104456, 0.000000,
                  -0.014864,-0.104424, 0.994422, 0.000000,
                  -0.000000, 7.558306,-0.000002, 1.000000;;
                }
                Frame Armature_String_L_003 {
                  FrameTransformMatrix {
                     0.995436, 0.036981,-0.087973, 0.000000,
                    -0.027291, 0.993678, 0.108904, 0.000000,
                     0.091444,-0.106006, 0.990152, 0.000000,
                     0.000000, 7.366588,-0.000001, 1.000000;;
                  }
                } // End of Armature_String_L_003
              } // End of Armature_String_L_002
            } // End of Armature_String_L_001
          } // End of Armature_String_L
          Frame Armature_String_R {
            FrameTransformMatrix {
               0.993918,-0.092910, 0.059126, 0.000000,
              -0.109675,-0.883693, 0.455037, 0.000000,
               0.009971,-0.458753,-0.888509, 0.000000,
              -4.439600,13.765286, 4.559696, 1.000000;;
            }
            Frame Armature_String_R_001 {
              FrameTransformMatrix {
                 0.997030,-0.073858,-0.021802, 0.000000,
                 0.076794, 0.974685, 0.209982, 0.000000,
                 0.005742,-0.211033, 0.977462, 0.000000,
                -0.000001, 5.379200,-0.000000, 1.000000;;
              }
              Frame Armature_String_R_002 {
                FrameTransformMatrix {
                   0.999888, 0.002970,-0.014634, 0.000000,
                  -0.001426, 0.994529, 0.104456, 0.000000,
                   0.014864,-0.104424, 0.994422, 0.000000,
                  -0.000002, 7.558304, 0.000002, 1.000000;;
                }
                Frame Armature_String_R_003 {
                  FrameTransformMatrix {
                     0.995436,-0.036981, 0.087973, 0.000000,
                     0.027291, 0.993677, 0.108904, 0.000000,
                    -0.091444,-0.106006, 0.990152, 0.000000,
                    -0.000001, 7.366599,-0.000001, 1.000000;;
                  }
                } // End of Armature_String_R_003
              } // End of Armature_String_R_002
            } // End of Armature_String_R_001
          } // End of Armature_String_R
        } // End of Armature_Chest
      } // End of Armature_Spine
      Frame Armature_Tail {
        FrameTransformMatrix {
           1.000000, 0.000000, 0.000000, 0.000000,
           0.000000, 0.813705,-0.581278, 0.000000,
           0.000000, 0.581278, 0.813705, 0.000000,
           0.000000, 7.903000,-3.502998, 1.000000;;
        }
        Frame Armature_Tail_001 {
          FrameTransformMatrix {
             1.000000, 0.000000, 0.000000, 0.000000,
             0.000000, 0.824661,-0.565628, 0.000000,
             0.000000, 0.565628, 0.824661, 0.000000,
             0.000000, 7.600997,-0.000001, 1.000000;;
          }
          Frame Armature_Tail_002 {
            FrameTransformMatrix {
               1.000000, 0.000000, 0.000000, 0.000000,
               0.000000, 0.953362,-0.301831, 0.000000,
               0.000000, 0.301831, 0.953361, 0.000000,
               0.000000,10.252001,-0.000002, 1.000000;;
            }
            Frame Armature_Tail_003 {
              FrameTransformMatrix {
                 1.000000, 0.000000, 0.000000, 0.000000,
                 0.000000, 0.978420, 0.206628, 0.000000,
                 0.000000,-0.206628, 0.978420, 0.000000,
                 0.000000, 8.780499,-0.000002, 1.000000;;
              }
              Frame Armature_Tail_004 {
                FrameTransformMatrix {
                   1.000000, 0.000000, 0.000000, 0.000000,
                   0.000000, 0.806989, 0.590566, 0.000000,
                   0.000000,-0.590566, 0.806989, 0.000000,
                   0.000000, 8.834501, 0.000002, 1.000000;;
                }
                Frame Armature_Tail_005 {
                  FrameTransformMatrix {
                     1.000000, 0.000000, 0.000000, 0.000000,
                     0.000000, 0.879282, 0.476301, 0.000000,
                     0.000000,-0.476301, 0.879282, 0.000000,
                     0.000000, 7.747303, 0.000002, 1.000000;;
                  }
                } // End of Armature_Tail_005
              } // End of Armature_Tail_004
            } // End of Armature_Tail_003
          } // End of Armature_Tail_002
        } // End of Armature_Tail_001
      } // End of Armature_Tail
    } // End of Armature_Hips
  } // End of Armature
} // End of Root
AnimationSet Global {
  Animation {
    {Armature}
    AnimationKey { // Rotation
      0;
      32;
      0;4;-0.640441, 0.599670,-0.326676,-0.351445;;,
      1;4;-0.640841, 0.601842,-0.324147,-0.349339;;,
      2;4;-0.641123, 0.604197,-0.321486,-0.347209;;,
      3;4;-0.640816, 0.606865,-0.318713,-0.345676;;,
      4;4;-0.639907, 0.610232,-0.315357,-0.344507;;,
      5;4;-0.638720, 0.614584,-0.310723,-0.343183;;,
      6;4;-0.637516, 0.619649,-0.304995,-0.341449;;,
      7;4;-0.636121, 0.624974,-0.298589,-0.340002;;,
      8;4;-0.634780, 0.629742,-0.292147,-0.339308;;,
      9;4;-0.634544, 0.632870,-0.286666,-0.338603;;,
      10;4;-0.636499, 0.633752,-0.282742,-0.336576;;,
      11;4;-0.640992, 0.632548,-0.279930,-0.332645;;,
      12;4;-0.647178, 0.629916,-0.276845,-0.328213;;,
      13;4;-0.654140, 0.626228,-0.272905,-0.324748;;,
      14;4;-0.661837, 0.621563,-0.268702,-0.321606;;,
      15;4;-0.670688, 0.616776,-0.263712,-0.316577;;,
      16;4;-0.682773, 0.613877,-0.251781,-0.305912;;,
      17;4;-0.694402, 0.617122,-0.230329,-0.289681;;,
      18;4;-0.705746, 0.623875,-0.204277,-0.266408;;,
      19;4;-0.718073, 0.632583,-0.173068,-0.232932;;,
      20;4;-0.731290, 0.642062,-0.132769,-0.188001;;,
      21;4;-0.744000, 0.650225,-0.081110,-0.130740;;,
      22;4;-0.752403, 0.655366,-0.021878,-0.062507;;,
      23;4;-0.753119, 0.656799, 0.036367, 0.010221;;,
      24;4;-0.746202, 0.655530, 0.086366, 0.077488;;,
      25;4;-0.734476, 0.654108, 0.125166, 0.130464;;,
      26;4;-0.721179, 0.653391, 0.155083, 0.170089;;,
      27;4;-0.708381, 0.650930, 0.181504, 0.203821;;,
      28;4;-0.696128, 0.647239, 0.205457, 0.232968;;,
      29;4;-0.684453, 0.644710, 0.225134, 0.255319;;,
      30;4;-0.673633, 0.642505, 0.242101, 0.273482;;,
      31;4;-0.665117, 0.639631, 0.256710, 0.287388;;;
    }
    AnimationKey { // Scale
      1;
      32;
      0;3; 0.130000, 0.130000, 0.130000;;,
      1;3; 0.130000, 0.130000, 0.130000;;,
      2;3; 0.130000, 0.130000, 0.130000;;,
      3;3; 0.130000, 0.130000, 0.130000;;,
      4;3; 0.130000, 0.130000, 0.130000;;,
      5;3; 0.130000, 0.130000, 0.130000;;,
      6;3; 0.130000, 0.130000, 0.130000;;,
      7;3; 0.130000, 0.130000, 0.130000;;,
      8;3; 0.130000, 0.130000, 0.130000;;,
      9;3; 0.130000, 0.130000, 0.130000;;,
      10;3; 0.130000, 0.130000, 0.130000;;,
      11;3; 0.130000, 0.130000, 0.130000;;,
      12;3; 0.130000, 0.130000, 0.130000;;,
      13;3; 0.130000, 0.130000, 0.130000;;,
      14;3; 0.130000, 0.130000, 0.130000;;,
      15;3; 0.130000, 0.130000, 0.130000;;,
      16;3; 0.130000, 0.130000, 0.130000;;,
      17;3; 0.130000, 0.130000, 0.130000;;,
      18;3; 0.130000, 0.130000, 0.130000;;,
      19;3; 0.130000, 0.130000, 0.130000;;,
      20;3; 0.130000, 0.130000, 0.130000;;,
      21;3; 0.130000, 0.130000, 0.130000;;,
      22;3; 0.130000, 0.130000, 0.130000;;,
      23;3; 0.130000, 0.130000, 0.130000;;,
      24;3; 0.130000, 0.130000, 0.130000;;,
      25;3; 0.130000, 0.130000, 0.130000;;,
      26;3; 0.130000, 0.130000, 0.130000;;,
      27;3; 0.130000, 0.130000, 0.130000;;,
      28;3; 0.130000, 0.130000, 0.130000;;,
      29;3; 0.130000, 0.130000, 0.130000;;,
      30;3; 0.130000, 0.130000, 0.130000;;,
      31;3; 0.130000, 0.130000, 0.130000;;;
    }
    AnimationKey { // Position
      2;
      32;
      0;3;-0.522986,-0.290705,-1.221771;;,
      1;3;-0.535794,-0.274935,-1.203096;;,
      2;3;-0.550561,-0.259036,-1.182393;;,
      3;3;-0.568610,-0.235514,-1.161795;;,
      4;3;-0.587038,-0.202713,-1.142288;;,
      5;3;-0.603933,-0.166683,-1.125394;;,
      6;3;-0.617241,-0.139822,-1.106179;;,
      7;3;-0.632881,-0.130265,-1.081255;;,
      8;3;-0.656375,-0.157780,-1.050037;;,
      9;3;-0.680856,-0.259770,-1.017040;;,
