xof 0303txt 0032

template XSkinMeshHeader {
  <3cf169ce-ff7c-44ab-93c0-f78f62d172e2>
  WORD nMaxSkinWeightsPerVertex;
  WORD nMaxSkinWeightsPerFace;
  WORD nBones;
}

template SkinWeights {
  <6f0d123b-bad2-4167-a0d0-80224f25fabb>
  STRING transformNodeName;
  DWORD nWeights;
  array DWORD vertexIndices[nWeights];
  array float weights[nWeights];
  Matrix4x4 matrixOffset;
}

Frame Root {
  FrameTransformMatrix {
     1.000000, 0.000000, 0.000000, 0.000000,
     0.000000,-0.000000,-1.000000, 0.000000,
     0.000000, 1.000000,-0.000000, 0.000000,
     0.000000, 0.000000, 0.000000, 1.000000;;
  }
  Frame Armature {
    FrameTransformMatrix {
       0.085575, 0.097846, 0.001786, 0.000000,
      -0.006492, 0.003308, 0.129796, 0.000000,
       0.097646,-0.085529, 0.007064, 0.000000,
      -1.552101,-4.403347,-0.338817, 1.000000;;
    }
    Frame Armature_Hips {
      FrameTransformMatrix {
         1.000000, 0.000000, 0.000000, 0.000000,
         0.000000, 0.000000,-1.000000, 0.000000,
         0.000000, 1.000000, 0.000000, 0.000000,
         0.000000,71.285698, 0.000000, 1.000000;;
      }
      Frame Armature_LeftUpperLeg {
        FrameTransformMatrix {
          -0.955154,-0.231675,-0.184411, 0.000000,
           0.233597,-0.206822,-0.950083, 0.000000,
           0.181970,-0.950553, 0.251665, 0.000000,
           6.630000, 0.000000,-10.307499, 1.000000;;
        }
        Frame Armature_LeftLowerLeg {
          FrameTransformMatrix {
            -0.984686,-0.024621, 0.172590, 0.000000,
            -0.072568, 0.958021,-0.277362, 0.000000,
            -0.158516,-0.285639,-0.945137, 0.000000,
             0.000001,26.797102, 0.045999, 1.000000;;
          }
          Frame Armature_LeftFoot {
            FrameTransformMatrix {
               0.898656, 0.236685,-0.369321, 0.000000,
              -0.438632, 0.493367,-0.751126, 0.000000,
               0.004430, 0.837000, 0.547185, 0.000000,
              -0.000001,27.300396, 0.000000, 1.000000;;
            }
            Frame Armature_LeftToeBase {
              FrameTransformMatrix {
                 1.000000, 0.000001,-0.000000, 0.000000,
                -0.000001, 0.825888,-0.563834, 0.000000,
                 0.000000, 0.563834, 0.825888, 0.000000,
                 0.000001, 9.363999,-0.000001, 1.000000;;
              }
            } // End of Armature_LeftToeBase
          } // End of Armature_LeftFoot
        } // End of Armature_LeftLowerLeg
      } // End of Armature_LeftUpperLeg
      Frame Armature_RightUpperLeg {
        FrameTransformMatrix {
          -0.923205, 0.327986, 0.200296, 0.000000,
          -0.171567, 0.114620,-0.978482, 0.000000,
          -0.343887,-0.937703,-0.049546, 0.000000,
          -6.630000, 0.000000,-10.307499, 1.000000;;
        }
        Frame Armature_RightLowerLeg {
          FrameTransformMatrix {
            -0.983439, 0.100051, 0.151121, 0.000000,
             0.037570, 0.928247,-0.370063, 0.000000,
            -0.177303,-0.358256,-0.916633, 0.000000,
            -0.000001,26.797102, 0.046000, 1.000000;;
          }
          Frame Armature_RightFoot {
            FrameTransformMatrix {
               0.935443,-0.318592,-0.153122, 0.000000,
              -0.042161, 0.329529,-0.943203, 0.000000,
               0.350955, 0.888769, 0.294823, 0.000000,
              -0.000001,27.300400,-0.000002, 1.000000;;
            }
            Frame Armature_RightToeBase {
              FrameTransformMatrix {
                 1.000000, 0.000000, 0.000000, 0.000000,
                 0.000000, 0.839646,-0.543135, 0.000000,
                -0.000000, 0.543135, 0.839646, 0.000000,
                -0.000000, 9.363998,-0.000001, 1.000000;;
              }
            } // End of Armature_RightToeBase
          } // End of Armature_RightFoot
        } // End of Armature_RightLowerLeg
      } // End of Armature_RightUpperLeg
      Frame Armature_Spine {
        FrameTransformMatrix {
           0.996538, 0.082934, 0.005866, 0.000000,
          -0.004127,-0.021129, 0.999768, 0.000000,
           0.083038,-0.996331,-0.020714, 0.000000,
           0.000000, 0.000000, 0.979401, 1.000000;;
        }
        Frame Armature_Chest {
          FrameTransformMatrix {
             0.986233, 0.016715,-0.164512, 0.000000,
            -0.009817, 0.999042, 0.042653, 0.000000,
             0.165068,-0.040450, 0.985452, 0.000000,
             0.000000, 6.851404,-0.000000, 1.000000;;
          }
          Frame Armature_LeftShoulder {
            FrameTransformMatrix {
              -0.002628,-0.968623,-0.248521, 0.000000,
               0.999968,-0.000670,-0.007965, 0.000000,
               0.007549,-0.248533, 0.968594, 0.000000,
               2.389500,13.985303,-2.140200, 1.000000;;
            }
            Frame Armature_LeftUpperArm {
              FrameTransformMatrix {
                 0.659045,-0.431884,-0.615741, 0.000000,
                 0.752084, 0.372491, 0.543710, 0.000000,
                -0.005462,-0.821418, 0.570301, 0.000000,
                 0.740697, 4.470300, 0.269602, 1.000000;;
              }
              Frame Armature_LeftLowerArm {
                FrameTransformMatrix {
                   0.970587, 0.130687,-0.202190, 0.000000,
                   0.129553, 0.424352, 0.896182, 0.000000,
                   0.202919,-0.896017, 0.394939, 0.000000,
                  -0.000002,19.379501,-0.000000, 1.000000;;
                }
                Frame Armature_LeftHand {
                  FrameTransformMatrix {
                     0.909082, 0.030043,-0.415532, 0.000000,
                    -0.003576, 0.997922, 0.064327, 0.000000,
                     0.416601,-0.056992, 0.907301, 0.000000,
                     0.000006,17.771397, 0.000005, 1.000000;;
                  }
                  Frame Armature_LeftIndexProximal {
                    FrameTransformMatrix {
                       0.033728,-0.995055, 0.093426, 0.000000,
                       0.991741, 0.021748,-0.126397, 0.000000,
                       0.123740, 0.096918, 0.987570, 0.000000,
                       0.287202, 6.742303, 1.062799, 1.000000;;
                    }
                    Frame Armature_LeftIndexIntermediate {
                      FrameTransformMatrix {
                        -0.477572,-0.869666, 0.124925, 0.000000,
                         0.870234,-0.487789,-0.068951, 0.000000,
                         0.120902, 0.075785, 0.989767, 0.000000,
                        -0.000005, 2.055905, 0.000000, 1.000000;;
                      }
                      Frame Armature_LeftIndexDistal {
                        FrameTransformMatrix {
                          -0.299462,-0.945651, 0.126757, 0.000000,
                           0.946853,-0.310903,-0.082511, 0.000000,
                           0.117436, 0.095312, 0.988496, 0.000000,
                           0.000003, 1.448400,-0.000000, 1.000000;;
                        }
                      } // End of Armature_LeftIndexDistal
                    } // End of Armature_LeftIndexIntermediate
                  } // End of Armature_LeftIndexProximal
                  Frame Armature_LeftLittleProximal {
                    FrameTransformMatrix {
                      -0.115076,-0.989420, 0.088350, 0.000000,
                       0.993336,-0.115197, 0.003743, 0.000000,
                       0.006474, 0.088192, 0.996082, 0.000000,
                       0.320104, 6.152401,-2.483902, 1.000000;;
                    }
                    Frame Armature_LeftLittleIntermediate {
                      FrameTransformMatrix {
                        -0.162173,-0.986161, 0.034446, 0.000000,
                         0.979962,-0.165048,-0.111509, 0.000000,
                         0.115651, 0.015672, 0.993166, 0.000000,
                         0.000000, 1.733999, 0.000001, 1.000000;;
                      }
                      Frame Armature_LeftLittleDistal {
                        FrameTransformMatrix {
                          -0.552876,-0.819986, 0.148159, 0.000000,
                           0.820821,-0.566554,-0.072587, 0.000000,
                           0.143461, 0.081480, 0.986296, 0.000000,
                          -0.000001, 1.156095, 0.000000, 1.000000;;
                        }
                      } // End of Armature_LeftLittleDistal
                    } // End of Armature_LeftLittleIntermediate
                  } // End of Armature_LeftLittleProximal
                  Frame Armature_LeftMiddleProximal {
                    FrameTransformMatrix {
                       0.013333,-0.994298, 0.105806, 0.000000,
                       0.994987, 0.002705,-0.099966, 0.000000,
                       0.099109, 0.106608, 0.989349, 0.000000,
                       0.298102, 6.922702,-0.118500, 1.000000;;
                    }
                    Frame Armature_LeftMiddleIntermediate {
                      FrameTransformMatrix {
                        -0.350369,-0.924945, 0.147370, 0.000000,
                         0.926771,-0.365118,-0.088229, 0.000000,
                         0.135414, 0.105666, 0.985138, 0.000000,
                         0.000001, 2.359200,-0.000001, 1.000000;;
                      }
                      Frame Armature_LeftMiddleDistal {
                        FrameTransformMatrix {
                          -0.319633,-0.935543, 0.150317, 0.000000,
                           0.935496,-0.336789,-0.106871, 0.000000,
                           0.150607, 0.106461, 0.982845, 0.000000,
                          -0.000004, 1.412491,-0.000001, 1.000000;;
                        }
                      } // End of Armature_LeftMiddleDistal
                    } // End of Armature_LeftMiddleIntermediate
                  } // End of Armature_LeftMiddleProximal
                  Frame Armature_LeftRingProximal {
                    FrameTransformMatrix {
                      -0.036260,-0.992754, 0.114566, 0.000000,
                       0.998400,-0.040964,-0.038975, 0.000000,
                       0.043386, 0.112970, 0.992651, 0.000000,
                       0.309397, 6.512302,-1.327302, 1.000000;;
                    }
                    Frame Armature_LeftRingIntermediate {
                      FrameTransformMatrix {
                        -0.291321,-0.945478, 0.145616, 0.000000,
                         0.945570,-0.307674,-0.105994, 0.000000,
                         0.145017, 0.106811, 0.983647, 0.000000,
                        -0.000005, 2.251699,-0.000000, 1.000000;;
                      }
                      Frame Armature_LeftRingDistal {
                        FrameTransformMatrix {
                          -0.230879,-0.966287, 0.113948, 0.000000,
                           0.963860,-0.243140,-0.108888, 0.000000,
                           0.132922, 0.084690, 0.987502, 0.000000,
                          -0.000001, 1.399202,-0.000002, 1.000000;;
                        }
                      } // End of Armature_LeftRingDistal
                    } // End of Armature_LeftRingIntermediate
                  } // End of Armature_LeftRingProximal
                  Frame Armature_LeftThumbProximal {
                    FrameTransformMatrix {
                       0.590527,-0.065141,-0.804385, 0.000000,
                       0.471753, 0.836564, 0.278584, 0.000000,
                       0.654772,-0.543983, 0.524744, 0.000000,
                       0.681105, 2.782201, 1.884499, 1.000000;;
                    }
                    Frame Armature_LeftThumbIntermediate {
                      FrameTransformMatrix {
                         0.794045,-0.407890, 0.450686, 0.000000,
                         0.506071, 0.854322,-0.118429, 0.000000,
                        -0.336725, 0.322117, 0.884792, 0.000000,
                        -0.000003, 2.014400,-0.000003, 1.000000;;
                      }
                      Frame Armature_LeftThumbDistal {
                        FrameTransformMatrix {
                           0.716291,-0.441240, 0.540587, 0.000000,
                           0.697036, 0.416151,-0.583918, 0.000000,
                           0.032682, 0.795064, 0.605645, 0.000000,
                          -0.000001, 1.328903,-0.000002, 1.000000;;
                        }
                      } // End of Armature_LeftThumbDistal
                    } // End of Armature_LeftThumbIntermediate
                  } // End of Armature_LeftThumbProximal
                } // End of Armature_LeftHand
              } // End of Armature_LeftLowerArm
            } // End of Armature_LeftUpperArm
          } // End of Armature_LeftShoulder
          Frame Armature_Neck {
            FrameTransformMatrix {
               0.997535, 0.025008, 0.065562, 0.000000,
              -0.023380, 0.999402,-0.025473, 0.000000,
              -0.066160, 0.023878, 0.997523, 0.000000,
              -0.000000,15.754097,-2.059700, 1.000000;;
            }
            Frame Armature_Head {
              FrameTransformMatrix {
                 0.997535, 0.017953, 0.067834, 0.000000,
                -0.023380, 0.996514, 0.080077, 0.000000,
                -0.066160,-0.081466, 0.994478, 0.000000,
                 0.000000, 5.113886,-0.000000, 1.000000;;
              }
              Frame Armature_Ahoge {
                FrameTransformMatrix {
                   0.800335, 0.418766,-0.429067, 0.000000,
                   0.003348, 0.712513, 0.701651, 0.000000,
                   0.599544,-0.562992, 0.568847, 0.000000,
                  -0.008300,19.574013, 1.486600, 1.000000;;
                }
                Frame Armature_Ahoge_001 {
                  FrameTransformMatrix {
                     0.978567,-0.193798, 0.069632, 0.000000,
                     0.193780, 0.981019, 0.007074, 0.000000,
                    -0.069681, 0.006571, 0.997548, 0.000000,
                     0.000003, 1.847706,-0.000005, 1.000000;;
                  }
                  Frame Armature_Ahoge_002 {
                    FrameTransformMatrix {
                      -0.511145,-0.792173,-0.333457, 0.000000,
                       0.804893,-0.577257, 0.137559, 0.000000,
                      -0.301461,-0.198084, 0.932676, 0.000000,
                       1.029792, 1.470708, 0.000010, 1.000000;;
                    }
                    Frame Armature_Ahoge_003 {
                      FrameTransformMatrix {
                         0.916544, 0.388934, 0.093155, 0.000000,
                        -0.259294, 0.400551, 0.878820, 0.000000,
                         0.304490,-0.829632, 0.467971, 0.000000,
                        -1.211581, 1.278903,-0.375103, 1.000000;;
                      }
                    } // End of Armature_Ahoge_003
                  } // End of Armature_Ahoge_002
                } // End of Armature_Ahoge_001
              } // End of Armature_Ahoge
              Frame Armature_Cheek_Root_L {
                FrameTransformMatrix {
                   0.663790,-0.441226,-0.603906, 0.000000,
                   0.502461,-0.335017, 0.797055, 0.000000,
                  -0.554000,-0.832516,-0.000682, 0.000000,
                   4.139100, 0.634117, 4.734902, 1.000000;;
                }
                Frame Armature_Cheek_L {
                  FrameTransformMatrix {
                     0.847018,-0.068013,-0.527196, 0.000000,
                     0.070457, 0.997395,-0.015473, 0.000000,
                     0.526875,-0.024039, 0.849603, 0.000000,
                    -0.000003, 1.316200,-0.000006, 1.000000;;
                  }
                } // End of Armature_Cheek_L
              } // End of Armature_Cheek_Root_L
              Frame Armature_Cheek_Root_R {
                FrameTransformMatrix {
                   0.663790, 0.441226, 0.603906, 0.000000,
                  -0.502461,-0.335017, 0.797055, 0.000000,
                   0.554000,-0.832516,-0.000682, 0.000000,
                  -4.139100, 0.634111, 4.734903, 1.000000;;
                }
                Frame Armature_Cheek_R {
                  FrameTransformMatrix {
                     0.847018, 0.068013, 0.527196, 0.000000,
                    -0.070457, 0.997395,-0.015473, 0.000000,
                    -0.526875,-0.024039, 0.849603, 0.000000,
                     0.000001, 1.316200, 0.000011, 1.000000;;
                  }
                } // End of Armature_Cheek_R
              } // End of Armature_Cheek_Root_R
              Frame Armature_Ear_L {
                FrameTransformMatrix {
                   0.732097,-0.644693,-0.220010, 0.000000,
                   0.664302, 0.604185, 0.440072, 0.000000,
                  -0.150785,-0.468328, 0.870593, 0.000000,
                   7.105499,15.672815,-1.331501, 1.000000;;
                }
                Frame Armature_Ear_L_001 {
                  FrameTransformMatrix {
                     0.985750, 0.153546,-0.068698, 0.000000,
                    -0.145327, 0.983038, 0.111879, 0.000000,
                     0.084711,-0.100301, 0.991344, 0.000000,
                     0.000000, 4.223300,-0.000003, 1.000000;;
                  }
                } // End of Armature_Ear_L_001
              } // End of Armature_Ear_L
              Frame Armature_Ear_R {
                FrameTransformMatrix {
                   0.732097, 0.644693, 0.220010, 0.000000,
                  -0.664302, 0.604185, 0.440072, 0.000000,
                   0.150785,-0.468328, 0.870593, 0.000000,
                  -7.105500,15.672813,-1.331501, 1.000000;;
                }
                Frame Armature_Ear_R_001 {
                  FrameTransformMatrix {
                     0.985751,-0.153547, 0.068698, 0.000000,
                     0.145327, 0.983038, 0.111879, 0.000000,
                    -0.084711,-0.100301, 0.991344, 0.000000,
                    -0.000015, 4.223299, 0.000004, 1.000000;;
                  }
                } // End of Armature_Ear_R_001
              } // End of Armature_Ear_R
              Frame Armature_Hair_back_root {
                FrameTransformMatrix {
                   1.000000,-0.000000,-0.000000, 0.000000,
                   0.000000, 0.163758,-0.986501, 0.000000,
                  -0.000000, 0.986501, 0.163758, 0.000000,
                   0.000000, 6.663912, 1.106201, 1.000000;;
                }
                Frame Armature_Hair_back {
                  FrameTransformMatrix {
                     1.000000, 0.000000, 0.000000, 0.000000,
                    -0.000000,-0.426932,-0.904284, 0.000000,
                     0.000000, 0.904284,-0.426932, 0.000000,
                    -0.000000, 9.775097,-2.228090, 1.000000;;
                  }
                } // End of Armature_Hair_back
                Frame Armature_Hair_back_L {
                  FrameTransformMatrix {
                     0.208712,-0.943489, 0.257426, 0.000000,
                    -0.345891,-0.317424,-0.882951, 0.000000,
                     0.914767, 0.095241,-0.392594, 0.000000,
                     8.995897, 4.126597,-2.526004, 1.000000;;
                  }
                } // End of Armature_Hair_back_L
                Frame Armature_Hair_back_R {
                  FrameTransformMatrix {
                     0.208712, 0.943489,-0.257426, 0.000000,
                     0.345891,-0.317424,-0.882951, 0.000000,
                    -0.914767, 0.095241,-0.392594, 0.000000,
                    -8.995899, 4.126597,-2.526000, 1.000000;;
                  }
                } // End of Armature_Hair_back_R
              } // End of Armature_Hair_back_root
              Frame Armature_Hair_front {
                FrameTransformMatrix {
                   0.999945, 0.001105,-0.010419, 0.000000,
                  -0.000000,-0.994422,-0.105474, 0.000000,
                  -0.010478, 0.105468,-0.994363, 0.000000,
                   0.000000,11.575115,10.900702, 1.000000;;
                }
                Frame Armature_Hair_front_001 {
                  FrameTransformMatrix {
                     1.000000,-0.000000,-0.000005, 0.000000,
                    -0.000000, 1.000000, 0.000000, 0.000000,
                     0.000005,-0.000000, 1.000000, 0.000000,
                    -0.000000, 4.711387, 0.000002, 1.000000;;
                  }
                } // End of Armature_Hair_front_001
              } // End of Armature_Hair_front
              Frame Armature_Hair_side_L {
                FrameTransformMatrix {
                  -0.930719, 0.339895, 0.135027, 0.000000,
                  -0.352241,-0.932412,-0.080836, 0.000000,
                   0.098425,-0.122798, 0.987539, 0.000000,
                   9.987199, 6.098614, 3.489701, 1.000000;;
                }
                Frame Armature_Hair_side_L_001 {
                  FrameTransformMatrix {
                     0.843475,-0.332255,-0.422085, 0.000000,
                     0.286626, 0.942934,-0.169474, 0.000000,
                     0.454307, 0.021966, 0.890574, 0.000000,
                    -0.000001, 5.850508, 0.000001, 1.000000;;
                  }
                } // End of Armature_Hair_side_L_001
              } // End of Armature_Hair_side_L
              Frame Armature_Hair_side_R {
                FrameTransformMatrix {
                  -0.930719,-0.339895,-0.135027, 0.000000,
                   0.352241,-0.932412,-0.080836, 0.000000,
                  -0.098425,-0.122798, 0.987539, 0.000000,
                  -9.987199, 6.098613, 3.489702, 1.000000;;
                }
                Frame Armature_Hair_side_R_001 {
                  FrameTransformMatrix {
                     0.843475, 0.332255, 0.422085, 0.000000,
                    -0.286626, 0.942934,-0.169474, 0.000000,
                    -0.454307, 0.021966, 0.890574, 0.000000,
                    -0.000001, 5.850503,-0.000001, 1.000000;;
                  }
                } // End of Armature_Hair_side_R_001
              } // End of Armature_Hair_side_R
              Frame Armature_LeftEye {
                FrameTransformMatrix {
                   1.000000,-0.000000,-0.000000, 0.000000,
                   0.000000, 0.994422, 0.105472, 0.000000,
                  -0.000000,-0.105472, 0.994422, 0.000000,
                   3.744000, 4.494816, 5.443502, 1.000000;;
                }
              } // End of Armature_LeftEye
              Frame Armature_RightEye {
                FrameTransformMatrix {
                   1.000000,-0.000000,-0.000000, 0.000000,
                   0.000000, 0.994422, 0.105472, 0.000000,
                  -0.000000,-0.105472, 0.994422, 0.000000,
                  -3.744000, 4.494820, 5.443501, 1.000000;;
                }
              } // End of Armature_RightEye
            } // End of Armature_Head
          } // End of Armature_Neck
          Frame Armature_RightShoulder {
            FrameTransformMatrix {
               0.032987, 0.966937, 0.252875, 0.000000,
              -0.999017, 0.024407, 0.036995, 0.000000,
               0.029600,-0.253847, 0.966791, 0.000000,
              -2.389500,13.985301,-2.140200, 1.000000;;
            }
            Frame Armature_RightUpperArm {
              FrameTransformMatrix {
                 0.950522, 0.163187,-0.264344, 0.000000,
                 0.016082, 0.823929, 0.566465, 0.000000,
                 0.310240,-0.542689, 0.780538, 0.000000,
                -0.740701, 4.470301, 0.269599, 1.000000;;
              }
              Frame Armature_RightLowerArm {
                FrameTransformMatrix {
                   0.998858,-0.003519, 0.047653, 0.000000,
                  -0.003345, 0.989686, 0.143217, 0.000000,
                  -0.047665,-0.143212, 0.988544, 0.000000,
                  -0.000004,19.379503,-0.000000, 1.000000;;
                }
                Frame Armature_RightHand {
                  FrameTransformMatrix {
                     0.862040,-0.373796,-0.342292, 0.000000,
                     0.366282, 0.926235,-0.089029, 0.000000,
                     0.350322,-0.048629, 0.935366, 0.000000,
                    -0.000002,17.771400,-0.000001, 1.000000;;
                  }
                  Frame Armature_RightIndexProximal {
                    FrameTransformMatrix {
                       0.995344, 0.043222, 0.086153, 0.000000,
                      -0.064511, 0.962838, 0.262261, 0.000000,
                      -0.071616,-0.266598, 0.961143, 0.000000,
                      -0.287205, 6.742296, 1.062799, 1.000000;;
                    }
                    Frame Armature_RightIndexIntermediate {
                      FrameTransformMatrix {
                         0.937550, 0.347612,-0.012874, 0.000000,
                        -0.347842, 0.937136,-0.027970, 0.000000,
                         0.002342, 0.030702, 0.999526, 0.000000,
                        -0.000000, 2.055903,-0.000003, 1.000000;;
                      }
                      Frame Armature_RightIndexDistal {
                        FrameTransformMatrix {
                           0.983325, 0.181240,-0.014991, 0.000000,
                          -0.181474, 0.983265,-0.016028, 0.000000,
                           0.011836, 0.018481, 0.999759, 0.000000,
                          -0.000014, 1.448404, 0.000000, 1.000000;;
                        }
                      } // End of Armature_RightIndexDistal
                    } // End of Armature_RightIndexIntermediate
                  } // End of Armature_RightIndexProximal
                  Frame Armature_RightLittleProximal {
                    FrameTransformMatrix {
                       0.901349, 0.430052,-0.051234, 0.000000,
                      -0.429013, 0.870391,-0.241593, 0.000000,
                      -0.059304, 0.239740, 0.969024, 0.000000,
                      -0.320104, 6.152395,-2.483898, 1.000000;;
                    }
                    Frame Armature_RightLittleIntermediate {
                      FrameTransformMatrix {
                         0.955650, 0.294378, 0.008602, 0.000000,
                        -0.294005, 0.955325,-0.030250, 0.000000,
                        -0.017123, 0.026380, 0.999505, 0.000000,
                         0.000000, 1.733997, 0.000000, 1.000000;;
                      }
                      Frame Armature_RightLittleDistal {
                        FrameTransformMatrix {
                           0.982990, 0.183242,-0.012359, 0.000000,
                          -0.183431, 0.982895,-0.016438, 0.000000,
                           0.009135, 0.018425, 0.999789, 0.000000,
                           0.000001, 1.156097,-0.000006, 1.000000;;
                        }
                      } // End of Armature_RightLittleDistal
                    } // End of Armature_RightLittleIntermediate
                  } // End of Armature_RightLittleProximal
                  Frame Armature_RightMiddleProximal {
                    FrameTransformMatrix {
                       0.993934,-0.101561, 0.042190, 0.000000,
                       0.094266, 0.984363, 0.148808, 0.000000,
                      -0.056644,-0.143928, 0.987966, 0.000000,
                      -0.298099, 6.922695,-0.118498, 1.000000;;
                    }
                    Frame Armature_RightMiddleIntermediate {
                      FrameTransformMatrix {
                         0.955218, 0.294997,-0.023130, 0.000000,
                        -0.295585, 0.954891,-0.028489, 0.000000,
                         0.013683, 0.034050, 0.999327, 0.000000,
                        -0.000003, 2.359201,-0.000003, 1.000000;;
                      }
                      Frame Armature_RightMiddleDistal {
                        FrameTransformMatrix {
                           0.999173,-0.040669, 0.000469, 0.000000,
                           0.040666, 0.999162, 0.004667, 0.000000,
                          -0.000658,-0.004644, 0.999989, 0.000000,
                           0.000001, 1.412499, 0.000000, 1.000000;;
                        }
                      } // End of Armature_RightMiddleDistal
                    } // End of Armature_RightMiddleIntermediate
                  } // End of Armature_RightMiddleProximal
                  Frame Armature_RightRingProximal {
                    FrameTransformMatrix {
                       0.992411,-0.119540,-0.028815, 0.000000,
                       0.115982, 0.987836,-0.103577, 0.000000,
                       0.040846, 0.099449, 0.994204, 0.000000,
                      -0.309406, 6.512299,-1.327299, 1.000000;;
                    }
                    Frame Armature_RightRingIntermediate {
                      FrameTransformMatrix {
                         0.896347, 0.443175,-0.012606, 0.000000,
                        -0.443218, 0.895006,-0.050208, 0.000000,
                        -0.010969, 0.050591, 0.998659, 0.000000,
                        -0.000002, 2.251699,-0.000004, 1.000000;;
                      }
                      Frame Armature_RightRingDistal {
                        FrameTransformMatrix {
                           0.977677, 0.208889, 0.022668, 0.000000,
                          -0.208355, 0.977763,-0.023809, 0.000000,
                          -0.027137, 0.018554, 0.999460, 0.000000,
                           0.000002, 1.399201,-0.000010, 1.000000;;
                        }
                      } // End of Armature_RightRingDistal
                    } // End of Armature_RightRingIntermediate
                  } // End of Armature_RightRingProximal
                  Frame Armature_RightThumbProximal {
                    FrameTransformMatrix {
                       0.645031,-0.029582, 0.763583, 0.000000,
                      -0.447423, 0.795435, 0.408773, 0.000000,
                      -0.619473,-0.605316, 0.499845, 0.000000,
                      -0.681107, 2.782198, 1.884504, 1.000000;;
                    }
                    Frame Armature_RightThumbIntermediate {
                      FrameTransformMatrix {
                         0.987696, 0.135229, 0.078549, 0.000000,
                        -0.118118, 0.974257,-0.192016, 0.000000,
                        -0.102493, 0.180376, 0.978243, 0.000000,
                        -0.000005, 2.014403, 0.000002, 1.000000;;
                      }
                      Frame Armature_RightThumbDistal {
                        FrameTransformMatrix {
                           0.952613,-0.169483, 0.252595, 0.000000,
                           0.059382, 0.918036, 0.392026, 0.000000,
                          -0.298333,-0.358450, 0.884596, 0.000000,
                           0.000010, 1.328896,-0.000011, 1.000000;;
                        }
                      } // End of Armature_RightThumbDistal
                    } // End of Armature_RightThumbIntermediate
                  } // End of Armature_RightThumbProximal
                } // End of Armature_RightHand
              } // End of Armature_RightLowerArm
            } // End of Armature_RightUpperArm
          } // End of Armature_RightShoulder
          Frame Armature_String_L {
            FrameTransformMatrix {
               0.993918, 0.092910,-0.059126, 0.000000,
               0.109675,-0.883693, 0.455037, 0.000000,
              -0.009971,-0.458753,-0.888509, 0.000000,
               4.439600,13.765299, 4.559701, 1.000000;;
            }
            Frame Armature_String_L_001 {
              FrameTransformMatrix {
                 0.997030, 0.073858, 0.021802, 0.000000,
                -0.076794, 0.974685, 0.209982, 0.000000,
                -0.005742,-0.211033, 0.977462, 0.000000,
                -0.000000, 5.379210,-0.000005, 1.000000;;
              }
              Frame Armature_String_L_002 {
                FrameTransformMatrix {
                   0.999889,-0.002970, 0.014634, 0.000000,
                   0.001426, 0.994529, 0.104456, 0.000000,
                  -0.014864,-0.104424, 0.994422, 0.000000,
                  -0.000001, 7.558296, 0.000000, 1.000000;;
                }
                Frame Armature_String_L_003 {
                  FrameTransformMatrix {
                     0.995436, 0.036981,-0.087973, 0.000000,
                    -0.027291, 0.993677, 0.108904, 0.000000,
                     0.091444,-0.106006, 0.990152, 0.000000,
                     0.000001, 7.366583,-0.000000, 1.000000;;
                  }
                } // End of Armature_String_L_003
              } // End of Armature_String_L_002
            } // End of Armature_String_L_001
          } // End of Armature_String_L
          Frame Armature_String_R {
            FrameTransformMatrix {
               0.993918,-0.092910, 0.059126, 0.000000,
              -0.109675,-0.883693, 0.455037, 0.000000,
               0.009971,-0.458753,-0.888509, 0.000000,
              -4.439600,13.765296, 4.559700, 1.000000;;
            }
            Frame Armature_String_R_001 {
              FrameTransformMatrix {
                 0.997030,-0.073858,-0.021802, 0.000000,
                 0.076794, 0.974685, 0.209982, 0.000000,
                 0.005742,-0.211033, 0.977462, 0.000000,
                -0.000000, 5.379200,-0.000002, 1.000000;;
              }
              Frame Armature_String_R_002 {
                FrameTransformMatrix {
                   0.999888, 0.002970,-0.014634, 0.000000,
                  -0.001426, 0.994528, 0.104456, 0.000000,
                   0.014864,-0.104424, 0.994422, 0.000000,
                   0.000000, 7.558299,-0.000001, 1.000000;;
                }
                Frame Armature_String_R_003 {
                  FrameTransformMatrix {
                     0.995436,-0.036981, 0.087973, 0.000000,
                     0.027291, 0.993677, 0.108904, 0.000000,
                    -0.091444,-0.106006, 0.990152, 0.000000,
                    -0.000000, 7.366590,-0.000000, 1.000000;;
                  }
                } // End of Armature_String_R_003
              } // End of Armature_String_R_002
            } // End of Armature_String_R_001
          } // End of Armature_String_R
        } // End of Armature_Chest
      } // End of Armature_Spine
      Frame Armature_Tail {
        FrameTransformMatrix {
           1.000000, 0.000000, 0.000000, 0.000000,
           0.000000, 0.813705,-0.581278, 0.000000,
           0.000000, 0.581278, 0.813705, 0.000000,
           0.000000, 7.903000,-3.502998, 1.000000;;
        }
        Frame Armature_Tail_001 {
          FrameTransformMatrix {
             1.000000, 0.000000, 0.000000, 0.000000,
             0.000000, 0.824661,-0.565628, 0.000000,
             0.000000, 0.565628, 0.824661, 0.000000,
             0.000000, 7.600997,-0.000001, 1.000000;;
          }
          Frame Armature_Tail_002 {
            FrameTransformMatrix {
               1.000000, 0.000000, 0.000000, 0.000000,
               0.000000, 0.953362,-0.301831, 0.000000,
               0.000000, 0.301831, 0.953361, 0.000000,
               0.000000,10.252001,-0.000002, 1.000000;;
            }
            Frame Armature_Tail_003 {
              FrameTransformMatrix {
                 1.000000, 0.000000, 0.000000, 0.000000,
                 0.000000, 0.978420, 0.206628, 0.000000,
                 0.000000,-0.206628, 0.978420, 0.000000,
                 0.000000, 8.780499,-0.000002, 1.000000;;
              }
              Frame Armature_Tail_004 {
                FrameTransformMatrix {
                   1.000000, 0.000000, 0.000000, 0.000000,
                   0.000000, 0.806989, 0.590566, 0.000000,
                   0.000000,-0.590566, 0.806989, 0.000000,
                   0.000000, 8.834501, 0.000002, 1.000000;;
                }
                Frame Armature_Tail_005 {
                  FrameTransformMatrix {
                     1.000000, 0.000000, 0.000000, 0.000000,
                     0.000000, 0.879282, 0.476301, 0.000000,
                     0.000000,-0.476301, 0.879282, 0.000000,
                     0.000000, 7.747303, 0.000002, 1.000000;;
                  }
                } // End of Armature_Tail_005
              } // End of Armature_Tail_004
            } // End of Armature_Tail_003
          } // End of Armature_Tail_002
        } // End of Armature_Tail_001
      } // End of Armature_Tail
    } // End of Armature_Hips
  } // End of Armature
} // End of Root
AnimationSet Global {
  Animation {
    {Armature}
    AnimationKey { // Rotation
      0;
      46;
      0;4;-0.659176, 0.628189, 0.279662, 0.304394;;,
      1;4;-0.659796, 0.627754, 0.279362, 0.304222;;,
      2;4;-0.660538, 0.627460, 0.278515, 0.303996;;,
      3;4;-0.661764, 0.627223, 0.276731, 0.303446;;,
      4;4;-0.663882, 0.626963, 0.273700, 0.302103;;,
      5;4;-0.667347, 0.626856, 0.268996, 0.298899;;,
      6;4;-0.672671, 0.627400, 0.261756, 0.292177;;,
      7;4;-0.680300, 0.629039, 0.250893, 0.280275;;,
      8;4;-0.690250, 0.631754, 0.235508, 0.262636;;,
      9;4;-0.701763, 0.635192, 0.215594, 0.239956;;,
      10;4;-0.713481, 0.639161, 0.191637, 0.213757;;,
      11;4;-0.724491, 0.643355, 0.163548, 0.185634;;,
      12;4;-0.734872, 0.646923, 0.130684, 0.156128;;,
      13;4;-0.744900, 0.649019, 0.093093, 0.123422;;,
      14;4;-0.753347, 0.650173, 0.051836, 0.084003;;,
      15;4;-0.756876, 0.652512, 0.008264, 0.036033;;,
      16;4;-0.752093, 0.657861,-0.034757,-0.019177;;,
      17;4;-0.738729, 0.665366,-0.075985,-0.076116;;,
      18;4;-0.720636, 0.671082,-0.115063,-0.130742;;,
      19;4;-0.700261, 0.670590,-0.157924,-0.187091;;,
      20;4;-0.681926, 0.661626,-0.201188,-0.238227;;,
      21;4;-0.668417, 0.649289,-0.234195,-0.277120;;,
      22;4;-0.657517, 0.640565,-0.253445,-0.305146;;,
      23;4;-0.647664, 0.636871,-0.265389,-0.323256;;,
      24;4;-0.638588, 0.634091,-0.277991,-0.335938;;,
      25;4;-0.629919, 0.629045,-0.293239,-0.348592;;,
      26;4;-0.621963, 0.622226,-0.308314,-0.361855;;,
      27;4;-0.616054, 0.616769,-0.319401,-0.371560;;,
      28;4;-0.612131, 0.614610,-0.326531,-0.375403;;,
      29;4;-0.609121, 0.614905,-0.331655,-0.375324;;,
      30;4;-0.607005, 0.615051,-0.335441,-0.375148;;,
      31;4;-0.606574, 0.614137,-0.337366,-0.375618;;,
      32;4;-0.607433, 0.613151,-0.338010,-0.375260;;,
      33;4;-0.609152, 0.612631,-0.337779,-0.373527;;,
      34;4;-0.611729, 0.612376,-0.336839,-0.370571;;,
      35;4;-0.615303, 0.611684,-0.335513,-0.366982;;,
      36;4;-0.619544, 0.610288,-0.334191,-0.363358;;,
      37;4;-0.623663, 0.608642,-0.333020,-0.360134;;,
      38;4;-0.627063, 0.607275,-0.331974,-0.357494;;,
      39;4;-0.629688, 0.606182,-0.331087,-0.355554;;,
      40;4;-0.631809, 0.604973,-0.330435,-0.354456;;,
      41;4;-0.633722, 0.603434,-0.330024,-0.354046;;,
      42;4;-0.635597, 0.601806,-0.329703,-0.353754;;,
      43;4;-0.637424, 0.600559,-0.329132,-0.353118;;,
      44;4;-0.639074, 0.599927,-0.328042,-0.352222;;,
      45;4;-0.640441, 0.599670,-0.326676,-0.351445;;;
    }
    AnimationKey { // Scale
      1;
      46;
      0;3; 0.130000, 0.130000, 0.130000;;,
      1;3; 0.130000, 0.130000, 0.130000;;,
      2;3; 0.130000, 0.130000, 0.130000;;,
      3;3; 0.130000, 0.130000, 0.130000;;,
      4;3; 0.130000, 0.130000, 0.130000;;,
      5;3; 0.130000, 0.130000, 0.130000;;,
      6;3; 0.130000, 0.130000, 0.130000;;,
      7;3; 0.130000, 0.130000, 0.130000;;,
      8;3; 0.130000, 0.130000, 0.130000;;,
      9;3; 0.130000, 0.130000, 0.130000;;,
      10;3; 0.130000, 0.130000, 0.130000;;,
      11;3; 0.130000, 0.130000, 0.130000;;,
      12;3; 0.130000, 0.130000, 0.130000;;,
      13;3; 0.130000, 0.130000, 0.130000;;,
      14;3; 0.130000, 0.130000, 0.130000;;,
      15;3; 0.130000, 0.130000, 0.130000;;,
      16;3; 0.130000, 0.130000, 0.130000;;,
      17;3; 0.130000, 0.130000, 0.130000;;,
      18;3; 0.130000, 0.130000, 0.130000;;,
      19;3; 0.130000, 0.130000, 0.130000;;,
      20;3; 0.130000, 0.130000, 0.130000;;,
      21;3; 0.130000, 0.130000, 0.130000;;,
      22;3; 0.130000, 0.130000, 0.130000;;,
      23;3; 0.130000, 0.130000, 0.130000;;,
      24;3; 0.130000, 0.130000, 0.130000;;,
      25;3; 0.130000, 0.130000, 0.130000;;,
