xof 0303txt 0032

template XSkinMeshHeader {
  <3cf169ce-ff7c-44ab-93c0-f78f62d172e2>
  WORD nMaxSkinWeightsPerVertex;
  WORD nMaxSkinWeightsPerFace;
  WORD nBones;
}

template SkinWeights {
  <6f0d123b-bad2-4167-a0d0-80224f25fabb>
  STRING transformNodeName;
  DWORD nWeights;
  array DWORD vertexIndices[nWeights];
  array float weights[nWeights];
  Matrix4x4 matrixOffset;
}

Frame Root {
  FrameTransformMatrix {
     1.000000, 0.000000, 0.000000, 0.000000,
     0.000000,-0.000000,-1.000000, 0.000000,
     0.000000, 1.000000,-0.000000, 0.000000,
     0.000000, 0.000000, 0.000000, 1.000000;;
  }
  Frame Armature {
    FrameTransformMatrix {
       0.112566,-0.064739, 0.006148, 0.000000,
       0.007299, 0.024790, 0.127405, 0.000000,
      -0.064619,-0.109974, 0.025101, 0.000000,
      -0.887866,-3.643327,-0.239549, 1.000000;;
    }
    Frame Armature_Hips {
      FrameTransformMatrix {
         1.000000, 0.000000, 0.000000, 0.000000,
         0.000000, 0.000000,-1.000000, 0.000000,
         0.000000, 1.000000, 0.000000, 0.000000,
         0.000000,71.285698, 0.000000, 1.000000;;
      }
      Frame Armature_LeftUpperLeg {
        FrameTransformMatrix {
          -0.999934,-0.004155, 0.010730, 0.000000,
          -0.009550,-0.220325,-0.975380, 0.000000,
           0.006417,-0.975418, 0.220271, 0.000000,
           6.630000, 0.000000,-10.307499, 1.000000;;
        }
        Frame Armature_LeftLowerLeg {
          FrameTransformMatrix {
            -0.992226, 0.050842, 0.113588, 0.000000,
            -0.051089, 0.665867,-0.744320, 0.000000,
            -0.113477,-0.744337,-0.658093, 0.000000,
            -0.000000,26.797104, 0.046000, 1.000000;;
          }
          Frame Armature_LeftFoot {
            FrameTransformMatrix {
               0.997368, 0.018625,-0.070074, 0.000000,
              -0.070907, 0.452458,-0.888962, 0.000000,
               0.015149, 0.891591, 0.452588, 0.000000,
              -0.000000,27.300402, 0.000002, 1.000000;;
            }
            Frame Armature_LeftToeBase {
              FrameTransformMatrix {
                 0.999471,-0.031802, 0.006819, 0.000000,
                 0.026596, 0.678406,-0.734206, 0.000000,
                 0.018723, 0.733999, 0.678893, 0.000000,
                 0.000000, 9.364000,-0.000000, 1.000000;;
              }
            } // End of Armature_LeftToeBase
          } // End of Armature_LeftFoot
        } // End of Armature_LeftLowerLeg
      } // End of Armature_LeftUpperLeg
      Frame Armature_RightUpperLeg {
        FrameTransformMatrix {
          -0.886474, 0.152189, 0.437039, 0.000000,
          -0.361829, 0.360842,-0.859577, 0.000000,
          -0.288520,-0.920126,-0.264810, 0.000000,
          -6.630000, 0.000000,-10.307499, 1.000000;;
        }
        Frame Armature_RightLowerLeg {
          FrameTransformMatrix {
            -0.968149, 0.242934, 0.060587, 0.000000,
             0.201592, 0.899859,-0.386802, 0.000000,
            -0.148487,-0.362268,-0.920170, 0.000000,
             0.000001,26.797102, 0.046000, 1.000000;;
          }
          Frame Armature_RightFoot {
            FrameTransformMatrix {
               0.947631,-0.314474,-0.055689, 0.000000,
               0.229205, 0.791110,-0.567107, 0.000000,
               0.222397, 0.524644, 0.821759, 0.000000,
               0.000000,27.300404,-0.000002, 1.000000;;
            }
            Frame Armature_RightToeBase {
              FrameTransformMatrix {
                 0.910891,-0.265873,-0.315576, 0.000000,
                -0.087042, 0.623755,-0.776758, 0.000000,
                 0.403361, 0.735011, 0.545031, 0.000000,
                 0.000002, 9.364001,-0.000000, 1.000000;;
              }
            } // End of Armature_RightToeBase
          } // End of Armature_RightFoot
        } // End of Armature_RightLowerLeg
      } // End of Armature_RightUpperLeg
      Frame Armature_Spine {
        FrameTransformMatrix {
           0.996568,-0.015975, 0.081226, 0.000000,
          -0.080887, 0.020873, 0.996505, 0.000000,
          -0.017615,-0.999654, 0.019510, 0.000000,
           0.000000, 0.000000, 0.979401, 1.000000;;
        }
        Frame Armature_Chest {
          FrameTransformMatrix {
             0.986318, 0.162121, 0.029904, 0.000000,
            -0.160777, 0.986057,-0.042923, 0.000000,
            -0.036446, 0.037527, 0.998631, 0.000000,
             0.000000, 6.851400, 0.000000, 1.000000;;
          }
          Frame Armature_LeftShoulder {
            FrameTransformMatrix {
              -0.042789,-0.997980,-0.046954, 0.000000,
               0.996504,-0.046007, 0.069736, 0.000000,
              -0.071755,-0.043806, 0.996460, 0.000000,
               2.389498,13.985297,-2.140200, 1.000000;;
            }
            Frame Armature_LeftUpperArm {
              FrameTransformMatrix {
                 0.623735,-0.720586, 0.302840, 0.000000,
                 0.780666, 0.593603,-0.195439, 0.000000,
                -0.038936, 0.358319, 0.932787, 0.000000,
                 0.740700, 4.470301, 0.269599, 1.000000;;
              }
              Frame Armature_LeftLowerArm {
                FrameTransformMatrix {
                   0.977865,-0.132502,-0.161939, 0.000000,
                   0.205557, 0.752893, 0.625218, 0.000000,
                   0.039080,-0.644666, 0.763464, 0.000000,
                   0.000002,19.379499,-0.000001, 1.000000;;
                }
                Frame Armature_LeftHand {
                  FrameTransformMatrix {
                     0.850323, 0.512585, 0.119197, 0.000000,
                    -0.407220, 0.784350,-0.467940, 0.000000,
                    -0.333351, 0.349360, 0.875685, 0.000000,
                    -0.000003,17.771400, 0.000003, 1.000000;;
                  }
                  Frame Armature_LeftIndexProximal {
                    FrameTransformMatrix {
                       0.931254, 0.272053,-0.242389, 0.000000,
                      -0.263696, 0.962281, 0.066935, 0.000000,
                       0.251456, 0.001583, 0.967867, 0.000000,
                       0.287208, 6.742304, 1.062799, 1.000000;;
                    }
                    Frame Armature_LeftIndexIntermediate {
                      FrameTransformMatrix {
                         0.917786,-0.396964, 0.009363, 0.000000,
                         0.396840, 0.917799, 0.012736, 0.000000,
                        -0.013649,-0.007974, 0.999875, 0.000000,
                        -0.000004, 2.055899, 0.000003, 1.000000;;
                      }
                      Frame Armature_LeftIndexDistal {
                        FrameTransformMatrix {
                           0.909513,-0.415385, 0.015502, 0.000000,
                           0.415271, 0.909641, 0.010131, 0.000000,
                          -0.018309,-0.002777, 0.999828, 0.000000,
                           0.000003, 1.448401, 0.000000, 1.000000;;
                        }
                      } // End of Armature_LeftIndexDistal
                    } // End of Armature_LeftIndexIntermediate
                  } // End of Armature_LeftIndexProximal
                  Frame Armature_LeftLittleProximal {
                    FrameTransformMatrix {
                       0.982410,-0.149502, 0.111888, 0.000000,
                       0.164193, 0.976973,-0.136248, 0.000000,
                      -0.088943, 0.152223, 0.984336, 0.000000,
                       0.320104, 6.152400,-2.483900, 1.000000;;
                    }
                    Frame Armature_LeftLittleIntermediate {
                      FrameTransformMatrix {
                         0.778482,-0.627430,-0.017233, 0.000000,
                         0.627595, 0.778515, 0.006217, 0.000000,
                         0.009515,-0.015655, 0.999832, 0.000000,
                         0.000003, 1.734003, 0.000004, 1.000000;;
                      }
                      Frame Armature_LeftLittleDistal {
                        FrameTransformMatrix {
                           0.781855,-0.623451, 0.003283, 0.000000,
                           0.623354, 0.781809, 0.014304, 0.000000,
                          -0.011484,-0.009137, 0.999892, 0.000000,
                           0.000005, 1.156098,-0.000002, 1.000000;;
                        }
                      } // End of Armature_LeftLittleDistal
                    } // End of Armature_LeftLittleIntermediate
                  } // End of Armature_LeftLittleProximal
                  Frame Armature_LeftMiddleProximal {
                    FrameTransformMatrix {
                       0.984719, 0.073522,-0.157872, 0.000000,
                      -0.073576, 0.997275, 0.005515, 0.000000,
                       0.157848, 0.006185, 0.987444, 0.000000,
                       0.298105, 6.922703,-0.118501, 1.000000;;
                    }
                    Frame Armature_LeftMiddleIntermediate {
                      FrameTransformMatrix {
                         0.925759,-0.377682, 0.018058, 0.000000,
                         0.377775, 0.925895,-0.001953, 0.000000,
                        -0.015982, 0.008630, 0.999835, 0.000000,
                         0.000004, 2.359197,-0.000003, 1.000000;;
                      }
                      Frame Armature_LeftMiddleDistal {
                        FrameTransformMatrix {
                           0.802347,-0.596835,-0.005236, 0.000000,
                           0.596828, 0.802363,-0.003080, 0.000000,
                           0.006039,-0.000654, 0.999982, 0.000000,
                          -0.000003, 1.412501, 0.000000, 1.000000;;
                        }
                      } // End of Armature_LeftMiddleDistal
                    } // End of Armature_LeftMiddleIntermediate
                  } // End of Armature_LeftMiddleProximal
                  Frame Armature_LeftRingProximal {
                    FrameTransformMatrix {
                       0.977508,-0.191845,-0.087601, 0.000000,
                       0.184753, 0.979273,-0.083006, 0.000000,
                       0.101710, 0.064955, 0.992691, 0.000000,
                       0.309400, 6.512299,-1.327301, 1.000000;;
                    }
                    Frame Armature_LeftRingIntermediate {
                      FrameTransformMatrix {
                         0.924458,-0.381282, 0.001262, 0.000000,
                         0.381283, 0.924457,-0.001455, 0.000000,
                        -0.000612, 0.001826, 0.999998, 0.000000,
                        -0.000011, 2.251700,-0.000001, 1.000000;;
                      }
                      Frame Armature_LeftRingDistal {
                        FrameTransformMatrix {
                           0.824459,-0.565450,-0.023092, 0.000000,
                           0.565364, 0.824772,-0.010739, 0.000000,
                           0.025118,-0.004201, 0.999676, 0.000000,
                          -0.000005, 1.399201, 0.000000, 1.000000;;
                        }
                      } // End of Armature_LeftRingDistal
                    } // End of Armature_LeftRingIntermediate
                  } // End of Armature_LeftRingProximal
                  Frame Armature_LeftThumbProximal {
                    FrameTransformMatrix {
                       0.650271, 0.219534,-0.727291, 0.000000,
                       0.341060, 0.771080, 0.537693, 0.000000,
                       0.678842,-0.597696, 0.426537, 0.000000,
                       0.681103, 2.782199, 1.884502, 1.000000;;
                    }
                    Frame Armature_LeftThumbIntermediate {
                      FrameTransformMatrix {
                         0.950577,-0.243847, 0.192202, 0.000000,
                         0.279824, 0.941060,-0.190011, 0.000000,
                        -0.134540, 0.234402, 0.962785, 0.000000,
                        -0.000003, 2.014398, 0.000000, 1.000000;;
                      }
                      Frame Armature_LeftThumbDistal {
                        FrameTransformMatrix {
                           0.994308,-0.021652,-0.104321, 0.000000,
                           0.014935, 0.997790,-0.064744, 0.000000,
                           0.105492, 0.062817, 0.992434, 0.000000,
                          -0.000011, 1.328898,-0.000004, 1.000000;;
                        }
                      } // End of Armature_LeftThumbDistal
                    } // End of Armature_LeftThumbIntermediate
                  } // End of Armature_LeftThumbProximal
                } // End of Armature_LeftHand
              } // End of Armature_LeftLowerArm
            } // End of Armature_LeftUpperArm
          } // End of Armature_LeftShoulder
          Frame Armature_Neck {
            FrameTransformMatrix {
               0.997365, 0.062951,-0.036058, 0.000000,
              -0.068911, 0.977447,-0.199623, 0.000000,
               0.022678, 0.201582, 0.979209, 0.000000,
              -0.000002,15.754095,-2.059700, 1.000000;;
            }
            Frame Armature_Head {
              FrameTransformMatrix {
                 0.997365, 0.066403,-0.029217, 0.000000,
                -0.068910, 0.993049,-0.095418, 0.000000,
                 0.022678, 0.097180, 0.995009, 0.000000,
                -0.000004, 5.113902,-0.000002, 1.000000;;
              }
              Frame Armature_Ahoge {
                FrameTransformMatrix {
                   0.737978, 0.363357,-0.568648, 0.000000,
                   0.025267, 0.827191, 0.561352, 0.000000,
                   0.674352,-0.428634, 0.601267, 0.000000,
                  -0.008296,19.574013, 1.486596, 1.000000;;
                }
                Frame Armature_Ahoge_001 {
                  FrameTransformMatrix {
                     0.947942,-0.317799, 0.020227, 0.000000,
                     0.317409, 0.937842,-0.140372, 0.000000,
                     0.025640, 0.139485, 0.989892, 0.000000,
                    -0.000002, 1.847704,-0.000001, 1.000000;;
                  }
                  Frame Armature_Ahoge_002 {
                    FrameTransformMatrix {
                      -0.622097,-0.760748,-0.185090, 0.000000,
                       0.735242,-0.648891, 0.195854, 0.000000,
                      -0.269099,-0.014246, 0.963007, 0.000000,
                       1.029799, 1.470700,-0.000004, 1.000000;;
                    }
                    Frame Armature_Ahoge_003 {
                      FrameTransformMatrix {
                         0.905788,-0.360611, 0.222503, 0.000000,
                         0.320744, 0.926644, 0.196095, 0.000000,
                        -0.276895,-0.106254, 0.955007, 0.000000,
                        -1.211611, 1.278896,-0.375095, 1.000000;;
                      }
                    } // End of Armature_Ahoge_003
                  } // End of Armature_Ahoge_002
                } // End of Armature_Ahoge_001
              } // End of Armature_Ahoge
              Frame Armature_Cheek_Root_L {
                FrameTransformMatrix {
                   0.663790,-0.441226,-0.603906, 0.000000,
                   0.502461,-0.335017, 0.797055, 0.000000,
                  -0.554000,-0.832516,-0.000682, 0.000000,
                   4.139104, 0.634115, 4.734895, 1.000000;;
                }
                Frame Armature_Cheek_L {
                  FrameTransformMatrix {
                     0.847018,-0.068013,-0.527196, 0.000000,
                     0.070457, 0.997395,-0.015473, 0.000000,
                     0.526875,-0.024039, 0.849603, 0.000000,
                    -0.000000, 1.316201,-0.000009, 1.000000;;
                  }
                } // End of Armature_Cheek_L
              } // End of Armature_Cheek_Root_L
              Frame Armature_Cheek_Root_R {
                FrameTransformMatrix {
                   0.663790, 0.441226, 0.603906, 0.000000,
                  -0.502461,-0.335017, 0.797055, 0.000000,
                   0.554000,-0.832516,-0.000682, 0.000000,
                  -4.139095, 0.634118, 4.734895, 1.000000;;
                }
                Frame Armature_Cheek_R {
                  FrameTransformMatrix {
                     0.847018, 0.068013, 0.527196, 0.000000,
                    -0.070457, 0.997395,-0.015473, 0.000000,
                    -0.526875,-0.024038, 0.849603, 0.000000,
                     0.000006, 1.316198,-0.000002, 1.000000;;
                  }
                } // End of Armature_Cheek_R
              } // End of Armature_Cheek_Root_R
              Frame Armature_Ear_L {
                FrameTransformMatrix {
                   0.732097,-0.644693,-0.220010, 0.000000,
                   0.664302, 0.604185, 0.440072, 0.000000,
                  -0.150785,-0.468328, 0.870593, 0.000000,
                   7.105504,15.672814,-1.331506, 1.000000;;
                }
                Frame Armature_Ear_L_001 {
                  FrameTransformMatrix {
                     0.985751, 0.153547,-0.068698, 0.000000,
                    -0.145327, 0.983038, 0.111879, 0.000000,
                     0.084711,-0.100301, 0.991344, 0.000000,
                     0.000004, 4.223304, 0.000001, 1.000000;;
                  }
                } // End of Armature_Ear_L_001
              } // End of Armature_Ear_L
              Frame Armature_Ear_R {
                FrameTransformMatrix {
                   0.732097, 0.644693, 0.220010, 0.000000,
                  -0.664302, 0.604185, 0.440072, 0.000000,
                   0.150785,-0.468328, 0.870593, 0.000000,
                  -7.105497,15.672812,-1.331508, 1.000000;;
                }
                Frame Armature_Ear_R_001 {
                  FrameTransformMatrix {
                     0.985750,-0.153547, 0.068698, 0.000000,
                     0.145327, 0.983038, 0.111879, 0.000000,
                    -0.084711,-0.100301, 0.991344, 0.000000,
                    -0.000015, 4.223294,-0.000001, 1.000000;;
                  }
                } // End of Armature_Ear_R_001
              } // End of Armature_Ear_R
              Frame Armature_Hair_back_root {
                FrameTransformMatrix {
                   1.000000,-0.000000,-0.000000, 0.000000,
                  -0.000000, 0.163758,-0.986501, 0.000000,
                   0.000000, 0.986500, 0.163758, 0.000000,
                   0.000005, 6.663910, 1.106197, 1.000000;;
                }
                Frame Armature_Hair_back {
                  FrameTransformMatrix {
                     1.000000, 0.000000,-0.000000, 0.000000,
                     0.000000,-0.426932,-0.904284, 0.000000,
                    -0.000000, 0.904284,-0.426932, 0.000000,
                     0.000001, 9.775101,-2.228098, 1.000000;;
                  }
                } // End of Armature_Hair_back
                Frame Armature_Hair_back_L {
                  FrameTransformMatrix {
                     0.208712,-0.943489, 0.257426, 0.000000,
                    -0.345891,-0.317424,-0.882951, 0.000000,
                     0.914767, 0.095241,-0.392594, 0.000000,
                     8.995897, 4.126602,-2.526009, 1.000000;;
                  }
                } // End of Armature_Hair_back_L
                Frame Armature_Hair_back_R {
                  FrameTransformMatrix {
                     0.208712, 0.943489,-0.257426, 0.000000,
                     0.345891,-0.317424,-0.882951, 0.000000,
                    -0.914767, 0.095241,-0.392594, 0.000000,
                    -8.995898, 4.126601,-2.526007, 1.000000;;
                  }
                } // End of Armature_Hair_back_R
              } // End of Armature_Hair_back_root
              Frame Armature_Hair_front {
                FrameTransformMatrix {
                   0.999945, 0.001105,-0.010419, 0.000000,
                  -0.000000,-0.994422,-0.105474, 0.000000,
                  -0.010478, 0.105468,-0.994363, 0.000000,
                   0.000005,11.575110,10.900694, 1.000000;;
                }
                Frame Armature_Hair_front_001 {
                  FrameTransformMatrix {
                     1.000000,-0.000000,-0.000005, 0.000000,
                     0.000000, 1.000000, 0.000000, 0.000000,
                     0.000005,-0.000000, 1.000000, 0.000000,
                    -0.000000, 4.711404,-0.000000, 1.000000;;
                  }
                } // End of Armature_Hair_front_001
              } // End of Armature_Hair_front
              Frame Armature_Hair_side_L {
                FrameTransformMatrix {
                  -0.930719, 0.339895, 0.135027, 0.000000,
                  -0.352241,-0.932412,-0.080836, 0.000000,
                   0.098425,-0.122798, 0.987539, 0.000000,
                   9.987205, 6.098611, 3.489696, 1.000000;;
                }
                Frame Armature_Hair_side_L_001 {
                  FrameTransformMatrix {
                     0.843475,-0.332255,-0.422085, 0.000000,
                     0.286626, 0.942934,-0.169474, 0.000000,
                     0.454307, 0.021966, 0.890574, 0.000000,
                     0.000000, 5.850509,-0.000000, 1.000000;;
                  }
                } // End of Armature_Hair_side_L_001
              } // End of Armature_Hair_side_L
              Frame Armature_Hair_side_R {
                FrameTransformMatrix {
                  -0.930719,-0.339895,-0.135027, 0.000000,
                   0.352241,-0.932412,-0.080836, 0.000000,
                  -0.098425,-0.122798, 0.987539, 0.000000,
                  -9.987198, 6.098612, 3.489696, 1.000000;;
                }
                Frame Armature_Hair_side_R_001 {
                  FrameTransformMatrix {
                     0.843475, 0.332255, 0.422085, 0.000000,
                    -0.286626, 0.942934,-0.169474, 0.000000,
                    -0.454307, 0.021966, 0.890574, 0.000000,
                     0.000005, 5.850497, 0.000002, 1.000000;;
                  }
                } // End of Armature_Hair_side_R_001
              } // End of Armature_Hair_side_R
              Frame Armature_LeftEye {
                FrameTransformMatrix {
                   1.000000,-0.000000,-0.000000, 0.000000,
                   0.000000, 0.994422, 0.105472, 0.000000,
                   0.000000,-0.105472, 0.994422, 0.000000,
                   3.744004, 4.494813, 5.443493, 1.000000;;
                }
              } // End of Armature_LeftEye
              Frame Armature_RightEye {
                FrameTransformMatrix {
                   1.000000,-0.000000,-0.000000, 0.000000,
                   0.000000, 0.994422, 0.105472, 0.000000,
                   0.000000,-0.105472, 0.994422, 0.000000,
                  -3.743995, 4.494813, 5.443497, 1.000000;;
                }
              } // End of Armature_RightEye
            } // End of Armature_Head
          } // End of Armature_Neck
          Frame Armature_RightShoulder {
            FrameTransformMatrix {
              -0.199389, 0.978279, 0.056697, 0.000000,
              -0.972021,-0.204782, 0.115065, 0.000000,
               0.124176,-0.032168, 0.991739, 0.000000,
              -2.389500,13.985298,-2.140200, 1.000000;;
            }
            Frame Armature_RightUpperArm {
              FrameTransformMatrix {
                 0.468650, 0.519499,-0.714484, 0.000000,
                -0.804307, 0.585407,-0.101921, 0.000000,
                 0.365317, 0.622430, 0.692188, 0.000000,
                -0.740700, 4.470300, 0.269600, 1.000000;;
              }
              Frame Armature_RightLowerArm {
                FrameTransformMatrix {
                   0.968674, 0.189770,-0.160182, 0.000000,
                  -0.067417, 0.821748, 0.565849, 0.000000,
                   0.239010,-0.537324, 0.808800, 0.000000,
                  -0.000000,19.379503, 0.000000, 1.000000;;
                }
                Frame Armature_RightHand {
                  FrameTransformMatrix {
                     0.934720,-0.343959,-0.089392, 0.000000,
                     0.306318, 0.907297,-0.288065, 0.000000,
                     0.180187, 0.241878, 0.953429, 0.000000,
                    -0.000001,17.771400,-0.000002, 1.000000;;
                  }
                  Frame Armature_RightIndexProximal {
                    FrameTransformMatrix {
                       0.922099,-0.256089, 0.290090, 0.000000,
                       0.183910, 0.949629, 0.253736, 0.000000,
                      -0.340456,-0.180620, 0.922749, 0.000000,
                      -0.287204, 6.742295, 1.062800, 1.000000;;
                    }
                    Frame Armature_RightIndexIntermediate {
                      FrameTransformMatrix {
                         0.970175, 0.242198,-0.010052, 0.000000,
                        -0.242158, 0.970224, 0.005052, 0.000000,
                         0.010976,-0.002467, 0.999937, 0.000000,
                        -0.000000, 2.055901, 0.000001, 1.000000;;
                      }
                      Frame Armature_RightIndexDistal {
                        FrameTransformMatrix {
                           0.944048, 0.329465,-0.015059, 0.000000,
                          -0.329399, 0.944167, 0.006801, 0.000000,
                           0.016459,-0.001460, 0.999863, 0.000000,
                          -0.000002, 1.448404,-0.000002, 1.000000;;
                        }
                      } // End of Armature_RightIndexDistal
                    } // End of Armature_RightIndexIntermediate
                  } // End of Armature_RightIndexProximal
                  Frame Armature_RightLittleProximal {
                    FrameTransformMatrix {
                       0.936147, 0.073201,-0.343905, 0.000000,
                      -0.192730, 0.924892,-0.327766, 0.000000,
                       0.294082, 0.373118, 0.879943, 0.000000,
                      -0.320103, 6.152400,-2.483900, 1.000000;;
                    }
                    Frame Armature_RightLittleIntermediate {
                      FrameTransformMatrix {
                         0.840301, 0.541802, 0.018580, 0.000000,
                        -0.541994, 0.840352, 0.007134, 0.000000,
                        -0.011749,-0.016065, 0.999802, 0.000000,
                        -0.000000, 1.734000, 0.000001, 1.000000;;
                      }
                      Frame Armature_RightLittleDistal {
                        FrameTransformMatrix {
                           0.843927, 0.536452,-0.002585, 0.000000,
                          -0.536367, 0.843863, 0.014321, 0.000000,
                           0.009864,-0.010699, 0.999894, 0.000000,
                          -0.000000, 1.156102,-0.000002, 1.000000;;
                        }
                      } // End of Armature_RightLittleDistal
                    } // End of Armature_RightLittleIntermediate
                  } // End of Armature_RightLittleProximal
                  Frame Armature_RightMiddleProximal {
                    FrameTransformMatrix {
                       0.990676,-0.110645, 0.079493, 0.000000,
                       0.108176, 0.993525, 0.034735, 0.000000,
                      -0.082821,-0.025812, 0.996230, 0.000000,
                      -0.298103, 6.922699,-0.118501, 1.000000;;
                    }
                    Frame Armature_RightMiddleIntermediate {
                      FrameTransformMatrix {
                         0.921273, 0.388643,-0.014601, 0.000000,
                        -0.388679, 0.921373, 0.000399, 0.000000,
                         0.013608, 0.005308, 0.999893, 0.000000,
                         0.000000, 2.359198, 0.000005, 1.000000;;
                      }
                      Frame Armature_RightMiddleDistal {
                        FrameTransformMatrix {
                           0.818891, 0.573868, 0.009590, 0.000000,
                          -0.573906, 0.818919, 0.001562, 0.000000,
                          -0.006957,-0.006783, 0.999953, 0.000000,
                           0.000001, 1.412500, 0.000006, 1.000000;;
                        }
                      } // End of Armature_RightMiddleDistal
                    } // End of Armature_RightMiddleIntermediate
                  } // End of Armature_RightMiddleProximal
                  Frame Armature_RightRingProximal {
                    FrameTransformMatrix {
                       0.988114, 0.071045,-0.136321, 0.000000,
                      -0.097175, 0.975817,-0.195805, 0.000000,
                       0.119113, 0.206724, 0.971122, 0.000000,
                      -0.309400, 6.512296,-1.327301, 1.000000;;
                    }
                    Frame Armature_RightRingIntermediate {
                      FrameTransformMatrix {
                         0.926306, 0.376770, 0.001177, 0.000000,
                        -0.376771, 0.926305, 0.001441, 0.000000,
                        -0.000547,-0.001778, 0.999998, 0.000000,
                         0.000001, 2.251702, 0.000000, 1.000000;;
                      }
                      Frame Armature_RightRingDistal {
                        FrameTransformMatrix {
                           0.872104, 0.488502, 0.028305, 0.000000,
                          -0.488515, 0.872528,-0.006917, 0.000000,
                          -0.028076,-0.007795, 0.999575, 0.000000,
                           0.000001, 1.399203,-0.000002, 1.000000;;
                        }
                      } // End of Armature_RightRingDistal
                    } // End of Armature_RightRingIntermediate
                  } // End of Armature_RightRingProximal
                  Frame Armature_RightThumbProximal {
                    FrameTransformMatrix {
                       0.627124,-0.269368, 0.730861, 0.000000,
                      -0.317367, 0.768520, 0.555568, 0.000000,
                      -0.711333,-0.580361, 0.396469, 0.000000,
                      -0.681103, 2.782198, 1.884499, 1.000000;;
                    }
                    Frame Armature_RightThumbIntermediate {
                      FrameTransformMatrix {
                         0.974389, 0.136389,-0.178782, 0.000000,
                        -0.151560, 0.985668,-0.074079, 0.000000,
                         0.166116, 0.099278, 0.981096, 0.000000,
                         0.000004, 2.014400,-0.000002, 1.000000;;
                      }
                      Frame Armature_RightThumbDistal {
                        FrameTransformMatrix {
                           0.992521, 0.060673, 0.105932, 0.000000,
                          -0.040895, 0.982858,-0.179772, 0.000000,
                          -0.115023, 0.174096, 0.977988, 0.000000,
                           0.000001, 1.328901,-0.000003, 1.000000;;
                        }
                      } // End of Armature_RightThumbDistal
                    } // End of Armature_RightThumbIntermediate
                  } // End of Armature_RightThumbProximal
                } // End of Armature_RightHand
              } // End of Armature_RightLowerArm
            } // End of Armature_RightUpperArm
          } // End of Armature_RightShoulder
          Frame Armature_String_L {
            FrameTransformMatrix {
               0.993918, 0.092910,-0.059126, 0.000000,
               0.109675,-0.883693, 0.455037, 0.000000,
              -0.009971,-0.458753,-0.888509, 0.000000,
               4.439599,13.765297, 4.559700, 1.000000;;
            }
            Frame Armature_String_L_001 {
              FrameTransformMatrix {
                 0.997030, 0.073858, 0.021802, 0.000000,
                -0.076794, 0.974685, 0.209982, 0.000000,
                -0.005742,-0.211033, 0.977462, 0.000000,
                 0.000002, 5.379191, 0.000002, 1.000000;;
              }
              Frame Armature_String_L_002 {
                FrameTransformMatrix {
                   0.999888,-0.002970, 0.014634, 0.000000,
                   0.001425, 0.994528, 0.104456, 0.000000,
                  -0.014864,-0.104424, 0.994422, 0.000000,
                  -0.000000, 7.558309,-0.000002, 1.000000;;
                }
                Frame Armature_String_L_003 {
                  FrameTransformMatrix {
                     0.995436, 0.036981,-0.087973, 0.000000,
                    -0.027291, 0.993678, 0.108904, 0.000000,
                     0.091444,-0.106006, 0.990152, 0.000000,
                     0.000002, 7.366590,-0.000000, 1.000000;;
                  }
                } // End of Armature_String_L_003
              } // End of Armature_String_L_002
            } // End of Armature_String_L_001
          } // End of Armature_String_L
          Frame Armature_String_R {
            FrameTransformMatrix {
               0.993918,-0.092910, 0.059126, 0.000000,
              -0.109675,-0.883693, 0.455037, 0.000000,
               0.009971,-0.458753,-0.888509, 0.000000,
              -4.439600,13.765296, 4.559700, 1.000000;;
            }
            Frame Armature_String_R_001 {
              FrameTransformMatrix {
                 0.997030,-0.073858,-0.021802, 0.000000,
                 0.076794, 0.974685, 0.209982, 0.000000,
                 0.005742,-0.211033, 0.977462, 0.000000,
                -0.000000, 5.379202, 0.000005, 1.000000;;
              }
              Frame Armature_String_R_002 {
                FrameTransformMatrix {
                   0.999889, 0.002970,-0.014634, 0.000000,
                  -0.001425, 0.994528, 0.104456, 0.000000,
                   0.014864,-0.104424, 0.994422, 0.000000,
                   0.000000, 7.558313, 0.000004, 1.000000;;
                }
                Frame Armature_String_R_003 {
                  FrameTransformMatrix {
                     0.995436,-0.036981, 0.087973, 0.000000,
                     0.027291, 0.993677, 0.108904, 0.000000,
                    -0.091444,-0.106006, 0.990152, 0.000000,
                    -0.000000, 7.366586,-0.000002, 1.000000;;
                  }
                } // End of Armature_String_R_003
              } // End of Armature_String_R_002
            } // End of Armature_String_R_001
          } // End of Armature_String_R
        } // End of Armature_Chest
      } // End of Armature_Spine
      Frame Armature_Tail {
        FrameTransformMatrix {
           1.000000, 0.000000, 0.000000, 0.000000,
           0.000000, 0.813705,-0.581278, 0.000000,
           0.000000, 0.581278, 0.813705, 0.000000,
           0.000000, 7.903000,-3.502998, 1.000000;;
        }
        Frame Armature_Tail_001 {
          FrameTransformMatrix {
             1.000000, 0.000000, 0.000000, 0.000000,
             0.000000, 0.824661,-0.565628, 0.000000,
             0.000000, 0.565628, 0.824661, 0.000000,
             0.000000, 7.600997,-0.000001, 1.000000;;
          }
          Frame Armature_Tail_002 {
            FrameTransformMatrix {
               1.000000, 0.000000, 0.000000, 0.000000,
               0.000000, 0.953362,-0.301831, 0.000000,
               0.000000, 0.301831, 0.953361, 0.000000,
               0.000000,10.252001,-0.000002, 1.000000;;
            }
            Frame Armature_Tail_003 {
              FrameTransformMatrix {
                 1.000000, 0.000000, 0.000000, 0.000000,
                 0.000000, 0.978420, 0.206628, 0.000000,
                 0.000000,-0.206628, 0.978420, 0.000000,
                 0.000000, 8.780499,-0.000002, 1.000000;;
              }
              Frame Armature_Tail_004 {
                FrameTransformMatrix {
                   1.000000, 0.000000, 0.000000, 0.000000,
                   0.000000, 0.806989, 0.590566, 0.000000,
                   0.000000,-0.590566, 0.806989, 0.000000,
                   0.000000, 8.834501, 0.000002, 1.000000;;
                }
                Frame Armature_Tail_005 {
                  FrameTransformMatrix {
                     1.000000, 0.000000, 0.000000, 0.000000,
                     0.000000, 0.879282, 0.476301, 0.000000,
                     0.000000,-0.476301, 0.879282, 0.000000,
                     0.000000, 7.747303, 0.000002, 1.000000;;
                  }
                } // End of Armature_Tail_005
              } // End of Armature_Tail_004
            } // End of Armature_Tail_003
          } // End of Armature_Tail_002
        } // End of Armature_Tail_001
      } // End of Armature_Tail
    } // End of Armature_Hips
  } // End of Armature
} // End of Root
AnimationSet Global {
  Animation {
    {Armature}
    AnimationKey { // Rotation
      0;
      97;
      0;4;-0.749945, 0.608710,-0.181467,-0.184727;;,
      1;4;-0.747542, 0.611373,-0.181563,-0.185575;;,
      2;4;-0.745808, 0.614419,-0.177790,-0.186147;;,
      3;4;-0.745163, 0.617801,-0.170178,-0.184645;;,
      4;4;-0.745672, 0.621277,-0.160780,-0.179271;;,
      5;4;-0.746881, 0.624867,-0.150844,-0.170163;;,
      6;4;-0.748546, 0.628202,-0.140239,-0.159293;;,
      7;4;-0.750492, 0.630848,-0.129377,-0.148506;;,
      8;4;-0.752406, 0.632743,-0.119397,-0.138798;;,
      9;4;-0.754071, 0.634061,-0.111044,-0.130437;;,
      10;4;-0.755162, 0.635298,-0.104003,-0.123734;;,
      11;4;-0.755449, 0.636965,-0.097522,-0.118584;;,
      12;4;-0.754772, 0.639429,-0.090940,-0.114802;;,
      13;4;-0.752963, 0.642968,-0.083987,-0.112185;;,
      14;4;-0.749951, 0.647632,-0.077099,-0.110462;;,
      15;4;-0.746208, 0.652695,-0.071422,-0.109823;;,
      16;4;-0.742456, 0.657062,-0.068409,-0.111124;;,
      17;4;-0.739364, 0.659793,-0.069356,-0.114910;;,
      18;4;-0.737170, 0.660475,-0.074839,-0.121460;;,
      19;4;-0.735759, 0.659226,-0.083382,-0.130868;;,
      20;4;-0.734939, 0.656784,-0.091318,-0.141985;;,
      21;4;-0.734620, 0.654523,-0.093813,-0.152093;;,
      22;4;-0.734137, 0.655206,-0.087910,-0.154982;;,
      23;4;-0.733444, 0.659567,-0.073229,-0.147206;;,
      24;4;-0.730872, 0.667769,-0.051672,-0.131303;;,
      25;4;-0.724887, 0.678825,-0.027857,-0.113838;;,
      26;4;-0.715322, 0.691412,-0.006722,-0.101088;;,
      27;4;-0.703498, 0.704328, 0.007607,-0.094628;;,
      28;4;-0.692633, 0.715262, 0.012578,-0.092200;;,
      29;4;-0.683756, 0.723914, 0.008684,-0.091386;;,
      30;4;-0.675940, 0.731267,-0.001039,-0.091388;;,
      31;4;-0.667078, 0.739079,-0.013233,-0.092704;;,
      32;4;-0.656228, 0.747836,-0.024907,-0.097398;;,
      33;4;-0.644265, 0.756734,-0.034819,-0.105186;;,
      34;4;-0.632002, 0.765083,-0.043146,-0.115588;;,
      35;4;-0.620382, 0.772108,-0.050988,-0.127966;;,
      36;4;-0.608983, 0.778169,-0.059151,-0.141754;;,
      37;4;-0.598480, 0.782707,-0.067700,-0.156869;;,
      38;4;-0.587485, 0.787204,-0.075441,-0.171697;;,
      39;4;-0.575640, 0.792425,-0.080960,-0.184789;;,
      40;4;-0.562573, 0.799232,-0.083147,-0.194489;;,
      41;4;-0.548462, 0.807579,-0.082761,-0.200391;;,
      42;4;-0.533016, 0.817389,-0.080174,-0.203325;;,
      43;4;-0.516305, 0.828307,-0.075897,-0.203903;;,
      44;4;-0.498026, 0.840329,-0.069892,-0.202320;;,
      45;4;-0.477805, 0.853696,-0.061863,-0.197684;;,
      46;4;-0.455186, 0.868555,-0.051934,-0.189000;;,
      47;4;-0.429481, 0.884851,-0.040531,-0.175904;;,
      48;4;-0.400224, 0.902015,-0.028668,-0.159272;;,
      49;4;-0.367252, 0.919273,-0.017126,-0.140608;;,
      50;4;-0.329955, 0.936137,-0.006169,-0.121403;;,
      51;4;-0.286659, 0.952542, 0.004222,-0.102338;;,
      52;4;-0.234295, 0.968509, 0.013750,-0.083108;;,
      53;4;-0.169968, 0.983241, 0.022189,-0.062093;;,
      54;4;-0.096265, 0.994291, 0.027315,-0.037049;;,
      55;4;-0.021115, 0.999353, 0.027997,-0.008015;;,
      56;4; 0.044208, 0.998469, 0.023585, 0.023430;;,
      57;4; 0.092617, 0.994135, 0.017425, 0.053043;;,
      58;4; 0.126469, 0.988907, 0.012900, 0.076825;;,
      59;4; 0.151435, 0.984070, 0.011876, 0.092372;;,
      60;4; 0.173020, 0.979682, 0.014119, 0.100442;;,
      61;4; 0.192040, 0.975673, 0.019226, 0.103985;;,
      62;4; 0.207086, 0.972185, 0.026131, 0.106248;;,
      63;4; 0.215890, 0.969727, 0.034209, 0.108861;;,
      64;4; 0.218042, 0.968549, 0.042490, 0.112095;;,
      65;4; 0.214206, 0.968623, 0.050247, 0.115587;;,
      66;4; 0.205467, 0.969703, 0.057237, 0.119091;;,
      67;4; 0.192320, 0.971614, 0.063458, 0.122278;;,
