xof 0303txt 0032

template XSkinMeshHeader {
  <3cf169ce-ff7c-44ab-93c0-f78f62d172e2>
  WORD nMaxSkinWeightsPerVertex;
  WORD nMaxSkinWeightsPerFace;
  WORD nBones;
}

template SkinWeights {
  <6f0d123b-bad2-4167-a0d0-80224f25fabb>
  STRING transformNodeName;
  DWORD nWeights;
  array DWORD vertexIndices[nWeights];
  array float weights[nWeights];
  Matrix4x4 matrixOffset;
}

Frame Root {
  FrameTransformMatrix {
     1.000000, 0.000000, 0.000000, 0.000000,
     0.000000,-0.000000,-1.000000, 0.000000,
     0.000000, 1.000000,-0.000000, 0.000000,
     0.000000, 0.000000, 0.000000, 1.000000;;
  }
  Frame Armature {
    FrameTransformMatrix {
       0.089885,-0.093518, 0.008666, 0.000000,
       0.000118, 0.012108, 0.129435, 0.000000,
      -0.093919,-0.089486, 0.008457, 0.000000,
       0.013906,-0.742955,-1.296174, 1.000000;;
    }
    Frame Armature_Hips {
      FrameTransformMatrix {
         1.000000, 0.000000, 0.000000, 0.000000,
         0.000000, 0.000000,-1.000000, 0.000000,
         0.000000, 1.000000, 0.000000, 0.000000,
         0.000000,71.285698, 0.000000, 1.000000;;
      }
      Frame Armature_LeftUpperLeg {
        FrameTransformMatrix {
          -0.946319,-0.269296,-0.178776, 0.000000,
           0.293794,-0.485967,-0.823117, 0.000000,
           0.134783,-0.831454, 0.538997, 0.000000,
           6.630000, 0.000000,-10.307499, 1.000000;;
        }
        Frame Armature_LeftLowerLeg {
          FrameTransformMatrix {
            -0.990878, 0.058218, 0.121540, 0.000000,
            -0.082928, 0.447489,-0.890436, 0.000000,
            -0.106228,-0.892393,-0.438578, 0.000000,
             0.000001,26.797100, 0.046000, 1.000000;;
          }
          Frame Armature_LeftFoot {
            FrameTransformMatrix {
               0.958759, 0.154735,-0.238407, 0.000000,
              -0.260766, 0.145233,-0.954415, 0.000000,
              -0.113057, 0.977223, 0.179594, 0.000000,
               0.000001,27.300398, 0.000000, 1.000000;;
            }
            Frame Armature_LeftToeBase {
              FrameTransformMatrix {
                 1.000000, 0.000000, 0.000000, 0.000000,
                -0.000000, 0.834754,-0.550624, 0.000000,
                -0.000000, 0.550624, 0.834754, 0.000000,
                -0.000000, 9.364000,-0.000001, 1.000000;;
              }
            } // End of Armature_LeftToeBase
          } // End of Armature_LeftFoot
        } // End of Armature_LeftLowerLeg
      } // End of Armature_LeftUpperLeg
      Frame Armature_RightUpperLeg {
        FrameTransformMatrix {
          -0.866875, 0.346975, 0.357960, 0.000000,
          -0.464387,-0.300892,-0.832952, 0.000000,
          -0.181307,-0.888297, 0.421966, 0.000000,
          -6.630000, 0.000000,-10.307499, 1.000000;;
        }
        Frame Armature_RightLowerLeg {
          FrameTransformMatrix {
            -0.977421, 0.209525,-0.027347, 0.000000,
             0.118344, 0.435601,-0.892327, 0.000000,
            -0.175052,-0.875415,-0.450561, 0.000000,
             0.000004,26.797100, 0.046001, 1.000000;;
          }
          Frame Armature_RightFoot {
            FrameTransformMatrix {
               0.927135,-0.362730, 0.094056, 0.000000,
               0.131357, 0.079522,-0.988140, 0.000000,
               0.350949, 0.928495, 0.121375, 0.000000,
               0.000003,27.300402, 0.000000, 1.000000;;
            }
            Frame Armature_RightToeBase {
              FrameTransformMatrix {
                 1.000000,-0.000008,-0.000009, 0.000000,
                 0.000002, 0.849625,-0.527388, 0.000000,
                 0.000012, 0.527388, 0.849625, 0.000000,
                -0.000001, 9.363997,-0.000001, 1.000000;;
              }
            } // End of Armature_RightToeBase
          } // End of Armature_RightFoot
        } // End of Armature_RightLowerLeg
      } // End of Armature_RightUpperLeg
      Frame Armature_Spine {
        FrameTransformMatrix {
           0.998313, 0.055981,-0.015420, 0.000000,
           0.019807,-0.078671, 0.996704, 0.000000,
           0.054583,-0.995327,-0.079647, 0.000000,
           0.000000, 0.000000, 0.979401, 1.000000;;
        }
        Frame Armature_Chest {
          FrameTransformMatrix {
             0.993422,-0.027014,-0.111277, 0.000000,
             0.044269, 0.986821, 0.155641, 0.000000,
             0.105606,-0.159543, 0.981526, 0.000000,
            -0.000000, 6.851404, 0.000000, 1.000000;;
          }
          Frame Armature_LeftShoulder {
            FrameTransformMatrix {
              -0.000705,-0.966309,-0.257384, 0.000000,
               0.993712, 0.028140,-0.108371, 0.000000,
               0.111963,-0.255842, 0.960213, 0.000000,
               2.389500,13.985302,-2.140199, 1.000000;;
            }
            Frame Armature_LeftUpperArm {
              FrameTransformMatrix {
                 0.042662,-0.846185, 0.531179, 0.000000,
                 0.444213, 0.492287, 0.748551, 0.000000,
                -0.894905, 0.204022, 0.396888, 0.000000,
                 0.740706, 4.470300, 0.269604, 1.000000;;
              }
              Frame Armature_LeftLowerArm {
                FrameTransformMatrix {
                   0.999946, 0.008914,-0.005404, 0.000000,
                   0.007696,-0.281639, 0.959490, 0.000000,
                   0.007031,-0.959479,-0.281692, 0.000000,
                   0.000004,19.379509,-0.000003, 1.000000;;
                }
                Frame Armature_LeftHand {
                  FrameTransformMatrix {
                     0.971102,-0.227444,-0.072324, 0.000000,
                     0.235749, 0.961364, 0.142136, 0.000000,
                     0.037202,-0.155079, 0.987201, 0.000000,
                     0.000003,17.771399, 0.000003, 1.000000;;
                  }
                  Frame Armature_LeftIndexProximal {
                    FrameTransformMatrix {
                       0.664816,-0.746666, 0.022588, 0.000000,
                       0.746800, 0.663615,-0.043644, 0.000000,
                       0.017598, 0.045884, 0.998792, 0.000000,
                       0.287197, 6.742298, 1.062799, 1.000000;;
                    }
                    Frame Armature_LeftIndexIntermediate {
                      FrameTransformMatrix {
                         0.037611,-0.997063, 0.066717, 0.000000,
                         0.997573, 0.033547,-0.061016, 0.000000,
                         0.058599, 0.068850, 0.995905, 0.000000,
                        -0.000000, 2.055900,-0.000002, 1.000000;;
                      }
                      Frame Armature_LeftIndexDistal {
                        FrameTransformMatrix {
                           0.631194,-0.774645, 0.038988, 0.000000,
                           0.775440, 0.629147,-0.053546, 0.000000,
                           0.016951, 0.064031, 0.997804, 0.000000,
                           0.000002, 1.448396, 0.000004, 1.000000;;
                        }
                      } // End of Armature_LeftIndexDistal
                    } // End of Armature_LeftIndexIntermediate
                  } // End of Armature_LeftIndexProximal
                  Frame Armature_LeftLittleProximal {
                    FrameTransformMatrix {
                       0.662841,-0.730694, 0.163490, 0.000000,
                       0.746189, 0.662705,-0.063431, 0.000000,
                      -0.061997, 0.164039, 0.984504, 0.000000,
                       0.320099, 6.152394,-2.483905, 1.000000;;
                    }
                    Frame Armature_LeftLittleIntermediate {
                      FrameTransformMatrix {
                         0.091943,-0.993787, 0.062727, 0.000000,
                         0.992781, 0.086613,-0.082971, 0.000000,
                         0.077023, 0.069902, 0.994576, 0.000000,
                         0.000004, 1.733996, 0.000000, 1.000000;;
                      }
                      Frame Armature_LeftLittleDistal {
                        FrameTransformMatrix {
                          -0.480005,-0.869704, 0.114938, 0.000000,
                           0.870419,-0.488491,-0.061225, 0.000000,
                           0.109394, 0.070656, 0.991484, 0.000000,
                          -0.000002, 1.156107, 0.000001, 1.000000;;
                        }
                      } // End of Armature_LeftLittleDistal
                    } // End of Armature_LeftLittleIntermediate
                  } // End of Armature_LeftLittleProximal
                  Frame Armature_LeftMiddleProximal {
                    FrameTransformMatrix {
                       0.740026,-0.670849, 0.048201, 0.000000,
                       0.672571, 0.738452,-0.048336, 0.000000,
                      -0.003168, 0.068188, 0.997668, 0.000000,
                       0.298099, 6.922696,-0.118501, 1.000000;;
                    }
                    Frame Armature_LeftMiddleIntermediate {
                      FrameTransformMatrix {
                        -0.094021,-0.990212, 0.103153, 0.000000,
                         0.991828,-0.102140,-0.076457, 0.000000,
                         0.086245, 0.095121, 0.991723, 0.000000,
                         0.000005, 2.359201, 0.000005, 1.000000;;
                      }
                      Frame Armature_LeftMiddleDistal {
                        FrameTransformMatrix {
                           0.629006,-0.776603, 0.035200, 0.000000,
                           0.776570, 0.625599,-0.074599, 0.000000,
                           0.035912, 0.074258, 0.996592, 0.000000,
                          -0.000002, 1.412496,-0.000002, 1.000000;;
                        }
                      } // End of Armature_LeftMiddleDistal
                    } // End of Armature_LeftMiddleIntermediate
                  } // End of Armature_LeftMiddleProximal
                  Frame Armature_LeftRingProximal {
                    FrameTransformMatrix {
                       0.739662,-0.669833, 0.064993, 0.000000,
                       0.672977, 0.735985,-0.073673, 0.000000,
                       0.001515, 0.098232, 0.995163, 0.000000,
                       0.309395, 6.512296,-1.327303, 1.000000;;
                    }
                    Frame Armature_LeftRingIntermediate {
                      FrameTransformMatrix {
                        -0.384718,-0.913702, 0.130924, 0.000000,
                         0.913776,-0.397048,-0.085827, 0.000000,
                         0.130404, 0.086616, 0.987670, 0.000000,
                        -0.000004, 2.251701, 0.000002, 1.000000;;
                      }
                      Frame Armature_LeftRingDistal {
                        FrameTransformMatrix {
                           0.455201,-0.889993, 0.026546, 0.000000,
                           0.888161, 0.451753,-0.084195, 0.000000,
                           0.062941, 0.061903, 0.996096, 0.000000,
                          -0.000002, 1.399202,-0.000003, 1.000000;;
                        }
                      } // End of Armature_LeftRingDistal
                    } // End of Armature_LeftRingIntermediate
                  } // End of Armature_LeftRingProximal
                  Frame Armature_LeftThumbProximal {
                    FrameTransformMatrix {
                       0.735251, 0.112334,-0.668422, 0.000000,
                       0.484998, 0.601704, 0.634610, 0.000000,
                       0.473480,-0.790780, 0.387922, 0.000000,
                       0.681100, 2.782191, 1.884497, 1.000000;;
                    }
                    Frame Armature_LeftThumbIntermediate {
                      FrameTransformMatrix {
                         0.861203,-0.426340, 0.276699, 0.000000,
                         0.508247, 0.726295,-0.462796, 0.000000,
                        -0.003657, 0.539193, 0.842174, 0.000000,
                         0.000001, 2.014395, 0.000000, 1.000000;;
                      }
                      Frame Armature_LeftThumbDistal {
                        FrameTransformMatrix {
                           0.962884, 0.046387,-0.265901, 0.000000,
                          -0.159648, 0.892205,-0.422473, 0.000000,
                           0.217641, 0.449243, 0.866495, 0.000000,
                           0.000013, 1.328896,-0.000004, 1.000000;;
                        }
                      } // End of Armature_LeftThumbDistal
                    } // End of Armature_LeftThumbIntermediate
                  } // End of Armature_LeftThumbProximal
                } // End of Armature_LeftHand
              } // End of Armature_LeftLowerArm
            } // End of Armature_LeftUpperArm
          } // End of Armature_LeftShoulder
          Frame Armature_Neck {
            FrameTransformMatrix {
               0.998739, 0.001195,-0.050191, 0.000000,
              -0.004560, 0.997743,-0.066991, 0.000000,
               0.049997, 0.067135, 0.996490, 0.000000,
              -0.000000,15.754106,-2.059699, 1.000000;;
            }
            Frame Armature_Head {
              FrameTransformMatrix {
                 0.998739, 0.006482,-0.049784, 0.000000,
                -0.004560, 0.999244, 0.038616, 0.000000,
                 0.049997,-0.038340, 0.998013, 0.000000,
                 0.000001, 5.113893, 0.000001, 1.000000;;
              }
              Frame Armature_Ahoge {
                FrameTransformMatrix {
                   0.748447, 0.388693,-0.537349, 0.000000,
                   0.092126, 0.741453, 0.664650, 0.000000,
                   0.656764,-0.546960, 0.519130, 0.000000,
                  -0.008300,19.574013, 1.486597, 1.000000;;
                }
                Frame Armature_Ahoge_001 {
                  FrameTransformMatrix {
                     0.957818,-0.287162,-0.011038, 0.000000,
                     0.287208, 0.957864, 0.002766, 0.000000,
                     0.009778,-0.005820, 0.999935, 0.000000,
                     0.000001, 1.847696,-0.000005, 1.000000;;
                  }
                  Frame Armature_Ahoge_002 {
                    FrameTransformMatrix {
                      -0.608150,-0.743806,-0.277320, 0.000000,
                       0.756806,-0.648696, 0.080242, 0.000000,
                      -0.239581,-0.161078, 0.957421, 0.000000,
                       1.029798, 1.470691, 0.000006, 1.000000;;
                    }
                    Frame Armature_Ahoge_003 {
                      FrameTransformMatrix {
                         0.920715,-0.086488, 0.380531, 0.000000,
                         0.014295, 0.981951, 0.188594, 0.000000,
                        -0.389974,-0.168202, 0.905333, 0.000000,
                        -1.211600, 1.278904,-0.375093, 1.000000;;
                      }
                    } // End of Armature_Ahoge_003
                  } // End of Armature_Ahoge_002
                } // End of Armature_Ahoge_001
              } // End of Armature_Ahoge
              Frame Armature_Cheek_Root_L {
                FrameTransformMatrix {
                   0.663790,-0.441226,-0.603906, 0.000000,
                   0.502461,-0.335017, 0.797055, 0.000000,
                  -0.554000,-0.832516,-0.000682, 0.000000,
                   4.139100, 0.634103, 4.734900, 1.000000;;
                }
                Frame Armature_Cheek_L {
                  FrameTransformMatrix {
                     0.847018,-0.068013,-0.527196, 0.000000,
                     0.070457, 0.997395,-0.015473, 0.000000,
                     0.526875,-0.024039, 0.849603, 0.000000,
                    -0.000005, 1.316203, 0.000001, 1.000000;;
                  }
                } // End of Armature_Cheek_L
              } // End of Armature_Cheek_Root_L
              Frame Armature_Cheek_Root_R {
                FrameTransformMatrix {
                   0.663790, 0.441226, 0.603906, 0.000000,
                  -0.502461,-0.335017, 0.797055, 0.000000,
                   0.554000,-0.832516,-0.000682, 0.000000,
                  -4.139100, 0.634106, 4.734900, 1.000000;;
                }
                Frame Armature_Cheek_R {
                  FrameTransformMatrix {
                     0.847018, 0.068013, 0.527196, 0.000000,
                    -0.070457, 0.997395,-0.015473, 0.000000,
                    -0.526875,-0.024038, 0.849603, 0.000000,
                    -0.000001, 1.316199,-0.000000, 1.000000;;
                  }
                } // End of Armature_Cheek_R
              } // End of Armature_Cheek_Root_R
              Frame Armature_Ear_L {
                FrameTransformMatrix {
                   0.732097,-0.644693,-0.220010, 0.000000,
                   0.664302, 0.604185, 0.440072, 0.000000,
                  -0.150785,-0.468328, 0.870593, 0.000000,
                   7.105500,15.672808,-1.331502, 1.000000;;
                }
                Frame Armature_Ear_L_001 {
                  FrameTransformMatrix {
                     0.985751, 0.153547,-0.068698, 0.000000,
                    -0.145327, 0.983038, 0.111879, 0.000000,
                     0.084711,-0.100301, 0.991344, 0.000000,
                    -0.000008, 4.223301,-0.000001, 1.000000;;
                  }
                } // End of Armature_Ear_L_001
              } // End of Armature_Ear_L
              Frame Armature_Ear_R {
                FrameTransformMatrix {
                   0.732097, 0.644693, 0.220010, 0.000000,
                  -0.664302, 0.604185, 0.440072, 0.000000,
                   0.150785,-0.468328, 0.870593, 0.000000,
                  -7.105500,15.672810,-1.331504, 1.000000;;
                }
                Frame Armature_Ear_R_001 {
                  FrameTransformMatrix {
                     0.985751,-0.153546, 0.068698, 0.000000,
                     0.145327, 0.983038, 0.111879, 0.000000,
                    -0.084711,-0.100301, 0.991344, 0.000000,
                    -0.000003, 4.223301,-0.000001, 1.000000;;
                  }
                } // End of Armature_Ear_R_001
              } // End of Armature_Ear_R
              Frame Armature_Hair_back_root {
                FrameTransformMatrix {
                   1.000000, 0.000000, 0.000000, 0.000000,
                  -0.000000, 0.163758,-0.986500, 0.000000,
                  -0.000000, 0.986501, 0.163758, 0.000000,
                   0.000000, 6.663907, 1.106198, 1.000000;;
                }
                Frame Armature_Hair_back {
                  FrameTransformMatrix {
                     1.000000, 0.000000, 0.000000, 0.000000,
                    -0.000000,-0.426932,-0.904284, 0.000000,
                     0.000000, 0.904284,-0.426932, 0.000000,
                     0.000000, 9.775103,-2.228081, 1.000000;;
                  }
                } // End of Armature_Hair_back
                Frame Armature_Hair_back_L {
                  FrameTransformMatrix {
                     0.208712,-0.943489, 0.257426, 0.000000,
                    -0.345891,-0.317424,-0.882951, 0.000000,
                     0.914767, 0.095241,-0.392594, 0.000000,
                     8.995900, 4.126600,-2.525991, 1.000000;;
                  }
                } // End of Armature_Hair_back_L
                Frame Armature_Hair_back_R {
                  FrameTransformMatrix {
                     0.208712, 0.943489,-0.257426, 0.000000,
                     0.345891,-0.317424,-0.882951, 0.000000,
                    -0.914767, 0.095241,-0.392594, 0.000000,
                    -8.995899, 4.126601,-2.525997, 1.000000;;
                  }
                } // End of Armature_Hair_back_R
              } // End of Armature_Hair_back_root
              Frame Armature_Hair_front {
                FrameTransformMatrix {
                   0.999945, 0.001105,-0.010419, 0.000000,
                  -0.000000,-0.994422,-0.105474, 0.000000,
                  -0.010478, 0.105468,-0.994363, 0.000000,
                  -0.000000,11.575115,10.900700, 1.000000;;
                }
                Frame Armature_Hair_front_001 {
                  FrameTransformMatrix {
                     1.000000,-0.000000,-0.000005, 0.000000,
                    -0.000000, 1.000000, 0.000000, 0.000000,
                     0.000005,-0.000000, 1.000000, 0.000000,
                    -0.000000, 4.711414, 0.000000, 1.000000;;
                  }
                } // End of Armature_Hair_front_001
              } // End of Armature_Hair_front
              Frame Armature_Hair_side_L {
                FrameTransformMatrix {
                  -0.930719, 0.339895, 0.135027, 0.000000,
                  -0.352241,-0.932412,-0.080836, 0.000000,
                   0.098425,-0.122798, 0.987539, 0.000000,
                   9.987199, 6.098607, 3.489699, 1.000000;;
                }
                Frame Armature_Hair_side_L_001 {
                  FrameTransformMatrix {
                     0.843475,-0.332255,-0.422085, 0.000000,
                     0.286626, 0.942934,-0.169474, 0.000000,
                     0.454307, 0.021966, 0.890574, 0.000000,
                    -0.000002, 5.850507, 0.000001, 1.000000;;
                  }
                } // End of Armature_Hair_side_L_001
              } // End of Armature_Hair_side_L
              Frame Armature_Hair_side_R {
                FrameTransformMatrix {
                  -0.930719,-0.339895,-0.135027, 0.000000,
                   0.352241,-0.932412,-0.080836, 0.000000,
                  -0.098425,-0.122798, 0.987539, 0.000000,
                  -9.987199, 6.098613, 3.489699, 1.000000;;
                }
                Frame Armature_Hair_side_R_001 {
                  FrameTransformMatrix {
                     0.843475, 0.332255, 0.422085, 0.000000,
                    -0.286626, 0.942934,-0.169474, 0.000000,
                    -0.454307, 0.021966, 0.890574, 0.000000,
                     0.000002, 5.850489,-0.000003, 1.000000;;
                  }
                } // End of Armature_Hair_side_R_001
              } // End of Armature_Hair_side_R
              Frame Armature_LeftEye {
                FrameTransformMatrix {
                   1.000000, 0.000000, 0.000000, 0.000000,
                   0.000000, 0.994422, 0.105472, 0.000000,
                   0.000000,-0.105472, 0.994422, 0.000000,
                   3.744000, 4.494808, 5.443501, 1.000000;;
                }
              } // End of Armature_LeftEye
              Frame Armature_RightEye {
                FrameTransformMatrix {
                   1.000000, 0.000000, 0.000000, 0.000000,
                   0.000000, 0.994422, 0.105472, 0.000000,
                   0.000000,-0.105472, 0.994422, 0.000000,
                  -3.744000, 4.494810, 5.443499, 1.000000;;
                }
              } // End of Armature_RightEye
            } // End of Armature_Head
          } // End of Armature_Neck
          Frame Armature_RightShoulder {
            FrameTransformMatrix {
               0.295917, 0.928243, 0.225386, 0.000000,
              -0.948438, 0.257468, 0.184865, 0.000000,
               0.113569,-0.268469, 0.956570, 0.000000,
              -2.389500,13.985304,-2.140200, 1.000000;;
            }
            Frame Armature_RightUpperArm {
              FrameTransformMatrix {
                 0.301561, 0.934935, 0.186970, 0.000000,
                -0.420829,-0.045446, 0.906001, 0.000000,
                 0.855549,-0.351897, 0.379743, 0.000000,
                -0.740702, 4.470302, 0.269600, 1.000000;;
              }
              Frame Armature_RightLowerArm {
                FrameTransformMatrix {
                   0.999945,-0.008931, 0.005461, 0.000000,
                  -0.007710,-0.275441, 0.961287, 0.000000,
                  -0.007081,-0.961277,-0.275495, 0.000000,
                   0.000003,19.379499,-0.000002, 1.000000;;
                }
                Frame Armature_RightHand {
                  FrameTransformMatrix {
                     0.989467, 0.099744,-0.104909, 0.000000,
                    -0.060001, 0.942130, 0.329836, 0.000000,
                     0.131737,-0.320067, 0.938191, 0.000000,
                     0.000000,17.771397,-0.000005, 1.000000;;
                  }
                  Frame Armature_RightIndexProximal {
                    FrameTransformMatrix {
                       0.674111, 0.738489,-0.014427, 0.000000,
                      -0.738554, 0.673632,-0.027518, 0.000000,
                      -0.010603, 0.029206, 0.999517, 0.000000,
                      -0.287200, 6.742308, 1.062802, 1.000000;;
                    }
                    Frame Armature_RightIndexIntermediate {
                      FrameTransformMatrix {
                         0.035416, 0.998281,-0.046700, 0.000000,
                        -0.998628, 0.033547,-0.040218, 0.000000,
                        -0.038582, 0.048060, 0.998099, 0.000000,
                         0.000001, 2.055900,-0.000001, 1.000000;;
                      }
                      Frame Armature_RightIndexDistal {
                        FrameTransformMatrix {
                           0.630187, 0.775811,-0.031326, 0.000000,
                          -0.776387, 0.629146,-0.037378, 0.000000,
                          -0.009289, 0.047876, 0.998810, 0.000000,
                          -0.000004, 1.448405,-0.000002, 1.000000;;
                        }
                      } // End of Armature_RightIndexDistal
                    } // End of Armature_RightIndexIntermediate
                  } // End of Armature_RightIndexProximal
                  Frame Armature_RightLittleProximal {
                    FrameTransformMatrix {
                       0.670727, 0.725204,-0.155577, 0.000000,
                      -0.738360, 0.672745,-0.047315, 0.000000,
                       0.070350, 0.146607, 0.986690, 0.000000,
                      -0.320101, 6.152410,-2.483902, 1.000000;;
                    }
                    Frame Armature_RightLittleIntermediate {
                      FrameTransformMatrix {
                         0.089424, 0.995027,-0.043863, 0.000000,
                        -0.994294, 0.086613,-0.062267, 0.000000,
                        -0.058158, 0.049181, 0.997095, 0.000000,
                        -0.000002, 1.734003, 0.000000, 1.000000;;
                      }
                      Frame Armature_RightLittleDistal {
                        FrameTransformMatrix {
                          -0.484039, 0.870987,-0.084188, 0.000000,
                          -0.871505,-0.488491,-0.043075, 0.000000,
                          -0.078643, 0.052520, 0.995518, 0.000000,
                           0.000003, 1.156108, 0.000003, 1.000000;;
                        }
                      } // End of Armature_RightLittleDistal
                    } // End of Armature_RightLittleIntermediate
                  } // End of Armature_RightLittleProximal
                  Frame Armature_RightMiddleProximal {
                    FrameTransformMatrix {
                       0.748178, 0.662186,-0.041695, 0.000000,
                      -0.663438, 0.747475,-0.033634, 0.000000,
                       0.008894, 0.052827, 0.998564, 0.000000,
                      -0.298099, 6.922703,-0.118499, 1.000000;;
                    }
                    Frame Armature_RightMiddleIntermediate {
                      FrameTransformMatrix {
                        -0.097495, 0.991979,-0.080453, 0.000000,
                        -0.993205,-0.102139,-0.055775, 0.000000,
                        -0.063545, 0.074469, 0.995197, 0.000000,
                         0.000000, 2.359196,-0.000002, 1.000000;;
                      }
                      Frame Armature_RightMiddleDistal {
                        FrameTransformMatrix {
                           0.627684, 0.777982,-0.027512, 0.000000,
                          -0.777956, 0.625598,-0.058402, 0.000000,
                          -0.028224, 0.058061, 0.997914, 0.000000,
                           0.000001, 1.412503,-0.000004, 1.000000;;
                        }
                      } // End of Armature_RightMiddleDistal
                    } // End of Armature_RightMiddleIntermediate
                  } // End of Armature_RightMiddleProximal
                  Frame Armature_RightRingProximal {
                    FrameTransformMatrix {
                       0.747368, 0.661828,-0.058522, 0.000000,
                      -0.664395, 0.745052,-0.058961, 0.000000,
                       0.004580, 0.082948, 0.996543, 0.000000,
                      -0.309397, 6.512305,-1.327296, 1.000000;;
                    }
                    Frame Armature_RightRingIntermediate {
                      FrameTransformMatrix {
                        -0.389567, 0.915308,-0.102222, 0.000000,
                        -0.915366,-0.397048,-0.066769, 0.000000,
                        -0.101701, 0.067560, 0.992518, 0.000000,
                        -0.000002, 2.251701, 0.000004, 1.000000;;
                      }
                      Frame Armature_RightRingDistal {
                        FrameTransformMatrix {
                           0.453572, 0.891089,-0.015239, 0.000000,
                          -0.889723, 0.451753,-0.065671, 0.000000,
                          -0.051635, 0.043345, 0.997725, 0.000000,
                          -0.000001, 1.399188, 0.000000, 1.000000;;
                        }
                      } // End of Armature_RightRingDistal
                    } // End of Armature_RightRingIntermediate
                  } // End of Armature_RightRingProximal
                  Frame Armature_RightThumbProximal {
                    FrameTransformMatrix {
                       0.749217,-0.131907, 0.649056, 0.000000,
                      -0.475341, 0.575328, 0.665619, 0.000000,
                      -0.461220,-0.807216, 0.368345, 0.000000,
                      -0.681100, 2.782207, 1.884502, 1.000000;;
                    }
                    Frame Armature_RightThumbIntermediate {
                      FrameTransformMatrix {
                         0.852294, 0.433074,-0.293330, 0.000000,
                        -0.523061, 0.703741,-0.480786, 0.000000,
                        -0.001788, 0.563200, 0.826319, 0.000000,
                        -0.000003, 2.014400,-0.000009, 1.000000;;
                      }
                      Frame Armature_RightThumbDistal {
                        FrameTransformMatrix {
                           0.970960, 0.037616, 0.236265, 0.000000,
                           0.089908, 0.857798,-0.506062, 0.000000,
                          -0.221704, 0.512608, 0.829506, 0.000000,
                           0.000003, 1.328904,-0.000001, 1.000000;;
                        }
                      } // End of Armature_RightThumbDistal
                    } // End of Armature_RightThumbIntermediate
                  } // End of Armature_RightThumbProximal
                } // End of Armature_RightHand
              } // End of Armature_RightLowerArm
            } // End of Armature_RightUpperArm
          } // End of Armature_RightShoulder
          Frame Armature_String_L {
            FrameTransformMatrix {
               0.993918, 0.092910,-0.059126, 0.000000,
               0.109675,-0.883693, 0.455037, 0.000000,
              -0.009971,-0.458753,-0.888509, 0.000000,
               4.439599,13.765306, 4.559701, 1.000000;;
            }
            Frame Armature_String_L_001 {
              FrameTransformMatrix {
                 0.997030, 0.073858, 0.021802, 0.000000,
                -0.076794, 0.974685, 0.209982, 0.000000,
                -0.005742,-0.211033, 0.977462, 0.000000,
                -0.000000, 5.379195,-0.000002, 1.000000;;
              }
              Frame Armature_String_L_002 {
                FrameTransformMatrix {
                   0.999889,-0.002970, 0.014634, 0.000000,
                   0.001426, 0.994528, 0.104456, 0.000000,
                  -0.014864,-0.104424, 0.994422, 0.000000,
                  -0.000000, 7.558308, 0.000001, 1.000000;;
                }
                Frame Armature_String_L_003 {
                  FrameTransformMatrix {
                     0.995436, 0.036981,-0.087973, 0.000000,
                    -0.027291, 0.993677, 0.108904, 0.000000,
                     0.091444,-0.106006, 0.990152, 0.000000,
                     0.000000, 7.366589, 0.000000, 1.000000;;
                  }
                } // End of Armature_String_L_003
              } // End of Armature_String_L_002
            } // End of Armature_String_L_001
          } // End of Armature_String_L
          Frame Armature_String_R {
            FrameTransformMatrix {
               0.993918,-0.092910, 0.059126, 0.000000,
              -0.109675,-0.883693, 0.455037, 0.000000,
               0.009971,-0.458753,-0.888509, 0.000000,
              -4.439600,13.765299, 4.559702, 1.000000;;
            }
            Frame Armature_String_R_001 {
              FrameTransformMatrix {
                 0.997030,-0.073858,-0.021802, 0.000000,
                 0.076794, 0.974685, 0.209982, 0.000000,
                 0.005742,-0.211033, 0.977462, 0.000000,
                 0.000000, 5.379198, 0.000001, 1.000000;;
              }
              Frame Armature_String_R_002 {
                FrameTransformMatrix {
                   0.999888, 0.002970,-0.014634, 0.000000,
                  -0.001426, 0.994529, 0.104456, 0.000000,
                   0.014864,-0.104424, 0.994422, 0.000000,
                   0.000000, 7.558306,-0.000000, 1.000000;;
                }
                Frame Armature_String_R_003 {
                  FrameTransformMatrix {
                     0.995436,-0.036981, 0.087973, 0.000000,
                     0.027291, 0.993677, 0.108904, 0.000000,
                    -0.091444,-0.106006, 0.990152, 0.000000,
                    -0.000001, 7.366589,-0.000000, 1.000000;;
                  }
                } // End of Armature_String_R_003
              } // End of Armature_String_R_002
            } // End of Armature_String_R_001
          } // End of Armature_String_R
        } // End of Armature_Chest
      } // End of Armature_Spine
      Frame Armature_Tail {
        FrameTransformMatrix {
           1.000000, 0.000000, 0.000000, 0.000000,
           0.000000, 0.813705,-0.581278, 0.000000,
           0.000000, 0.581278, 0.813705, 0.000000,
           0.000000, 7.903000,-3.502998, 1.000000;;
        }
        Frame Armature_Tail_001 {
          FrameTransformMatrix {
             1.000000, 0.000000, 0.000000, 0.000000,
             0.000000, 0.824661,-0.565628, 0.000000,
             0.000000, 0.565628, 0.824661, 0.000000,
             0.000000, 7.600997,-0.000001, 1.000000;;
          }
          Frame Armature_Tail_002 {
            FrameTransformMatrix {
               1.000000, 0.000000, 0.000000, 0.000000,
               0.000000, 0.953362,-0.301831, 0.000000,
               0.000000, 0.301831, 0.953361, 0.000000,
               0.000000,10.252001,-0.000002, 1.000000;;
            }
            Frame Armature_Tail_003 {
              FrameTransformMatrix {
                 1.000000, 0.000000, 0.000000, 0.000000,
                 0.000000, 0.978420, 0.206628, 0.000000,
                 0.000000,-0.206628, 0.978420, 0.000000,
                 0.000000, 8.780499,-0.000002, 1.000000;;
              }
              Frame Armature_Tail_004 {
                FrameTransformMatrix {
                   1.000000, 0.000000, 0.000000, 0.000000,
                   0.000000, 0.806989, 0.590566, 0.000000,
                   0.000000,-0.590566, 0.806989, 0.000000,
                   0.000000, 8.834501, 0.000002, 1.000000;;
                }
                Frame Armature_Tail_005 {
                  FrameTransformMatrix {
                     1.000000, 0.000000, 0.000000, 0.000000,
                     0.000000, 0.879282, 0.476301, 0.000000,
                     0.000000,-0.476301, 0.879282, 0.000000,
                     0.000000, 7.747303, 0.000002, 1.000000;;
                  }
                } // End of Armature_Tail_005
              } // End of Armature_Tail_004
            } // End of Armature_Tail_003
          } // End of Armature_Tail_002
        } // End of Armature_Tail_001
      } // End of Armature_Tail
    } // End of Armature_Hips
  } // End of Armature
} // End of Root
AnimationSet Global {
  Animation {
    {Armature}
    AnimationKey { // Rotation
      0;
      37;
      0;4;-0.680002, 0.619118,-0.290114,-0.264809;;,
      1;4;-0.680371, 0.614415,-0.295015,-0.269363;;,
      2;4;-0.681455, 0.608705,-0.300245,-0.273770;;,
      3;4;-0.680991, 0.604448,-0.306433,-0.277476;;,
      4;4;-0.673153, 0.604471,-0.320193,-0.280992;;,
      5;4;-0.657063, 0.606316,-0.343530,-0.287466;;,
      6;4;-0.634178, 0.607046,-0.371872,-0.301704;;,
      7;4;-0.609786, 0.606109,-0.398797,-0.318988;;,
      8;4;-0.585466, 0.605109,-0.423149,-0.334690;;,
      9;4;-0.561997, 0.605974,-0.443433,-0.346873;;,
      10;4;-0.541105, 0.608716,-0.456418,-0.358264;;,
      11;4;-0.530737, 0.604925,-0.464689,-0.369389;;,
      12;4;-0.525590, 0.591944,-0.475068,-0.384276;;,
      13;4;-0.520008, 0.574624,-0.485700,-0.404345;;,
      14;4;-0.518391, 0.557123,-0.493891,-0.420662;;,
      15;4;-0.524382, 0.541674,-0.497010,-0.429644;;,
      16;4;-0.534731, 0.533519,-0.492273,-0.432537;;,
      17;4;-0.547718, 0.530593,-0.482075,-0.431370;;,
      18;4;-0.562379, 0.531124,-0.469125,-0.426098;;,
      19;4;-0.579024, 0.533538,-0.454932,-0.416058;;,
      20;4;-0.595579, 0.537291,-0.439668,-0.404099;;,
      21;4;-0.611348, 0.542719,-0.423310,-0.390536;;,
      22;4;-0.625833, 0.549370,-0.406617,-0.375751;;,
      23;4;-0.639190, 0.556197,-0.390287,-0.360219;;,
      24;4;-0.650221, 0.563519,-0.374294,-0.345779;;,
      25;4;-0.659081, 0.571240,-0.359755,-0.331473;;,
      26;4;-0.666222, 0.578726,-0.347170,-0.317328;;,
      27;4;-0.671833, 0.584683,-0.336295,-0.306093;;,
      28;4;-0.675893, 0.590654,-0.326685,-0.295927;;,
      29;4;-0.678168, 0.596521,-0.318474,-0.287792;;,
      30;4;-0.679154, 0.602005,-0.311634,-0.281468;;,
      31;4;-0.679981, 0.606405,-0.306010,-0.276144;;,
      32;4;-0.680246, 0.609594,-0.302028,-0.272836;;,
      33;4;-0.680256, 0.612288,-0.298699,-0.270434;;,
      34;4;-0.680131, 0.614646,-0.295796,-0.268583;;,
      35;4;-0.680011, 0.616869,-0.293018,-0.266831;;,
      36;4;-0.680002, 0.619118,-0.290114,-0.264809;;;
    }
    AnimationKey { // Scale
      1;
      37;
      0;3; 0.130000, 0.130000, 0.130000;;,
      1;3; 0.130000, 0.130000, 0.130000;;,
      2;3; 0.130000, 0.130000, 0.130000;;,
      3;3; 0.130000, 0.130000, 0.130000;;,
      4;3; 0.130000, 0.130000, 0.130000;;,
      5;3; 0.130000, 0.130000, 0.130000;;,
      6;3; 0.130000, 0.130000, 0.130000;;,
      7;3; 0.130000, 0.130000, 0.130000;;,
      8;3; 0.130000, 0.130000, 0.130000;;,
      9;3; 0.130000, 0.130000, 0.130000;;,
      10;3; 0.130000, 0.130000, 0.130000;;,
      11;3; 0.130000, 0.130000, 0.130000;;,
      12;3; 0.130000, 0.130000, 0.130000;;,
      13;3; 0.130000, 0.130000, 0.130000;;,
      14;3; 0.130000, 0.130000, 0.130000;;,
      15;3; 0.130000, 0.130000, 0.130000;;,
      16;3; 0.130000, 0.130000, 0.130000;;,
      17;3; 0.130000, 0.130000, 0.130000;;,
      18;3; 0.130000, 0.130000, 0.130000;;,
      19;3; 0.130000, 0.130000, 0.130000;;,
      20;3; 0.130000, 0.130000, 0.130000;;,
      21;3; 0.130000, 0.130000, 0.130000;;,
      22;3; 0.130000, 0.130000, 0.130000;;,
      23;3; 0.130000, 0.130000, 0.130000;;,
      24;3; 0.130000, 0.130000, 0.130000;;,
      25;3; 0.130000, 0.130000, 0.130000;;,
      26;3; 0.130000, 0.130000, 0.130000;;,
      27;3; 0.130000, 0.130000, 0.130000;;,
      28;3; 0.130000, 0.130000, 0.130000;;,
      29;3; 0.130000, 0.130000, 0.130000;;,
      30;3; 0.130000, 0.130000, 0.130000;;,
      31;3; 0.130000, 0.130000, 0.130000;;,
      32;3; 0.130000, 0.130000, 0.130000;;,
      33;3; 0.130000, 0.130000, 0.130000;;,
      34;3; 0.130000, 0.130000, 0.130000;;,
      35;3; 0.130000, 0.130000, 0.130000;;,
      36;3; 0.130000, 0.130000, 0.130000;;;
    }
