xof 0303txt 0032

template XSkinMeshHeader {
  <3cf169ce-ff7c-44ab-93c0-f78f62d172e2>
  WORD nMaxSkinWeightsPerVertex;
  WORD nMaxSkinWeightsPerFace;
  WORD nBones;
}

template SkinWeights {
  <6f0d123b-bad2-4167-a0d0-80224f25fabb>
  STRING transformNodeName;
  DWORD nWeights;
  array DWORD vertexIndices[nWeights];
  array float weights[nWeights];
  Matrix4x4 matrixOffset;
}

Frame Root {
  FrameTransformMatrix {
     1.000000, 0.000000, 0.000000, 0.000000,
     0.000000,-0.000000,-1.000000, 0.000000,
     0.000000, 1.000000,-0.000000, 0.000000,
     0.000000, 0.000000, 0.000000, 1.000000;;
  }
  Frame Armature {
    FrameTransformMatrix {
       0.129909, 0.004605, 0.001603, 0.000000,
      -0.001753, 0.004215, 0.129920, 0.000000,
       0.004550,-0.129850, 0.004274, 0.000000,
       0.125071,-0.368599,-0.125927, 1.000000;;
    }
    Frame Armature_Hips {
      FrameTransformMatrix {
         1.000000, 0.000000, 0.000000, 0.000000,
         0.000000, 0.000000,-1.000000, 0.000000,
         0.000000, 1.000000, 0.000000, 0.000000,
         0.000000,71.285698, 0.000000, 1.000000;;
      }
      Frame Armature_LeftUpperLeg {
        FrameTransformMatrix {
           0.975981, 0.182870, 0.118405, 0.000000,
           0.133269,-0.071212,-0.988518, 0.000000,
          -0.172338, 0.980555,-0.093872, 0.000000,
           6.630000, 0.000000,-10.307499, 1.000000;;
        }
        Frame Armature_LeftLowerLeg {
          FrameTransformMatrix {
             0.996174, 0.023742,-0.084107, 0.000000,
             0.002923, 0.952802, 0.303579, 0.000000,
             0.087344,-0.302663, 0.949087, 0.000000,
            -0.000000,26.797106,-0.046001, 1.000000;;
          }
          Frame Armature_LeftFoot {
            FrameTransformMatrix {
               0.994368, 0.105548,-0.009546, 0.000000,
              -0.054967, 0.436637,-0.897957, 0.000000,
              -0.090609, 0.893425, 0.439980, 0.000000,
               0.000000,27.300392,-0.000001, 1.000000;;
            }
            Frame Armature_LeftToeBase {
              FrameTransformMatrix {
                 0.999987, 0.002986, 0.004030, 0.000000,
                -0.000400, 0.848406,-0.529346, 0.000000,
                -0.005000, 0.529338, 0.848396, 0.000000,
                 0.000000, 9.364000, 0.000001, 1.000000;;
              }
            } // End of Armature_LeftToeBase
          } // End of Armature_LeftFoot
        } // End of Armature_LeftLowerLeg
      } // End of Armature_LeftUpperLeg
      Frame Armature_RightUpperLeg {
        FrameTransformMatrix {
           0.977961,-0.208613,-0.008562, 0.000000,
          -0.032575,-0.111948,-0.993180, 0.000000,
           0.206232, 0.971570,-0.116276, 0.000000,
          -6.630000, 0.000000,-10.307499, 1.000000;;
        }
        Frame Armature_RightLowerLeg {
          FrameTransformMatrix {
             0.999555,-0.011164, 0.027667, 0.000000,
            -0.000524, 0.920633, 0.390428, 0.000000,
            -0.029830,-0.390269, 0.920218, 0.000000,
            -0.000000,26.797102,-0.046000, 1.000000;;
          }
          Frame Armature_RightFoot {
            FrameTransformMatrix {
               0.999849, 0.016786,-0.004476, 0.000000,
              -0.010425, 0.373633,-0.927518, 0.000000,
              -0.013897, 0.927425, 0.373751, 0.000000,
              -0.000000,27.300406,-0.000000, 1.000000;;
            }
            Frame Armature_RightToeBase {
              FrameTransformMatrix {
                 1.000000,-0.000000, 0.000000, 0.000000,
                 0.000000, 0.835944,-0.548814, 0.000000,
                -0.000000, 0.548814, 0.835944, 0.000000,
                 0.000000, 9.363999, 0.000000, 1.000000;;
              }
            } // End of Armature_RightToeBase
          } // End of Armature_RightFoot
        } // End of Armature_RightLowerLeg
      } // End of Armature_RightUpperLeg
      Frame Armature_Spine {
        FrameTransformMatrix {
           0.999953, 0.006298, 0.007333, 0.000000,
          -0.007182,-0.023656, 0.999694, 0.000000,
           0.006470,-0.999700,-0.023610, 0.000000,
           0.000000, 0.000000, 0.979401, 1.000000;;
        }
        Frame Armature_Chest {
          FrameTransformMatrix {
             0.999797, 0.015934,-0.012313, 0.000000,
            -0.015334, 0.998761, 0.047347, 0.000000,
             0.013052,-0.047148, 0.998803, 0.000000,
            -0.000000, 6.851386, 0.000000, 1.000000;;
          }
          Frame Armature_LeftShoulder {
            FrameTransformMatrix {
               0.115741,-0.957719,-0.263399, 0.000000,
               0.992843, 0.119412, 0.002088, 0.000000,
               0.029454,-0.261756, 0.964685, 0.000000,
               2.389500,13.985309,-2.140201, 1.000000;;
            }
            Frame Armature_LeftUpperArm {
              FrameTransformMatrix {
                 0.060765,-0.996122,-0.063627, 0.000000,
                 0.987631, 0.050771, 0.148348, 0.000000,
                -0.144542,-0.071854, 0.986886, 0.000000,
                 0.740691, 4.470302, 0.269598, 1.000000;;
              }
              Frame Armature_LeftLowerArm {
                FrameTransformMatrix {
                   0.999854, 0.002922,-0.016843, 0.000000,
                   0.002524, 0.949240, 0.314541, 0.000000,
                   0.016908,-0.314538, 0.949094, 0.000000,
                  -0.000004,19.379498, 0.000001, 1.000000;;
                }
                Frame Armature_LeftHand {
                  FrameTransformMatrix {
                     0.955776,-0.113559, 0.271288, 0.000000,
                     0.092243, 0.991650, 0.090116, 0.000000,
                    -0.279256,-0.061106, 0.958270, 0.000000,
                    -0.000002,17.771391, 0.000000, 1.000000;;
                  }
                  Frame Armature_LeftIndexProximal {
                    FrameTransformMatrix {
                       0.984113,-0.176508,-0.019123, 0.000000,
                       0.174979, 0.982502,-0.063818, 0.000000,
                       0.030053, 0.059458, 0.997778, 0.000000,
                       0.287206, 6.742305, 1.062801, 1.000000;;
                    }
                    Frame Armature_LeftIndexIntermediate {
                      FrameTransformMatrix {
                         0.902503,-0.430251, 0.019312, 0.000000,
                         0.430683, 0.901691,-0.038282, 0.000000,
                        -0.000943, 0.042867, 0.999080, 0.000000,
                        -0.000001, 2.055997, 0.000001, 1.000000;;
                      }
                      Frame Armature_LeftIndexDistal {
                        FrameTransformMatrix {
                           0.971917,-0.234796, 0.015754, 0.000000,
                           0.234994, 0.971920,-0.012201, 0.000000,
                          -0.012447, 0.015561, 0.999801, 0.000000,
                           0.000002, 1.448400, 0.000001, 1.000000;;
                        }
                      } // End of Armature_LeftIndexDistal
                    } // End of Armature_LeftIndexIntermediate
                  } // End of Armature_LeftIndexProximal
                  Frame Armature_LeftLittleProximal {
                    FrameTransformMatrix {
                       0.929163,-0.360984, 0.079666, 0.000000,
                       0.369208, 0.895421,-0.248811, 0.000000,
                       0.018482, 0.260600, 0.965270, 0.000000,
                       0.320105, 6.152402,-2.483901, 1.000000;;
                    }
                    Frame Armature_LeftLittleIntermediate {
                      FrameTransformMatrix {
                         0.921582,-0.388156,-0.004650, 0.000000,
                         0.387886, 0.921279,-0.028090, 0.000000,
                         0.015188, 0.024084, 0.999595, 0.000000,
                         0.000000, 1.733996,-0.000001, 1.000000;;
                      }
                      Frame Armature_LeftLittleDistal {
                        FrameTransformMatrix {
                           0.958374,-0.285054, 0.016252, 0.000000,
                           0.285457, 0.957785,-0.034077, 0.000000,
                          -0.005852, 0.037297, 0.999287, 0.000000,
                          -0.000001, 1.156096,-0.000000, 1.000000;;
                        }
                      } // End of Armature_LeftLittleDistal
                    } // End of Armature_LeftLittleIntermediate
                  } // End of Armature_LeftLittleProximal
                  Frame Armature_LeftMiddleProximal {
                    FrameTransformMatrix {
                       0.959338,-0.281664, 0.018335, 0.000000,
                       0.280834, 0.945954,-0.162183, 0.000000,
                       0.028337, 0.160737, 0.986590, 0.000000,
                       0.298105, 6.922706,-0.118500, 1.000000;;
                    }
                    Frame Armature_LeftMiddleIntermediate {
                      FrameTransformMatrix {
                         0.894003,-0.446809, 0.033462, 0.000000,
                         0.447966, 0.892851,-0.046295, 0.000000,
                        -0.009191, 0.056378, 0.998367, 0.000000,
                         0.000000, 2.359198, 0.000000, 1.000000;;
                      }
                      Frame Armature_LeftMiddleDistal {
                        FrameTransformMatrix {
                           0.967915,-0.251261, 0.002969, 0.000000,
                           0.251243, 0.967511,-0.028280, 0.000000,
                           0.004234, 0.028119, 0.999596, 0.000000,
                          -0.000001, 1.412504, 0.000000, 1.000000;;
                        }
                      } // End of Armature_LeftMiddleDistal
                    } // End of Armature_LeftMiddleIntermediate
                  } // End of Armature_LeftMiddleProximal
                  Frame Armature_LeftRingProximal {
                    FrameTransformMatrix {
                       0.924276,-0.378265, 0.051280, 0.000000,
                       0.379966, 0.898792,-0.218629, 0.000000,
                       0.036609, 0.221558, 0.974460, 0.000000,
                       0.309402, 6.512305,-1.327301, 1.000000;;
                    }
                    Frame Armature_LeftRingIntermediate {
                      FrameTransformMatrix {
                         0.921623,-0.388032, 0.006481, 0.000000,
                         0.387953, 0.920740,-0.041598, 0.000000,
                         0.010174, 0.040852, 0.999113, 0.000000,
                         0.000001, 2.251702, 0.000000, 1.000000;;
                      }
                      Frame Armature_LeftRingDistal {
                        FrameTransformMatrix {
                           0.941811,-0.335300,-0.023773, 0.000000,
                           0.334534, 0.941868,-0.031164, 0.000000,
                           0.032841, 0.021398, 0.999232, 0.000000,
                          -0.000003, 1.399203,-0.000000, 1.000000;;
                        }
                      } // End of Armature_LeftRingDistal
                    } // End of Armature_LeftRingIntermediate
                  } // End of Armature_LeftRingProximal
                  Frame Armature_LeftThumbProximal {
                    FrameTransformMatrix {
                       0.392365, 0.064816,-0.917523, 0.000000,
                       0.396022, 0.888420, 0.232113, 0.000000,
                       0.830190,-0.454432, 0.322916, 0.000000,
                       0.681107, 2.782204, 1.884500, 1.000000;;
                    }
                    Frame Armature_LeftThumbIntermediate {
                      FrameTransformMatrix {
                         0.971523,-0.234928,-0.030837, 0.000000,
                         0.223580, 0.952024,-0.208957, 0.000000,
                         0.078448, 0.196112, 0.977438, 0.000000,
                         0.000002, 2.014401,-0.000002, 1.000000;;
                      }
                      Frame Armature_LeftThumbDistal {
                        FrameTransformMatrix {
                           0.962996,-0.247978,-0.105573, 0.000000,
                           0.210384, 0.936477,-0.280623, 0.000000,
                           0.168455, 0.248028, 0.953994, 0.000000,
                          -0.000004, 1.328891,-0.000003, 1.000000;;
                        }
                      } // End of Armature_LeftThumbDistal
                    } // End of Armature_LeftThumbIntermediate
                  } // End of Armature_LeftThumbProximal
                } // End of Armature_LeftHand
              } // End of Armature_LeftLowerArm
            } // End of Armature_LeftUpperArm
          } // End of Armature_LeftShoulder
          Frame Armature_Neck {
            FrameTransformMatrix {
               0.999969,-0.003135, 0.007153, 0.000000,
               0.003874, 0.994385,-0.105753, 0.000000,
              -0.006782, 0.105778, 0.994367, 0.000000,
              -0.000000,15.754111,-2.059701, 1.000000;;
            }
            Frame Armature_Head {
              FrameTransformMatrix {
                 0.999970,-0.003872, 0.006783, 0.000000,
                 0.003874, 0.999992,-0.000285, 0.000000,
                -0.006782, 0.000311, 0.999977, 0.000000,
                -0.000000, 5.113891,-0.000000, 1.000000;;
              }
              Frame Armature_Ahoge {
                FrameTransformMatrix {
                   0.781646, 0.361066,-0.508588, 0.000000,
                   0.062355, 0.766085, 0.639707, 0.000000,
                   0.620598,-0.531737, 0.576293, 0.000000,
                  -0.008301,19.574017, 1.486599, 1.000000;;
                }
                Frame Armature_Ahoge_001 {
                  FrameTransformMatrix {
                     0.956808,-0.286052, 0.051892, 0.000000,
                     0.287648, 0.957375,-0.026301, 0.000000,
                    -0.042156, 0.040092, 0.998306, 0.000000,
                    -0.000000, 1.847695,-0.000009, 1.000000;;
                  }
                  Frame Armature_Ahoge_002 {
                    FrameTransformMatrix {
                      -0.590385,-0.751920,-0.293363, 0.000000,
                       0.749477,-0.645620, 0.146489, 0.000000,
                      -0.299549,-0.133384, 0.944711, 0.000000,
                       1.029799, 1.470690,-0.000004, 1.000000;;
                    }
                    Frame Armature_Ahoge_003 {
                      FrameTransformMatrix {
                         0.990510, 0.032774, 0.133473, 0.000000,
                        -0.089598, 0.890396, 0.446283, 0.000000,
                        -0.104217,-0.454006, 0.884882, 0.000000,
                        -1.211595, 1.278897,-0.375093, 1.000000;;
                      }
                    } // End of Armature_Ahoge_003
                  } // End of Armature_Ahoge_002
                } // End of Armature_Ahoge_001
              } // End of Armature_Ahoge
              Frame Armature_Cheek_Root_L {
                FrameTransformMatrix {
                   0.663791,-0.441227,-0.603905, 0.000000,
                   0.502462,-0.335011, 0.797056, 0.000000,
                  -0.553998,-0.832518,-0.000677, 0.000000,
                   4.139100, 0.634117, 4.734901, 1.000000;;
                }
                Frame Armature_Cheek_L {
                  FrameTransformMatrix {
                     0.847018,-0.068013,-0.527196, 0.000000,
                     0.070462, 0.997395,-0.015466, 0.000000,
                     0.526874,-0.024047, 0.849603, 0.000000,
                    -0.000003, 1.316196, 0.000001, 1.000000;;
                  }
                } // End of Armature_Cheek_L
              } // End of Armature_Cheek_Root_L
              Frame Armature_Cheek_Root_R {
                FrameTransformMatrix {
                   0.663791, 0.441227, 0.603905, 0.000000,
                  -0.502462,-0.335011, 0.797056, 0.000000,
                   0.553998,-0.832518,-0.000677, 0.000000,
                  -4.139100, 0.634122, 4.734901, 1.000000;;
                }
                Frame Armature_Cheek_R {
                  FrameTransformMatrix {
                     0.847018, 0.068013, 0.527196, 0.000000,
                    -0.070462, 0.997395,-0.015466, 0.000000,
                    -0.526874,-0.024047, 0.849603, 0.000000,
                     0.000002, 1.316198,-0.000003, 1.000000;;
                  }
                } // End of Armature_Cheek_R
              } // End of Armature_Cheek_Root_R
              Frame Armature_Ear_L {
                FrameTransformMatrix {
                   0.732097,-0.644693,-0.220010, 0.000000,
                   0.664302, 0.604185, 0.440072, 0.000000,
                  -0.150785,-0.468328, 0.870593, 0.000000,
                   7.105500,15.672817,-1.331501, 1.000000;;
                }
                Frame Armature_Ear_L_001 {
                  FrameTransformMatrix {
                     0.985751, 0.153547,-0.068698, 0.000000,
                    -0.145327, 0.983038, 0.111879, 0.000000,
                     0.084711,-0.100301, 0.991344, 0.000000,
                    -0.000002, 4.223290,-0.000008, 1.000000;;
                  }
                } // End of Armature_Ear_L_001
              } // End of Armature_Ear_L
              Frame Armature_Ear_R {
                FrameTransformMatrix {
                   0.732097, 0.644693, 0.220010, 0.000000,
                  -0.664302, 0.604185, 0.440072, 0.000000,
                   0.150785,-0.468328, 0.870593, 0.000000,
                  -7.105499,15.672818,-1.331501, 1.000000;;
                }
                Frame Armature_Ear_R_001 {
                  FrameTransformMatrix {
                     0.985751,-0.153546, 0.068698, 0.000000,
                     0.145327, 0.983038, 0.111879, 0.000000,
                    -0.084711,-0.100301, 0.991344, 0.000000,
                    -0.000007, 4.223302,-0.000005, 1.000000;;
                  }
                } // End of Armature_Ear_R_001
              } // End of Armature_Ear_R
              Frame Armature_Hair_back_root {
                FrameTransformMatrix {
                   1.000000, 0.000000,-0.000000, 0.000000,
                   0.000000, 0.163758,-0.986501, 0.000000,
                   0.000000, 0.986501, 0.163758, 0.000000,
                   0.000000, 6.663915, 1.106200, 1.000000;;
                }
                Frame Armature_Hair_back {
                  FrameTransformMatrix {
                     1.000000, 0.000000, 0.000000, 0.000000,
                     0.000000,-0.426932,-0.904284, 0.000000,
                     0.000000, 0.904284,-0.426932, 0.000000,
                     0.000000, 9.775105,-2.228099, 1.000000;;
                  }
                } // End of Armature_Hair_back
                Frame Armature_Hair_back_L {
                  FrameTransformMatrix {
                     0.208713,-0.943488, 0.257426, 0.000000,
                    -0.345890,-0.317425,-0.882951, 0.000000,
                     0.914767, 0.095242,-0.392594, 0.000000,
                     8.995900, 4.126602,-2.526002, 1.000000;;
                  }
                } // End of Armature_Hair_back_L
                Frame Armature_Hair_back_R {
                  FrameTransformMatrix {
                     0.208713, 0.943488,-0.257426, 0.000000,
                     0.345890,-0.317425,-0.882951, 0.000000,
                    -0.914767, 0.095242,-0.392594, 0.000000,
                    -8.995900, 4.126604,-2.526002, 1.000000;;
                  }
                } // End of Armature_Hair_back_R
              } // End of Armature_Hair_back_root
              Frame Armature_Hair_front {
                FrameTransformMatrix {
                   0.999945, 0.001105,-0.010419, 0.000000,
                  -0.000000,-0.994423,-0.105470, 0.000000,
                  -0.010478, 0.105465,-0.994382, 0.000000,
                   0.000000,11.575118,10.900702, 1.000000;;
                }
                Frame Armature_Hair_front_001 {
                  FrameTransformMatrix {
                     1.000000, 0.000000,-0.000005, 0.000000,
                    -0.000000, 1.000000, 0.000000, 0.000000,
                     0.000005,-0.000000, 1.000000, 0.000000,
                    -0.000000, 4.711410, 0.000001, 1.000000;;
                  }
                } // End of Armature_Hair_front_001
              } // End of Armature_Hair_front
              Frame Armature_Hair_side_L {
                FrameTransformMatrix {
                  -0.930719, 0.339895, 0.135027, 0.000000,
                  -0.352241,-0.932412,-0.080836, 0.000000,
                   0.098425,-0.122798, 0.987539, 0.000000,
                   9.987200, 6.098624, 3.489701, 1.000000;;
                }
                Frame Armature_Hair_side_L_001 {
                  FrameTransformMatrix {
                     0.843475,-0.332255,-0.422087, 0.000000,
                     0.286626, 0.942934,-0.169473, 0.000000,
                     0.454308, 0.021965, 0.890574, 0.000000,
                    -0.000000, 5.850495, 0.000000, 1.000000;;
                  }
                } // End of Armature_Hair_side_L_001
              } // End of Armature_Hair_side_L
              Frame Armature_Hair_side_R {
                FrameTransformMatrix {
                  -0.930719,-0.339895,-0.135027, 0.000000,
                   0.352241,-0.932412,-0.080836, 0.000000,
                  -0.098425,-0.122798, 0.987539, 0.000000,
                  -9.987199, 6.098619, 3.489701, 1.000000;;
                }
                Frame Armature_Hair_side_R_001 {
                  FrameTransformMatrix {
                     0.843475, 0.332255, 0.422087, 0.000000,
                    -0.286626, 0.942934,-0.169473, 0.000000,
                    -0.454308, 0.021965, 0.890574, 0.000000,
                    -0.000007, 5.850505,-0.000001, 1.000000;;
                  }
                } // End of Armature_Hair_side_R_001
              } // End of Armature_Hair_side_R
              Frame Armature_LeftEye {
                FrameTransformMatrix {
                   1.000000, 0.000000,-0.000000, 0.000000,
                  -0.000000, 0.994423, 0.105471, 0.000000,
                   0.000000,-0.105471, 0.994422, 0.000000,
                   3.744001, 4.494818, 5.443501, 1.000000;;
                }
              } // End of Armature_LeftEye
              Frame Armature_RightEye {
                FrameTransformMatrix {
                   1.000000, 0.000000,-0.000000, 0.000000,
                  -0.000000, 0.994423, 0.105471, 0.000000,
                   0.000000,-0.105471, 0.994422, 0.000000,
                  -3.744000, 4.494818, 5.443501, 1.000000;;
                }
              } // End of Armature_RightEye
            } // End of Armature_Head
          } // End of Armature_Neck
          Frame Armature_RightShoulder {
            FrameTransformMatrix {
               0.099817, 0.961021, 0.257829, 0.000000,
              -0.994266, 0.086345, 0.063085, 0.000000,
               0.038364,-0.262647, 0.964129, 0.000000,
              -2.389500,13.985311,-2.140201, 1.000000;;
            }
            Frame Armature_RightUpperArm {
              FrameTransformMatrix {
                 0.160914, 0.941508, 0.296090, 0.000000,
                -0.980462, 0.118100, 0.157310, 0.000000,
                 0.113141,-0.315618, 0.942117, 0.000000,
                -0.740681, 4.470302, 0.269599, 1.000000;;
              }
              Frame Armature_RightLowerArm {
                FrameTransformMatrix {
                   0.999854,-0.002869, 0.016861, 0.000000,
                  -0.002480, 0.951088, 0.308911, 0.000000,
                  -0.016922,-0.308908, 0.950941, 0.000000,
                  -0.000000,19.379501, 0.000001, 1.000000;;
                }
                Frame Armature_RightHand {
                  FrameTransformMatrix {
                     0.937320,-0.019917,-0.347899, 0.000000,
                     0.025477, 0.999610, 0.011415, 0.000000,
                     0.347536,-0.019563, 0.937463, 0.000000,
                    -0.000001,17.771400, 0.000001, 1.000000;;
                  }
                  Frame Armature_RightIndexProximal {
                    FrameTransformMatrix {
                       0.992557, 0.117134, 0.033330, 0.000000,
                      -0.118574, 0.991919, 0.045129, 0.000000,
                      -0.027774,-0.048745, 0.998425, 0.000000,
                      -0.287205, 6.742298, 1.062800, 1.000000;;
                    }
                    Frame Armature_RightIndexIntermediate {
                      FrameTransformMatrix {
                         0.956521, 0.291318,-0.014155, 0.000000,
                        -0.291626, 0.956041,-0.030677, 0.000000,
                         0.004596, 0.033471, 0.999429, 0.000000,
                         0.000001, 2.055994, 0.000000, 1.000000;;
                      }
                      Frame Armature_RightIndexDistal {
                        FrameTransformMatrix {
                           0.993422, 0.113497,-0.015209, 0.000000,
                          -0.113294, 0.993468, 0.013598, 0.000000,
                           0.016653,-0.011786, 0.999792, 0.000000,
                           0.000001, 1.448406, 0.000001, 1.000000;;
                        }
                      } // End of Armature_RightIndexDistal
                    } // End of Armature_RightIndexIntermediate
                  } // End of Armature_RightIndexProximal
                  Frame Armature_RightLittleProximal {
                    FrameTransformMatrix {
                       0.925942, 0.374387,-0.049659, 0.000000,
                      -0.377205, 0.910290,-0.170551, 0.000000,
                      -0.018648, 0.176652, 0.984097, 0.000000,
                      -0.320104, 6.152398,-2.483902, 1.000000;;
                    }
                    Frame Armature_RightLittleIntermediate {
                      FrameTransformMatrix {
                         0.920152, 0.391534, 0.004516, 0.000000,
                        -0.391263, 0.919842,-0.028358, 0.000000,
                        -0.015257, 0.024327, 0.999588, 0.000000,
                         0.000000, 1.733999,-0.000000, 1.000000;;
                      }
                      Frame Armature_RightLittleDistal {
                        FrameTransformMatrix {
                           0.943372, 0.331113,-0.020318, 0.000000,
                          -0.330838, 0.943556, 0.015756, 0.000000,
                           0.024388,-0.008141, 0.999669, 0.000000,
                           0.000001, 1.156101,-0.000000, 1.000000;;
                        }
                      } // End of Armature_RightLittleDistal
                    } // End of Armature_RightLittleIntermediate
                  } // End of Armature_RightLittleProximal
                  Frame Armature_RightMiddleProximal {
                    FrameTransformMatrix {
                       0.972775, 0.231519,-0.010413, 0.000000,
                      -0.231685, 0.970410,-0.068016, 0.000000,
                      -0.005642, 0.068577, 0.997630, 0.000000,
                      -0.298104, 6.922701,-0.118500, 1.000000;;
                    }
                    Frame Armature_RightMiddleIntermediate {
                      FrameTransformMatrix {
                         0.919330, 0.392289,-0.030670, 0.000000,
                        -0.393320, 0.918414,-0.042599, 0.000000,
                         0.011457, 0.051226, 0.998621, 0.000000,
                        -0.000000, 2.359199,-0.000000, 1.000000;;
                      }
                      Frame Armature_RightMiddleDistal {
                        FrameTransformMatrix {
                           0.969276, 0.245958,-0.003000, 0.000000,
                          -0.245954, 0.968958,-0.025029, 0.000000,
                          -0.003249, 0.024998, 0.999682, 0.000000,
                          -0.000003, 1.412501,-0.000000, 1.000000;;
                        }
                      } // End of Armature_RightMiddleDistal
                    } // End of Armature_RightMiddleIntermediate
                  } // End of Armature_RightMiddleProximal
                  Frame Armature_RightRingProximal {
                    FrameTransformMatrix {
                       0.953594, 0.298962,-0.035779, 0.000000,
                      -0.301053, 0.944705,-0.129997, 0.000000,
                      -0.005063, 0.134736, 0.990869, 0.000000,
                      -0.309402, 6.512299,-1.327301, 1.000000;;
                    }
                    Frame Armature_RightRingIntermediate {
                      FrameTransformMatrix {
                         0.916047, 0.401011,-0.006939, 0.000000,
                        -0.400925, 0.915111,-0.042801, 0.000000,
                        -0.010814, 0.041990, 0.999059, 0.000000,
                         0.000001, 2.251696, 0.000000, 1.000000;;
                      }
                      Frame Armature_RightRingDistal {
                        FrameTransformMatrix {
                           0.980584, 0.194554, 0.024553, 0.000000,
                          -0.194936, 0.980713, 0.014237, 0.000000,
                          -0.021310,-0.018747, 0.999597, 0.000000,
                          -0.000000, 1.399204, 0.000000, 1.000000;;
                        }
                      } // End of Armature_RightRingDistal
                    } // End of Armature_RightRingIntermediate
                  } // End of Armature_RightRingProximal
                  Frame Armature_RightThumbProximal {
                    FrameTransformMatrix {
                       0.505056,-0.091472, 0.858226, 0.000000,
                      -0.353302, 0.885329, 0.302275, 0.000000,
                      -0.787462,-0.455878, 0.414824, 0.000000,
                      -0.681106, 2.782196, 1.884500, 1.000000;;
                    }
                    Frame Armature_RightThumbIntermediate {
                      FrameTransformMatrix {
                         0.989389, 0.141400, 0.033397, 0.000000,
                        -0.131968, 0.970757,-0.200537, 0.000000,
                        -0.060776, 0.194002, 0.979116, 0.000000,
                         0.000000, 2.014404,-0.000001, 1.000000;;
                      }
                      Frame Armature_RightThumbDistal {
                        FrameTransformMatrix {
                           0.924426, 0.381104,-0.014021, 0.000000,
                          -0.379505, 0.915676,-0.132337, 0.000000,
                          -0.037595, 0.127657, 0.991105, 0.000000,
                           0.000003, 1.328896,-0.000002, 1.000000;;
                        }
                      } // End of Armature_RightThumbDistal
                    } // End of Armature_RightThumbIntermediate
                  } // End of Armature_RightThumbProximal
                } // End of Armature_RightHand
              } // End of Armature_RightLowerArm
            } // End of Armature_RightUpperArm
          } // End of Armature_RightShoulder
          Frame Armature_String_L {
            FrameTransformMatrix {
               0.993918, 0.092908,-0.059125, 0.000000,
               0.109673,-0.883693, 0.455037, 0.000000,
              -0.009972,-0.458753,-0.888507, 0.000000,
               4.439601,13.765310, 4.559700, 1.000000;;
            }
            Frame Armature_String_L_001 {
              FrameTransformMatrix {
                 0.997030, 0.073858, 0.021802, 0.000000,
                -0.076794, 0.974685, 0.209982, 0.000000,
                -0.005742,-0.211033, 0.977462, 0.000000,
                -0.000002, 5.379207, 0.000001, 1.000000;;
              }
              Frame Armature_String_L_002 {
                FrameTransformMatrix {
                   0.999889,-0.002970, 0.014634, 0.000000,
                   0.001426, 0.994528, 0.104458, 0.000000,
                  -0.014864,-0.104426, 0.994422, 0.000000,
                   0.000000, 7.558307, 0.000000, 1.000000;;
                }
                Frame Armature_String_L_003 {
                  FrameTransformMatrix {
                     0.995436, 0.036983,-0.087978, 0.000000,
                    -0.027292, 0.993678, 0.108903, 0.000000,
                     0.091450,-0.106004, 0.990151, 0.000000,
                    -0.000001, 7.366597,-0.000002, 1.000000;;
                  }
                } // End of Armature_String_L_003
              } // End of Armature_String_L_002
            } // End of Armature_String_L_001
          } // End of Armature_String_L
          Frame Armature_String_R {
            FrameTransformMatrix {
               0.993918,-0.092908, 0.059125, 0.000000,
              -0.109673,-0.883693, 0.455037, 0.000000,
               0.009972,-0.458753,-0.888507, 0.000000,
              -4.439601,13.765310, 4.559700, 1.000000;;
            }
            Frame Armature_String_R_001 {
              FrameTransformMatrix {
                 0.997031,-0.073858,-0.021802, 0.000000,
                 0.076794, 0.974685, 0.209982, 0.000000,
                 0.005742,-0.211033, 0.977462, 0.000000,
                 0.000001, 5.379211,-0.000007, 1.000000;;
              }
              Frame Armature_String_R_002 {
                FrameTransformMatrix {
                   0.999888, 0.002970,-0.014634, 0.000000,
                  -0.001426, 0.994528, 0.104458, 0.000000,
                   0.014864,-0.104426, 0.994422, 0.000000,
                  -0.000000, 7.558300, 0.000001, 1.000000;;
                }
                Frame Armature_String_R_003 {
                  FrameTransformMatrix {
                     0.995436,-0.036983, 0.087978, 0.000000,
                     0.027292, 0.993678, 0.108903, 0.000000,
                    -0.091450,-0.106004, 0.990151, 0.000000,
                     0.000000, 7.366593,-0.000003, 1.000000;;
                  }
                } // End of Armature_String_R_003
              } // End of Armature_String_R_002
            } // End of Armature_String_R_001
          } // End of Armature_String_R
        } // End of Armature_Chest
      } // End of Armature_Spine
      Frame Armature_Tail {
        FrameTransformMatrix {
           1.000000, 0.000000, 0.000000, 0.000000,
           0.000000, 0.813705,-0.581278, 0.000000,
           0.000000, 0.581278, 0.813705, 0.000000,
           0.000000, 7.903000,-3.502998, 1.000000;;
        }
        Frame Armature_Tail_001 {
          FrameTransformMatrix {
             1.000000, 0.000000, 0.000000, 0.000000,
             0.000000, 0.824661,-0.565628, 0.000000,
             0.000000, 0.565628, 0.824661, 0.000000,
             0.000000, 7.600997,-0.000001, 1.000000;;
          }
          Frame Armature_Tail_002 {
            FrameTransformMatrix {
               1.000000, 0.000000, 0.000000, 0.000000,
               0.000000, 0.953362,-0.301831, 0.000000,
               0.000000, 0.301831, 0.953361, 0.000000,
               0.000000,10.252001,-0.000002, 1.000000;;
            }
            Frame Armature_Tail_003 {
              FrameTransformMatrix {
                 1.000000, 0.000000, 0.000000, 0.000000,
                 0.000000, 0.978420, 0.206628, 0.000000,
                 0.000000,-0.206628, 0.978420, 0.000000,
                 0.000000, 8.780499,-0.000002, 1.000000;;
              }
              Frame Armature_Tail_004 {
                FrameTransformMatrix {
                   1.000000, 0.000000, 0.000000, 0.000000,
                   0.000000, 0.806988, 0.590568, 0.000000,
                   0.000000,-0.590568, 0.806988, 0.000000,
                   0.000000, 8.834501, 0.000002, 1.000000;;
                }
                Frame Armature_Tail_005 {
                  FrameTransformMatrix {
                     1.000000, 0.000000, 0.000000, 0.000000,
                     0.000000, 0.879282, 0.476301, 0.000000,
                     0.000000,-0.476301, 0.879282, 0.000000,
                     0.000000, 7.747304, 0.000000, 1.000000;;
                  }
                } // End of Armature_Tail_005
              } // End of Armature_Tail_004
            } // End of Armature_Tail_003
          } // End of Armature_Tail_002
        } // End of Armature_Tail_001
      } // End of Armature_Tail
    } // End of Armature_Hips
  } // End of Armature
} // End of Root
AnimationSet Global {
  Animation {
    {Armature}
    AnimationKey { // Rotation
      0;
      301;
      0;4;-0.721281, 0.692383, 0.007387, 0.017432;;,
      1;4;-0.721161, 0.692512, 0.007138, 0.017374;;,
      2;4;-0.721048, 0.692635, 0.006826, 0.017293;;,
      3;4;-0.720930, 0.692763, 0.006485, 0.017218;;,
      4;4;-0.720801, 0.692902, 0.006167, 0.017159;;,
      5;4;-0.720673, 0.693039, 0.005900, 0.017100;;,
      6;4;-0.720567, 0.693154, 0.005669, 0.017017;;,
      7;4;-0.720487, 0.693241, 0.005441, 0.016908;;,
      8;4;-0.720427, 0.693308, 0.005196, 0.016791;;,
      9;4;-0.720393, 0.693348, 0.004941, 0.016691;;,
      10;4;-0.720392, 0.693352, 0.004695, 0.016630;;,
      11;4;-0.720396, 0.693350, 0.004472, 0.016606;;,
      12;4;-0.720338, 0.693412, 0.004274, 0.016577;;,
      13;4;-0.720167, 0.693592, 0.004089, 0.016501;;,
      14;4;-0.719914, 0.693859, 0.003897, 0.016384;;,
      15;4;-0.719671, 0.694114, 0.003686, 0.016285;;,
      16;4;-0.719505, 0.694288, 0.003481, 0.016260;;,
      17;4;-0.719401, 0.694395, 0.003335, 0.016325;;,
      18;4;-0.719307, 0.694489, 0.003278, 0.016463;;,
      19;4;-0.719209, 0.694587, 0.003298, 0.016644;;,
      20;4;-0.719119, 0.694675, 0.003356, 0.016848;;,
      21;4;-0.719030, 0.694761, 0.003418, 0.017048;;,
      22;4;-0.718921, 0.694870, 0.003464, 0.017206;;,
      23;4;-0.718789, 0.695004, 0.003482, 0.017295;;,
      24;4;-0.718657, 0.695140, 0.003468, 0.017317;;,
      25;4;-0.718542, 0.695260, 0.003424, 0.017293;;,
      26;4;-0.718443, 0.695364, 0.003362, 0.017251;;,
      27;4;-0.718359, 0.695452, 0.003305, 0.017201;;,
      28;4;-0.718307, 0.695507, 0.003287, 0.017146;;,
      29;4;-0.718317, 0.695498, 0.003316, 0.017083;;,
      30;4;-0.718410, 0.695403, 0.003381, 0.017019;;,
      31;4;-0.718569, 0.695240, 0.003470, 0.016968;;,
      32;4;-0.718746, 0.695057, 0.003591, 0.016948;;,
      33;4;-0.718894, 0.694902, 0.003754, 0.016970;;,
      34;4;-0.718979, 0.694812, 0.003943, 0.017010;;,
      35;4;-0.718977, 0.694813, 0.004122, 0.017013;;,
      36;4;-0.718878, 0.694918, 0.004261, 0.016924;;,
      37;4;-0.718693, 0.695113, 0.004352, 0.016726;;,
      38;4;-0.718461, 0.695359, 0.004410, 0.016467;;,
      39;4;-0.718216, 0.695616, 0.004469, 0.016236;;,
      40;4;-0.717960, 0.695884, 0.004569, 0.016096;;,
      41;4;-0.717667, 0.696185, 0.004716, 0.016037;;,
      42;4;-0.717354, 0.696507, 0.004862, 0.016020;;,
      43;4;-0.717089, 0.696780, 0.004958, 0.016026;;,
      44;4;-0.716917, 0.696956, 0.005019, 0.016051;;,
      45;4;-0.716803, 0.697072, 0.005094, 0.016074;;,
      46;4;-0.716673, 0.697204, 0.005206, 0.016078;;,
      47;4;-0.716504, 0.697377, 0.005340, 0.016079;;,
      48;4;-0.716328, 0.697557, 0.005483, 0.016101;;,
      49;4;-0.716172, 0.697714, 0.005631, 0.016135;;,
      50;4;-0.716039, 0.697849, 0.005772, 0.016147;;,
      51;4;-0.715931, 0.697960, 0.005877, 0.016107;;,
      52;4;-0.715868, 0.698027, 0.005929, 0.016006;;,
      53;4;-0.715870, 0.698028, 0.005932, 0.015863;;,
      54;4;-0.715923, 0.697977, 0.005912, 0.015715;;,
      55;4;-0.715980, 0.697922, 0.005900, 0.015602;;,
      56;4;-0.716001, 0.697901, 0.005925, 0.015559;;,
      57;4;-0.715988, 0.697913, 0.006003, 0.015597;;,
      58;4;-0.715970, 0.697928, 0.006124, 0.015678;;,
      59;4;-0.715968, 0.697927, 0.006250, 0.015740;;,
      60;4;-0.715985, 0.697910, 0.006332, 0.015750;;,
      61;4;-0.716022, 0.697872, 0.006358, 0.015734;;,
      62;4;-0.716088, 0.697804, 0.006358, 0.015731;;,
      63;4;-0.716172, 0.697718, 0.006381, 0.015737;;,
      64;4;-0.716245, 0.697642, 0.006438, 0.015726;;,
      65;4;-0.716290, 0.697596, 0.006512, 0.015693;;,
      66;4;-0.716326, 0.697559, 0.006583, 0.015664;;,
      67;4;-0.716387, 0.697495, 0.006653, 0.015664;;,
