xof 0303txt 0032

template XSkinMeshHeader {
  <3cf169ce-ff7c-44ab-93c0-f78f62d172e2>
  WORD nMaxSkinWeightsPerVertex;
  WORD nMaxSkinWeightsPerFace;
  WORD nBones;
}

template SkinWeights {
  <6f0d123b-bad2-4167-a0d0-80224f25fabb>
  STRING transformNodeName;
  DWORD nWeights;
  array DWORD vertexIndices[nWeights];
  array float weights[nWeights];
  Matrix4x4 matrixOffset;
}

Frame Root {
  FrameTransformMatrix {
     1.000000, 0.000000, 0.000000, 0.000000,
     0.000000,-0.000000,-1.000000, 0.000000,
     0.000000, 1.000000,-0.000000, 0.000000,
     0.000000, 0.000000, 0.000000, 1.000000;;
  }
  Frame Armature {
    FrameTransformMatrix {
       0.128177,-0.006456,-0.020714, 0.000000,
       0.019342,-0.022228, 0.126617, 0.000000,
      -0.009830,-0.127923,-0.020956, 0.000000,
      -1.201124, 1.448565,-0.631105, 1.000000;;
    }
    Frame Armature_Hips {
      FrameTransformMatrix {
         1.000000, 0.000000, 0.000000, 0.000000,
         0.000000, 0.000000,-1.000000, 0.000000,
         0.000000, 1.000000, 0.000000, 0.000000,
         0.000000,71.285698, 0.000000, 1.000000;;
      }
      Frame Armature_LeftUpperLeg {
        FrameTransformMatrix {
          -0.983404,-0.081554,-0.162068, 0.000000,
           0.142441,-0.900321,-0.411258, 0.000000,
          -0.112373,-0.427518, 0.896995, 0.000000,
           6.630000, 0.000000,-10.307499, 1.000000;;
        }
        Frame Armature_LeftLowerLeg {
          FrameTransformMatrix {
            -0.999972, 0.007336,-0.001857, 0.000000,
            -0.004031,-0.724108,-0.689675, 0.000000,
            -0.006405,-0.689648, 0.724117, 0.000000,
            -0.000002,26.797104, 0.045994, 1.000000;;
          }
          Frame Armature_LeftFoot {
            FrameTransformMatrix {
               0.999385, 0.032998, 0.011817, 0.000000,
              -0.017724, 0.766639,-0.641833, 0.000000,
              -0.030238, 0.641229, 0.766753, 0.000000,
              -0.000001,27.300400, 0.000003, 1.000000;;
            }
            Frame Armature_LeftToeBase {
              FrameTransformMatrix {
                 1.000000,-0.000000, 0.000000, 0.000000,
                 0.000000, 0.850621,-0.525780, 0.000000,
                -0.000000, 0.525780, 0.850621, 0.000000,
                -0.000000, 9.364002, 0.000002, 1.000000;;
              }
            } // End of Armature_LeftToeBase
          } // End of Armature_LeftFoot
        } // End of Armature_LeftLowerLeg
      } // End of Armature_LeftUpperLeg
      Frame Armature_RightUpperLeg {
        FrameTransformMatrix {
          -0.952138,-0.001970,-0.305662, 0.000000,
           0.283283,-0.381319,-0.879970, 0.000000,
          -0.114821,-0.924441, 0.363627, 0.000000,
          -6.630000, 0.000000,-10.307499, 1.000000;;
        }
        Frame Armature_RightLowerLeg {
          FrameTransformMatrix {
            -0.995701, 0.051935,-0.076688, 0.000000,
             0.091384, 0.685676,-0.722148, 0.000000,
             0.015078,-0.726052,-0.687474, 0.000000,
            -0.000000,26.797102, 0.045999, 1.000000;;
          }
          Frame Armature_RightFoot {
            FrameTransformMatrix {
               0.996597, 0.079528,-0.021670, 0.000000,
              -0.026520, 0.060446,-0.997819, 0.000000,
              -0.078045, 0.994998, 0.062349, 0.000000,
              -0.000001,27.300402, 0.000000, 1.000000;;
            }
            Frame Armature_RightToeBase {
              FrameTransformMatrix {
                 1.000000, 0.000000, 0.000000, 0.000000,
                -0.000000, 0.819768,-0.572696, 0.000000,
                -0.000000, 0.572696, 0.819768, 0.000000,
                 0.000000, 9.364000,-0.000000, 1.000000;;
              }
            } // End of Armature_RightToeBase
          } // End of Armature_RightFoot
        } // End of Armature_RightLowerLeg
      } // End of Armature_RightUpperLeg
      Frame Armature_Spine {
        FrameTransformMatrix {
           0.997648, 0.007694, 0.068114, 0.000000,
          -0.067101,-0.093400, 0.993365, 0.000000,
           0.014004,-0.995599,-0.092664, 0.000000,
           0.000000, 0.000000, 0.979401, 1.000000;;
        }
        Frame Armature_Chest {
          FrameTransformMatrix {
             0.989249, 0.146012,-0.008176, 0.000000,
            -0.141955, 0.972192, 0.186255, 0.000000,
             0.035144,-0.183092, 0.982467, 0.000000,
             0.000000, 6.851406,-0.000000, 1.000000;;
          }
          Frame Armature_LeftShoulder {
            FrameTransformMatrix {
              -0.044825,-0.974760,-0.218709, 0.000000,
               0.989229,-0.073847, 0.126385, 0.000000,
              -0.139346,-0.210688, 0.967571, 0.000000,
               2.389500,13.985296,-2.140199, 1.000000;;
            }
            Frame Armature_LeftUpperArm {
              FrameTransformMatrix {
                 0.295123,-0.954073, 0.051453, 0.000000,
                 0.919274, 0.268854,-0.287493, 0.000000,
                 0.260456, 0.132146, 0.956400, 0.000000,
                 0.740700, 4.470301, 0.269600, 1.000000;;
              }
              Frame Armature_LeftLowerArm {
                FrameTransformMatrix {
                   0.999916, 0.009228,-0.009098, 0.000000,
                   0.007968, 0.115859, 0.993234, 0.000000,
                   0.010219,-0.993223, 0.115775, 0.000000,
                   0.000001,19.379496,-0.000008, 1.000000;;
                }
                Frame Armature_LeftHand {
                  FrameTransformMatrix {
                     0.971108,-0.076695,-0.225979, 0.000000,
                     0.109903, 0.984283, 0.138235, 0.000000,
                     0.211826,-0.159076, 0.964274, 0.000000,
                    -0.000004,17.771397,-0.000003, 1.000000;;
                  }
                  Frame Armature_LeftIndexProximal {
                    FrameTransformMatrix {
                       0.042223,-0.985466, 0.164542, 0.000000,
                       0.994614, 0.025856,-0.100371, 0.000000,
                       0.094658, 0.167894, 0.981250, 0.000000,
                       0.287205, 6.742296, 1.062799, 1.000000;;
                    }
                    Frame Armature_LeftIndexIntermediate {
                      FrameTransformMatrix {
                         0.374464,-0.925435, 0.057847, 0.000000,
                         0.926589, 0.371132,-0.060770, 0.000000,
                         0.034770, 0.076357, 0.996474, 0.000000,
                        -0.000000, 2.055903,-0.000001, 1.000000;;
                      }
                      Frame Armature_LeftIndexDistal {
                        FrameTransformMatrix {
                           0.574531,-0.817372, 0.042631, 0.000000,
                           0.818289, 0.572482,-0.051651, 0.000000,
                           0.017813, 0.064559, 0.997755, 0.000000,
                           0.000003, 1.448401, 0.000002, 1.000000;;
                        }
                      } // End of Armature_LeftIndexDistal
                    } // End of Armature_LeftIndexIntermediate
                  } // End of Armature_LeftIndexProximal
                  Frame Armature_LeftLittleProximal {
                    FrameTransformMatrix {
                      -0.191223,-0.958657, 0.210737, 0.000000,
                       0.975208,-0.209917,-0.070025, 0.000000,
                       0.111367, 0.192122, 0.975032, 0.000000,
                       0.320105, 6.152396,-2.483900, 1.000000;;
                    }
                    Frame Armature_LeftLittleIntermediate {
                      FrameTransformMatrix {
                         0.397135,-0.916845, 0.040981, 0.000000,
                         0.916582, 0.393967,-0.068317, 0.000000,
                         0.046491, 0.064694, 0.996822, 0.000000,
                        -0.000004, 1.734002,-0.000001, 1.000000;;
                      }
                      Frame Armature_LeftLittleDistal {
                        FrameTransformMatrix {
                           0.510622,-0.858248, 0.051724, 0.000000,
                           0.859158, 0.506981,-0.069408, 0.000000,
                           0.033346, 0.079881, 0.996247, 0.000000,
                          -0.000004, 1.156097,-0.000001, 1.000000;;
                        }
                      } // End of Armature_LeftLittleDistal
                    } // End of Armature_LeftLittleIntermediate
                  } // End of Armature_LeftLittleProximal
                  Frame Armature_LeftMiddleProximal {
                    FrameTransformMatrix {
                      -0.007830,-0.982822, 0.184392, 0.000000,
                       0.995064,-0.025900,-0.095795, 0.000000,
                       0.098925, 0.182731, 0.978173, 0.000000,
                       0.298106, 6.922698,-0.118500, 1.000000;;
                    }
                    Frame Armature_LeftMiddleIntermediate {
                      FrameTransformMatrix {
                         0.548843,-0.833338, 0.065714, 0.000000,
                         0.835626, 0.544845,-0.069804, 0.000000,
                         0.022366, 0.093224, 0.995394, 0.000000,
                        -0.000001, 2.359200, 0.000001, 1.000000;;
                      }
                      Frame Armature_LeftMiddleDistal {
                        FrameTransformMatrix {
                           0.516179,-0.855223, 0.046410, 0.000000,
                           0.855133, 0.511571,-0.083921, 0.000000,
                           0.048029, 0.083005, 0.995391, 0.000000,
                           0.000001, 1.412498, 0.000000, 1.000000;;
                        }
                      } // End of Armature_LeftMiddleDistal
                    } // End of Armature_LeftMiddleIntermediate
                  } // End of Armature_LeftMiddleProximal
                  Frame Armature_LeftRingProximal {
                    FrameTransformMatrix {
                       0.016799,-0.980367, 0.196463, 0.000000,
                       0.996931, 0.001396,-0.078278, 0.000000,
                       0.076467, 0.197175, 0.977381, 0.000000,
                       0.309402, 6.512299,-1.327301, 1.000000;;
                    }
                    Frame Armature_LeftRingIntermediate {
                      FrameTransformMatrix {
                         0.396421,-0.916578, 0.052293, 0.000000,
                         0.915863, 0.390880,-0.091693, 0.000000,
                         0.063603, 0.084242, 0.994413, 0.000000,
                        -0.000001, 2.251705,-0.000001, 1.000000;;
                      }
                      Frame Armature_LeftRingDistal {
                        FrameTransformMatrix {
                           0.427790,-0.903701, 0.017904, 0.000000,
                           0.900992, 0.424759,-0.088281, 0.000000,
                           0.072175, 0.053897, 0.995935, 0.000000,
                           0.000004, 1.399199, 0.000000, 1.000000;;
                        }
                      } // End of Armature_LeftRingDistal
                    } // End of Armature_LeftRingIntermediate
                  } // End of Armature_LeftRingProximal
                  Frame Armature_LeftThumbProximal {
                    FrameTransformMatrix {
                       0.452749, 0.168125,-0.875644, 0.000000,
                       0.428101, 0.820475, 0.378881, 0.000000,
                       0.782143,-0.546402, 0.299495, 0.000000,
                       0.681106, 2.782196, 1.884500, 1.000000;;
                    }
                    Frame Armature_LeftThumbIntermediate {
                      FrameTransformMatrix {
                         0.981135,-0.179805, 0.071016, 0.000000,
                         0.192380, 0.944303,-0.266986, 0.000000,
                        -0.019055, 0.275612, 0.961080, 0.000000,
                        -0.000002, 2.014397,-0.000002, 1.000000;;
                      }
                      Frame Armature_LeftThumbDistal {
                        FrameTransformMatrix {
                           0.993790, 0.079312,-0.078039, 0.000000,
                          -0.068981, 0.989478, 0.127182, 0.000000,
                           0.087305,-0.121009, 0.988805, 0.000000,
                          -0.000006, 1.328899,-0.000003, 1.000000;;
                        }
                      } // End of Armature_LeftThumbDistal
                    } // End of Armature_LeftThumbIntermediate
                  } // End of Armature_LeftThumbProximal
                } // End of Armature_LeftHand
              } // End of Armature_LeftLowerArm
            } // End of Armature_LeftUpperArm
          } // End of Armature_LeftShoulder
          Frame Armature_Neck {
            FrameTransformMatrix {
               0.999894,-0.014105,-0.003663, 0.000000,
               0.013431, 0.989496,-0.143938, 0.000000,
               0.005655, 0.143873, 0.989580, 0.000000,
              -0.000000,15.754091,-2.059698, 1.000000;;
            }
            Frame Armature_Head {
              FrameTransformMatrix {
                 0.999894,-0.013640,-0.005130, 0.000000,
                 0.013431, 0.999158,-0.038772, 0.000000,
                 0.005655, 0.038699, 0.999235, 0.000000,
                 0.000001, 5.113904,-0.000001, 1.000000;;
              }
              Frame Armature_Ahoge {
                FrameTransformMatrix {
                   0.778679, 0.333452,-0.531478, 0.000000,
                   0.077626, 0.789373, 0.608987, 0.000000,
                   0.622602,-0.515462, 0.588783, 0.000000,
                  -0.008302,19.573999, 1.486599, 1.000000;;
                }
                Frame Armature_Ahoge_001 {
                  FrameTransformMatrix {
                     0.945903,-0.319331, 0.057404, 0.000000,
                     0.322018, 0.945622,-0.045852, 0.000000,
                    -0.039641, 0.061857, 0.997297, 0.000000,
                    -0.000002, 1.847699,-0.000004, 1.000000;;
                  }
                  Frame Armature_Ahoge_002 {
                    FrameTransformMatrix {
                      -0.615501,-0.736685,-0.280094, 0.000000,
                       0.725584,-0.668413, 0.163560, 0.000000,
                      -0.307711,-0.102560, 0.945936, 0.000000,
                       1.029802, 1.470711,-0.000005, 1.000000;;
                    }
                    Frame Armature_Ahoge_003 {
                      FrameTransformMatrix {
                         0.921810,-0.105791, 0.372927, 0.000000,
                        -0.121992, 0.833989, 0.538126, 0.000000,
                        -0.367946,-0.541544, 0.755874, 0.000000,
                        -1.211598, 1.278901,-0.375089, 1.000000;;
                      }
                    } // End of Armature_Ahoge_003
                  } // End of Armature_Ahoge_002
                } // End of Armature_Ahoge_001
              } // End of Armature_Ahoge
              Frame Armature_Cheek_Root_L {
                FrameTransformMatrix {
                   0.663790,-0.441226,-0.603906, 0.000000,
                   0.502461,-0.335017, 0.797055, 0.000000,
                  -0.554000,-0.832516,-0.000682, 0.000000,
                   4.139099, 0.634105, 4.734900, 1.000000;;
                }
                Frame Armature_Cheek_L {
                  FrameTransformMatrix {
                     0.847018,-0.068013,-0.527196, 0.000000,
                     0.070457, 0.997395,-0.015473, 0.000000,
                     0.526875,-0.024039, 0.849603, 0.000000,
                    -0.000004, 1.316201,-0.000008, 1.000000;;
                  }
                } // End of Armature_Cheek_L
              } // End of Armature_Cheek_Root_L
              Frame Armature_Cheek_Root_R {
                FrameTransformMatrix {
                   0.663790, 0.441226, 0.603906, 0.000000,
                  -0.502461,-0.335017, 0.797055, 0.000000,
                   0.554000,-0.832516,-0.000682, 0.000000,
                  -4.139102, 0.634102, 4.734900, 1.000000;;
                }
                Frame Armature_Cheek_R {
                  FrameTransformMatrix {
                     0.847018, 0.068013, 0.527196, 0.000000,
                    -0.070457, 0.997395,-0.015473, 0.000000,
                    -0.526875,-0.024039, 0.849603, 0.000000,
                    -0.000001, 1.316206, 0.000009, 1.000000;;
                  }
                } // End of Armature_Cheek_R
              } // End of Armature_Cheek_Root_R
              Frame Armature_Ear_L {
                FrameTransformMatrix {
                   0.732097,-0.644693,-0.220010, 0.000000,
                   0.664302, 0.604185, 0.440072, 0.000000,
                  -0.150785,-0.468328, 0.870593, 0.000000,
                   7.105498,15.672801,-1.331501, 1.000000;;
                }
                Frame Armature_Ear_L_001 {
                  FrameTransformMatrix {
                     0.985751, 0.153547,-0.068698, 0.000000,
                    -0.145327, 0.983038, 0.111879, 0.000000,
                     0.084711,-0.100301, 0.991345, 0.000000,
                    -0.000001, 4.223300,-0.000007, 1.000000;;
                  }
                } // End of Armature_Ear_L_001
              } // End of Armature_Ear_L
              Frame Armature_Ear_R {
                FrameTransformMatrix {
                   0.732097, 0.644693, 0.220010, 0.000000,
                  -0.664302, 0.604185, 0.440072, 0.000000,
                   0.150785,-0.468328, 0.870593, 0.000000,
                  -7.105501,15.672796,-1.331502, 1.000000;;
                }
                Frame Armature_Ear_R_001 {
                  FrameTransformMatrix {
                     0.985751,-0.153547, 0.068698, 0.000000,
                     0.145327, 0.983038, 0.111879, 0.000000,
                    -0.084711,-0.100301, 0.991344, 0.000000,
                    -0.000010, 4.223296,-0.000001, 1.000000;;
                  }
                } // End of Armature_Ear_R_001
              } // End of Armature_Ear_R
              Frame Armature_Hair_back_root {
                FrameTransformMatrix {
                   1.000000, 0.000000,-0.000000, 0.000000,
                   0.000000, 0.163758,-0.986501, 0.000000,
                  -0.000000, 0.986501, 0.163758, 0.000000,
                  -0.000002, 6.663901, 1.106199, 1.000000;;
                }
                Frame Armature_Hair_back {
                  FrameTransformMatrix {
                     1.000000, 0.000000, 0.000000, 0.000000,
                    -0.000000,-0.426932,-0.904284, 0.000000,
                    -0.000000, 0.904284,-0.426932, 0.000000,
                     0.000001, 9.775103,-2.228095, 1.000000;;
                  }
                } // End of Armature_Hair_back
                Frame Armature_Hair_back_L {
                  FrameTransformMatrix {
                     0.208712,-0.943489, 0.257426, 0.000000,
                    -0.345891,-0.317424,-0.882951, 0.000000,
                     0.914767, 0.095241,-0.392595, 0.000000,
                     8.995901, 4.126603,-2.526000, 1.000000;;
                  }
                } // End of Armature_Hair_back_L
                Frame Armature_Hair_back_R {
                  FrameTransformMatrix {
                     0.208712, 0.943489,-0.257426, 0.000000,
                     0.345891,-0.317424,-0.882951, 0.000000,
                    -0.914767, 0.095241,-0.392595, 0.000000,
                    -8.995897, 4.126604,-2.525999, 1.000000;;
                  }
                } // End of Armature_Hair_back_R
              } // End of Armature_Hair_back_root
              Frame Armature_Hair_front {
                FrameTransformMatrix {
                   0.999945, 0.001105,-0.010419, 0.000000,
                  -0.000000,-0.994422,-0.105474, 0.000000,
                  -0.010478, 0.105468,-0.994363, 0.000000,
                  -0.000001,11.575100,10.900702, 1.000000;;
                }
                Frame Armature_Hair_front_001 {
                  FrameTransformMatrix {
                     1.000000, 0.000000,-0.000005, 0.000000,
                     0.000000, 1.000000, 0.000000, 0.000000,
                     0.000005,-0.000000, 1.000000, 0.000000,
                    -0.000002, 4.711400, 0.000001, 1.000000;;
                  }
                } // End of Armature_Hair_front_001
              } // End of Armature_Hair_front
              Frame Armature_Hair_side_L {
                FrameTransformMatrix {
                  -0.930719, 0.339895, 0.135027, 0.000000,
                  -0.352241,-0.932412,-0.080836, 0.000000,
                   0.098425,-0.122798, 0.987539, 0.000000,
                   9.987197, 6.098606, 3.489700, 1.000000;;
                }
                Frame Armature_Hair_side_L_001 {
                  FrameTransformMatrix {
                     0.843475,-0.332255,-0.422085, 0.000000,
                     0.286626, 0.942934,-0.169474, 0.000000,
                     0.454307, 0.021966, 0.890574, 0.000000,
                    -0.000001, 5.850495,-0.000001, 1.000000;;
                  }
                } // End of Armature_Hair_side_L_001
              } // End of Armature_Hair_side_L
              Frame Armature_Hair_side_R {
                FrameTransformMatrix {
                  -0.930719,-0.339895,-0.135027, 0.000000,
                   0.352241,-0.932412,-0.080836, 0.000000,
                  -0.098425,-0.122798, 0.987539, 0.000000,
                  -9.987201, 6.098605, 3.489700, 1.000000;;
                }
                Frame Armature_Hair_side_R_001 {
                  FrameTransformMatrix {
                     0.843475, 0.332255, 0.422085, 0.000000,
                    -0.286626, 0.942934,-0.169474, 0.000000,
                    -0.454307, 0.021966, 0.890574, 0.000000,
                    -0.000003, 5.850495,-0.000002, 1.000000;;
                  }
                } // End of Armature_Hair_side_R_001
              } // End of Armature_Hair_side_R
              Frame Armature_LeftEye {
                FrameTransformMatrix {
                   1.000000, 0.000000,-0.000000, 0.000000,
                   0.000000, 0.994422, 0.105472, 0.000000,
                  -0.000000,-0.105472, 0.994422, 0.000000,
                   3.743998, 4.494802, 5.443500, 1.000000;;
                }
              } // End of Armature_LeftEye
              Frame Armature_RightEye {
                FrameTransformMatrix {
                   1.000000, 0.000000,-0.000000, 0.000000,
                   0.000000, 0.994422, 0.105472, 0.000000,
                  -0.000000,-0.105472, 0.994422, 0.000000,
                  -3.744002, 4.494802, 5.443500, 1.000000;;
                }
              } // End of Armature_RightEye
            } // End of Armature_Head
          } // End of Armature_Neck
          Frame Armature_RightShoulder {
            FrameTransformMatrix {
               0.044336, 0.989204, 0.139676, 0.000000,
              -0.987607, 0.022329, 0.155353, 0.000000,
               0.150557,-0.144832, 0.977934, 0.000000,
              -2.389500,13.985291,-2.140199, 1.000000;;
            }
            Frame Armature_RightUpperArm {
              FrameTransformMatrix {
                 0.715015, 0.681488, 0.155972, 0.000000,
                -0.654847, 0.574743, 0.490761, 0.000000,
                 0.244804,-0.453039, 0.857220, 0.000000,
                -0.740696, 4.470296, 0.269598, 1.000000;;
              }
              Frame Armature_RightLowerArm {
                FrameTransformMatrix {
                   0.999916,-0.009225, 0.009118, 0.000000,
                  -0.007966, 0.117989, 0.992983, 0.000000,
                  -0.010236,-0.992972, 0.117906, 0.000000,
                   0.000000,19.379498, 0.000000, 1.000000;;
                }
                Frame Armature_RightHand {
                  FrameTransformMatrix {
                     0.900544,-0.375608,-0.218951, 0.000000,
                     0.419949, 0.881849, 0.214444, 0.000000,
                     0.112535,-0.285064, 0.951879, 0.000000,
                    -0.000002,17.771397,-0.000012, 1.000000;;
                  }
                  Frame Armature_RightIndexProximal {
                    FrameTransformMatrix {
                       0.445897, 0.892345,-0.069970, 0.000000,
                      -0.892528, 0.437359,-0.110049, 0.000000,
                      -0.067600, 0.111521, 0.991460, 0.000000,
                      -0.287203, 6.742305, 1.062807, 1.000000;;
                    }
                    Frame Armature_RightIndexIntermediate {
                      FrameTransformMatrix {
                         0.517626, 0.854244,-0.048268, 0.000000,
                        -0.855239, 0.514925,-0.058463, 0.000000,
                        -0.025087, 0.071542, 0.997122, 0.000000,
                         0.000003, 2.055900, 0.000001, 1.000000;;
                      }
                      Frame Armature_RightIndexDistal {
                        FrameTransformMatrix {
                           0.650372, 0.758644,-0.038410, 0.000000,
                          -0.759613, 0.649678,-0.030113, 0.000000,
                           0.002109, 0.048761, 0.998808, 0.000000,
                          -0.000000, 1.448402,-0.000003, 1.000000;;
                        }
                      } // End of Armature_RightIndexDistal
                    } // End of Armature_RightIndexIntermediate
                  } // End of Armature_RightIndexProximal
                  Frame Armature_RightLittleProximal {
                    FrameTransformMatrix {
                       0.099664, 0.974403,-0.201509, 0.000000,
                      -0.989035, 0.074831,-0.127317, 0.000000,
                      -0.108979, 0.211989, 0.971177, 0.000000,
                      -0.320105, 6.152403,-2.483897, 1.000000;;
                    }
                    Frame Armature_RightLittleIntermediate {
                      FrameTransformMatrix {
                         0.095574, 0.993233,-0.065980, 0.000000,
                        -0.993203, 0.090727,-0.072911, 0.000000,
                        -0.066432, 0.072500, 0.995154, 0.000000,
                         0.000002, 1.734001,-0.000001, 1.000000;;
                      }
                      Frame Armature_RightLittleDistal {
                        FrameTransformMatrix {
                           0.620742, 0.782652,-0.046206, 0.000000,
                          -0.783785, 0.620907,-0.012423, 0.000000,
                           0.018967, 0.043927, 0.998855, 0.000000,
                           0.000000, 1.156091, 0.000000, 1.000000;;
                        }
                      } // End of Armature_RightLittleDistal
                    } // End of Armature_RightLittleIntermediate
                  } // End of Armature_RightLittleProximal
                  Frame Armature_RightMiddleProximal {
                    FrameTransformMatrix {
                       0.382531, 0.913223,-0.140335, 0.000000,
                      -0.922722, 0.369786,-0.108828, 0.000000,
                      -0.047491, 0.171120, 0.984105, 0.000000,
                      -0.298104, 6.922705,-0.118497, 1.000000;;
                    }
                    Frame Armature_RightMiddleIntermediate {
                      FrameTransformMatrix {
                         0.430076, 0.899611,-0.075727, 0.000000,
                        -0.902176, 0.425169,-0.072866, 0.000000,
                        -0.033354, 0.099657, 0.994463, 0.000000,
                        -0.000004, 2.359200, 0.000008, 1.000000;;
                      }
                      Frame Armature_RightMiddleDistal {
                        FrameTransformMatrix {
                           0.546696, 0.836191,-0.043687, 0.000000,
                          -0.836240, 0.542577,-0.079453, 0.000000,
                          -0.042735, 0.079969, 0.995881, 0.000000,
                           0.000002, 1.412499,-0.000002, 1.000000;;
                        }
                      } // End of Armature_RightMiddleDistal
                    } // End of Armature_RightMiddleIntermediate
                  } // End of Armature_RightMiddleProximal
                  Frame Armature_RightRingProximal {
                    FrameTransformMatrix {
                       0.145313, 0.972004,-0.184642, 0.000000,
                      -0.985835, 0.126450,-0.110184, 0.000000,
                      -0.083752, 0.198037, 0.976610, 0.000000,
                      -0.309403, 6.512300,-1.327299, 1.000000;;
                    }
                    Frame Armature_RightRingIntermediate {
                      FrameTransformMatrix {
                         0.338342, 0.939265,-0.057495, 0.000000,
                        -0.938478, 0.332306,-0.093976, 0.000000,
                        -0.069162, 0.085754, 0.993913, 0.000000,
                         0.000003, 2.251700, 0.000007, 1.000000;;
                      }
                      Frame Armature_RightRingDistal {
                        FrameTransformMatrix {
                           0.580885, 0.813962,-0.006119, 0.000000,
                          -0.813262, 0.580036,-0.046507, 0.000000,
                          -0.034306, 0.031991, 0.998899, 0.000000,
                           0.000003, 1.399197,-0.000007, 1.000000;;
                        }
                      } // End of Armature_RightRingDistal
                    } // End of Armature_RightRingIntermediate
                  } // End of Armature_RightRingProximal
                  Frame Armature_RightThumbProximal {
                    FrameTransformMatrix {
                       0.576420,-0.061943, 0.814803, 0.000000,
                      -0.364533, 0.872915, 0.324244, 0.000000,
                      -0.731339,-0.483923, 0.480585, 0.000000,
                      -0.681105, 2.782200, 1.884502, 1.000000;;
                    }
                    Frame Armature_RightThumbIntermediate {
                      FrameTransformMatrix {
                         0.959662, 0.229124,-0.162943, 0.000000,
                        -0.267372, 0.922956,-0.276884, 0.000000,
                         0.086949, 0.309281, 0.946987, 0.000000,
                        -0.000000, 2.014391,-0.000001, 1.000000;;
                      }
                      Frame Armature_RightThumbDistal {
                        FrameTransformMatrix {
                           0.976926,-0.201614,-0.070482, 0.000000,
                           0.209950, 0.967106, 0.143624, 0.000000,
                           0.039207,-0.155107, 0.987119, 0.000000,
                          -0.000000, 1.328898,-0.000005, 1.000000;;
                        }
                      } // End of Armature_RightThumbDistal
                    } // End of Armature_RightThumbIntermediate
                  } // End of Armature_RightThumbProximal
                } // End of Armature_RightHand
              } // End of Armature_RightLowerArm
            } // End of Armature_RightUpperArm
          } // End of Armature_RightShoulder
          Frame Armature_String_L {
            FrameTransformMatrix {
               0.993918, 0.092910,-0.059126, 0.000000,
               0.109675,-0.883693, 0.455037, 0.000000,
              -0.009971,-0.458753,-0.888509, 0.000000,
               4.439600,13.765294, 4.559700, 1.000000;;
            }
            Frame Armature_String_L_001 {
              FrameTransformMatrix {
                 0.997030, 0.073858, 0.021802, 0.000000,
                -0.076794, 0.974685, 0.209982, 0.000000,
                -0.005742,-0.211033, 0.977462, 0.000000,
                 0.000002, 5.379200, 0.000002, 1.000000;;
              }
              Frame Armature_String_L_002 {
                FrameTransformMatrix {
                   0.999888,-0.002970, 0.014634, 0.000000,
                   0.001426, 0.994528, 0.104456, 0.000000,
                  -0.014864,-0.104424, 0.994422, 0.000000,
                   0.000002, 7.558304, 0.000001, 1.000000;;
                }
                Frame Armature_String_L_003 {
                  FrameTransformMatrix {
                     0.995436, 0.036981,-0.087973, 0.000000,
                    -0.027291, 0.993677, 0.108904, 0.000000,
                     0.091444,-0.106006, 0.990152, 0.000000,
                    -0.000004, 7.366598, 0.000000, 1.000000;;
                  }
                } // End of Armature_String_L_003
              } // End of Armature_String_L_002
            } // End of Armature_String_L_001
          } // End of Armature_String_L
          Frame Armature_String_R {
            FrameTransformMatrix {
               0.993918,-0.092910, 0.059126, 0.000000,
              -0.109675,-0.883693, 0.455037, 0.000000,
               0.009971,-0.458753,-0.888509, 0.000000,
              -4.439600,13.765295, 4.559700, 1.000000;;
            }
            Frame Armature_String_R_001 {
              FrameTransformMatrix {
                 0.997030,-0.073858,-0.021802, 0.000000,
                 0.076794, 0.974685, 0.209982, 0.000000,
                 0.005742,-0.211033, 0.977462, 0.000000,
                -0.000001, 5.379209, 0.000003, 1.000000;;
              }
              Frame Armature_String_R_002 {
                FrameTransformMatrix {
                   0.999888, 0.002970,-0.014634, 0.000000,
                  -0.001426, 0.994529, 0.104456, 0.000000,
                   0.014864,-0.104424, 0.994422, 0.000000,
                   0.000001, 7.558308, 0.000000, 1.000000;;
                }
                Frame Armature_String_R_003 {
                  FrameTransformMatrix {
                     0.995436,-0.036981, 0.087973, 0.000000,
                     0.027291, 0.993677, 0.108904, 0.000000,
                    -0.091444,-0.106006, 0.990152, 0.000000,
                    -0.000001, 7.366588,-0.000000, 1.000000;;
                  }
                } // End of Armature_String_R_003
              } // End of Armature_String_R_002
            } // End of Armature_String_R_001
          } // End of Armature_String_R
        } // End of Armature_Chest
      } // End of Armature_Spine
      Frame Armature_Tail {
        FrameTransformMatrix {
           1.000000, 0.000000, 0.000000, 0.000000,
           0.000000, 0.813705,-0.581278, 0.000000,
           0.000000, 0.581278, 0.813705, 0.000000,
           0.000000, 7.903000,-3.502998, 1.000000;;
        }
        Frame Armature_Tail_001 {
          FrameTransformMatrix {
             1.000000, 0.000000, 0.000000, 0.000000,
             0.000000, 0.824661,-0.565628, 0.000000,
             0.000000, 0.565628, 0.824661, 0.000000,
             0.000000, 7.600997,-0.000001, 1.000000;;
          }
          Frame Armature_Tail_002 {
            FrameTransformMatrix {
               1.000000, 0.000000, 0.000000, 0.000000,
               0.000000, 0.953362,-0.301831, 0.000000,
               0.000000, 0.301831, 0.953361, 0.000000,
               0.000000,10.252001,-0.000002, 1.000000;;
            }
            Frame Armature_Tail_003 {
              FrameTransformMatrix {
                 1.000000, 0.000000, 0.000000, 0.000000,
                 0.000000, 0.978420, 0.206628, 0.000000,
                 0.000000,-0.206628, 0.978420, 0.000000,
                 0.000000, 8.780499,-0.000002, 1.000000;;
              }
              Frame Armature_Tail_004 {
                FrameTransformMatrix {
                   1.000000, 0.000000, 0.000000, 0.000000,
                   0.000000, 0.806989, 0.590566, 0.000000,
                   0.000000,-0.590566, 0.806989, 0.000000,
                   0.000000, 8.834501, 0.000002, 1.000000;;
                }
                Frame Armature_Tail_005 {
                  FrameTransformMatrix {
                     1.000000, 0.000000, 0.000000, 0.000000,
                     0.000000, 0.879282, 0.476301, 0.000000,
                     0.000000,-0.476301, 0.879282, 0.000000,
                     0.000000, 7.747303, 0.000002, 1.000000;;
                  }
                } // End of Armature_Tail_005
              } // End of Armature_Tail_004
            } // End of Armature_Tail_003
          } // End of Armature_Tail_002
        } // End of Armature_Tail_001
      } // End of Armature_Tail
    } // End of Armature_Hips
  } // End of Armature
} // End of Root
AnimationSet Global {
  Animation {
    {Armature}
    AnimationKey { // Rotation
      0;
      22;
      0;4;-0.642998, 0.761275, 0.032552,-0.077159;;,
      1;4;-0.626469, 0.775527, 0.008266,-0.077625;;,
      2;4;-0.614163, 0.785749,-0.020573,-0.070559;;,
      3;4;-0.601565, 0.796286,-0.038854,-0.050394;;,
      4;4;-0.592199, 0.804592,-0.035760,-0.025544;;,
      5;4;-0.595614, 0.803069,-0.015664,-0.008913;;,
      6;4;-0.613798, 0.789413, 0.008832,-0.000655;;,
      7;4;-0.634763, 0.772103, 0.027308, 0.013656;;,
      8;4;-0.645476, 0.761626, 0.037820, 0.043094;;,
      9;4;-0.643806, 0.760359, 0.040708, 0.075572;;,
      10;4;-0.636653, 0.765163, 0.038839, 0.087690;;,
      11;4;-0.632278, 0.770413, 0.038102, 0.072369;;,
      12;4;-0.632157, 0.772622, 0.043270, 0.039504;;,
      13;4;-0.629805, 0.775225, 0.048658, 0.001966;;,
      14;4;-0.623429, 0.779952, 0.045168,-0.031169;;,
      15;4;-0.622503, 0.780251, 0.032483,-0.051423;;,
      16;4;-0.635339, 0.770003, 0.019787,-0.055213;;,
      17;4;-0.654764, 0.753778, 0.015929,-0.053380;;,
      18;4;-0.665656, 0.743366, 0.020953,-0.062206;;,
      19;4;-0.663489, 0.743500, 0.027306,-0.079018;;,
      20;4;-0.654498, 0.750508, 0.030554,-0.086232;;,
      21;4;-0.642998, 0.761275, 0.032552,-0.077159;;;
    }
    AnimationKey { // Scale
      1;
      22;
      0;3; 0.130000, 0.130000, 0.130000;;,
      1;3; 0.130000, 0.130000, 0.130000;;,
      2;3; 0.130000, 0.130000, 0.130000;;,
      3;3; 0.130000, 0.130000, 0.130000;;,
      4;3; 0.130000, 0.130000, 0.130000;;,
      5;3; 0.130000, 0.130000, 0.130000;;,
      6;3; 0.130000, 0.130000, 0.130000;;,
      7;3; 0.130000, 0.130000, 0.130000;;,
      8;3; 0.130000, 0.130000, 0.130000;;,
      9;3; 0.130000, 0.130000, 0.130000;;,
      10;3; 0.130000, 0.130000, 0.130000;;,
      11;3; 0.130000, 0.130000, 0.130000;;,
      12;3; 0.130000, 0.130000, 0.130000;;,
      13;3; 0.130000, 0.130000, 0.130000;;,
      14;3; 0.130000, 0.130000, 0.130000;;,
      15;3; 0.130000, 0.130000, 0.130000;;,
      16;3; 0.130000, 0.130000, 0.130000;;,
      17;3; 0.130000, 0.130000, 0.130000;;,
      18;3; 0.130000, 0.130000, 0.130000;;,
      19;3; 0.130000, 0.130000, 0.130000;;,
      20;3; 0.130000, 0.130000, 0.130000;;,
      21;3; 0.130000, 0.130000, 0.130000;;;
    }
    AnimationKey { // Position
      2;
      22;
      0;3;-1.201124, 1.448565,-0.631105;;,
      1;3;-0.875753, 1.800965,-0.444084;;,
      2;3;-0.394600, 2.025200,-0.262927;;,
      3;3; 0.093363, 2.234982,-0.088197;;,
      4;3; 0.321456, 2.407875, 0.060485;;,
      5;3; 0.195867, 2.375037, 0.082537;;,
      6;3;-0.075092, 2.059092,-0.096105;;,
      7;3;-0.161509, 1.654943,-0.392596;;,
      8;3; 0.063661, 1.432770,-0.655561;;,
      9;3; 0.429056, 1.468389,-0.820334;;,
      10;3; 0.618312, 1.616203,-0.823738;;,
      11;3; 0.485028, 1.699620,-0.728155;;,
      12;3; 0.069714, 1.676197,-0.488282;;,
      13;3;-0.418092, 1.687403,-0.191558;;,
      14;3;-0.745677, 1.804501, 0.021575;;,
      15;3;-0.799057, 1.844773, 0.013320;;,
      16;3;-0.680366, 1.616008,-0.198787;;,
      17;3;-0.644916, 1.230359,-0.459434;;,
      18;3;-0.867373, 1.006845,-0.661004;;,
      19;3;-1.185539, 1.041280,-0.759194;;,
      20;3;-1.317791, 1.209280,-0.743276;;,
      21;3;-1.201129, 1.448565,-0.631108;;;
    }
  }
  Animation {
    {Armature_Hips}
    AnimationKey { // Rotation
      0;
      22;
      0;4;-0.707107,-0.707107, 0.000000, 0.000000;;,
      1;4;-0.707107,-0.707107, 0.000000, 0.000000;;,
      2;4;-0.707107,-0.707107, 0.000000, 0.000000;;,
      3;4;-0.707107,-0.707107, 0.000000, 0.000000;;,
      4;4;-0.707107,-0.707107, 0.000000, 0.000000;;,
      5;4;-0.707107,-0.707107, 0.000000, 0.000000;;,
      6;4;-0.707107,-0.707107, 0.000000, 0.000000;;,
