xof 0303txt 0032

template XSkinMeshHeader {
  <3cf169ce-ff7c-44ab-93c0-f78f62d172e2>
  WORD nMaxSkinWeightsPerVertex;
  WORD nMaxSkinWeightsPerFace;
  WORD nBones;
}

template SkinWeights {
  <6f0d123b-bad2-4167-a0d0-80224f25fabb>
  STRING transformNodeName;
  DWORD nWeights;
  array DWORD vertexIndices[nWeights];
  array float weights[nWeights];
  Matrix4x4 matrixOffset;
}

Frame Root {
  FrameTransformMatrix {
     1.000000, 0.000000, 0.000000, 0.000000,
     0.000000,-0.000000,-1.000000, 0.000000,
     0.000000, 1.000000,-0.000000, 0.000000,
     0.000000, 0.000000, 0.000000, 1.000000;;
  }
  Frame Armature {
    FrameTransformMatrix {
       0.129632, 0.004635,-0.008602, 0.000000,
       0.008430, 0.004827, 0.129637, 0.000000,
       0.004942,-0.129828, 0.004513, 0.000000,
      -0.525029,-0.314797,-0.358074, 1.000000;;
    }
    Frame Armature_Hips {
      FrameTransformMatrix {
         1.000000, 0.000000, 0.000000, 0.000000,
         0.000000, 0.000000,-1.000000, 0.000000,
         0.000000, 1.000000, 0.000000, 0.000000,
         0.000000,71.285698, 0.000000, 1.000000;;
      }
      Frame Armature_LeftUpperLeg {
        FrameTransformMatrix {
          -0.998412,-0.024535,-0.050718, 0.000000,
           0.055454,-0.586977,-0.807702, 0.000000,
          -0.009953,-0.809231, 0.587406, 0.000000,
           6.630000, 0.000000,-10.307499, 1.000000;;
        }
        Frame Armature_LeftLowerLeg {
          FrameTransformMatrix {
            -0.989987,-0.128966,-0.057390, 0.000000,
             0.002358, 0.391399,-0.920218, 0.000000,
             0.141139,-0.911140,-0.387175, 0.000000,
             0.000001,26.797100, 0.045998, 1.000000;;
          }
          Frame Armature_LeftFoot {
            FrameTransformMatrix {
               0.994640,-0.103037, 0.008572, 0.000000,
               0.068633, 0.595967,-0.800070, 0.000000,
               0.077329, 0.796370, 0.599845, 0.000000,
               0.000000,27.300400,-0.000000, 1.000000;;
            }
            Frame Armature_LeftToeBase {
              FrameTransformMatrix {
                 0.990569, 0.086853, 0.105966, 0.000000,
                -0.001032, 0.778114,-0.628122, 0.000000,
                -0.137008, 0.622089, 0.770866, 0.000000,
                 0.000001, 9.363999,-0.000000, 1.000000;;
              }
            } // End of Armature_LeftToeBase
          } // End of Armature_LeftFoot
        } // End of Armature_LeftLowerLeg
      } // End of Armature_LeftUpperLeg
      Frame Armature_RightUpperLeg {
        FrameTransformMatrix {
          -0.984865, 0.115141,-0.129553, 0.000000,
           0.096447,-0.256986,-0.961590, 0.000000,
          -0.144012,-0.959531, 0.241992, 0.000000,
          -6.630000, 0.000000,-10.307499, 1.000000;;
        }
        Frame Armature_RightLowerLeg {
          FrameTransformMatrix {
            -0.992466,-0.067314,-0.102368, 0.000000,
             0.002656, 0.823523,-0.567277, 0.000000,
             0.122488,-0.563275,-0.817140, 0.000000,
             0.000000,26.797108, 0.046000, 1.000000;;
          }
          Frame Armature_RightFoot {
            FrameTransformMatrix {
               0.994656, 0.100970,-0.021555, 0.000000,
              -0.053434, 0.324788,-0.944276, 0.000000,
              -0.088343, 0.940382, 0.328447, 0.000000,
              -0.000000,27.300404, 0.000000, 1.000000;;
            }
            Frame Armature_RightToeBase {
              FrameTransformMatrix {
                 1.000000, 0.000000,-0.000000, 0.000000,
                -0.000000, 0.798918,-0.601440, 0.000000,
                -0.000000, 0.601440, 0.798918, 0.000000,
                -0.000000, 9.364001,-0.000000, 1.000000;;
              }
            } // End of Armature_RightToeBase
          } // End of Armature_RightFoot
        } // End of Armature_RightLowerLeg
      } // End of Armature_RightUpperLeg
      Frame Armature_Spine {
        FrameTransformMatrix {
           0.999629, 0.014908, 0.022805, 0.000000,
          -0.022185,-0.040521, 0.998932, 0.000000,
           0.015816,-0.999067,-0.040175, 0.000000,
           0.000000, 0.000000, 0.979401, 1.000000;;
        }
        Frame Armature_Chest {
          FrameTransformMatrix {
             0.998725, 0.041468,-0.028793, 0.000000,
            -0.039009, 0.995930, 0.081253, 0.000000,
             0.032045,-0.080026, 0.996278, 0.000000,
             0.000000, 6.851398,-0.000000, 1.000000;;
          }
          Frame Armature_LeftShoulder {
            FrameTransformMatrix {
               0.051510,-0.965160,-0.256538, 0.000000,
               0.998671, 0.049352, 0.014845, 0.000000,
              -0.001667,-0.256962, 0.966420, 0.000000,
               2.389501,13.985293,-2.140201, 1.000000;;
            }
            Frame Armature_LeftUpperArm {
              FrameTransformMatrix {
                 0.254003,-0.898991,-0.356789, 0.000000,
                 0.917233, 0.106854, 0.383753, 0.000000,
                -0.306867,-0.424733, 0.851725, 0.000000,
                 0.740703, 4.470300, 0.269604, 1.000000;;
              }
              Frame Armature_LeftLowerArm {
                FrameTransformMatrix {
                   0.999851, 0.001486,-0.017195, 0.000000,
                   0.001290, 0.987058, 0.160358, 0.000000,
                   0.017211,-0.160356, 0.986909, 0.000000,
                   0.000000,19.379511, 0.000001, 1.000000;;
                }
                Frame Armature_LeftHand {
                  FrameTransformMatrix {
                     0.841927, 0.358823, 0.402995, 0.000000,
                    -0.329183, 0.933329,-0.143305, 0.000000,
                    -0.427548,-0.012007, 0.903913, 0.000000,
                    -0.000001,17.771404, 0.000000, 1.000000;;
                  }
                  Frame Armature_LeftIndexProximal {
                    FrameTransformMatrix {
                       0.925950,-0.377456, 0.011964, 0.000000,
                       0.377604, 0.925854,-0.014486, 0.000000,
                      -0.005610, 0.017931, 0.999824, 0.000000,
                       0.287206, 6.742300, 1.062801, 1.000000;;
                    }
                    Frame Armature_LeftIndexIntermediate {
                      FrameTransformMatrix {
                         0.932609,-0.360508, 0.016544, 0.000000,
                         0.360875, 0.931976,-0.034505, 0.000000,
                        -0.002979, 0.038150, 0.999268, 0.000000,
                        -0.000002, 2.055900,-0.000001, 1.000000;;
                      }
                      Frame Armature_LeftIndexDistal {
                        FrameTransformMatrix {
                           0.997467, 0.069735, 0.014026, 0.000000,
                          -0.069857, 0.997521, 0.008416, 0.000000,
                          -0.013405,-0.009375, 0.999866, 0.000000,
                          -0.000001, 1.448398,-0.000000, 1.000000;;
                        }
                      } // End of Armature_LeftIndexDistal
                    } // End of Armature_LeftIndexIntermediate
                  } // End of Armature_LeftIndexProximal
                  Frame Armature_LeftLittleProximal {
                    FrameTransformMatrix {
                       0.776812,-0.621180, 0.103436, 0.000000,
                       0.626998, 0.747643,-0.218868, 0.000000,
                       0.058623, 0.234873, 0.970257, 0.000000,
                       0.320106, 6.152404,-2.483902, 1.000000;;
                    }
                    Frame Armature_LeftLittleIntermediate {
                      FrameTransformMatrix {
                         0.948406,-0.316976,-0.007225, 0.000000,
                         0.316751, 0.948243,-0.022438, 0.000000,
                         0.013963, 0.018992, 0.999722, 0.000000,
                        -0.000001, 1.733998, 0.000000, 1.000000;;
                      }
                      Frame Armature_LeftLittleDistal {
                        FrameTransformMatrix {
                           0.999784, 0.017736, 0.010837, 0.000000,
                          -0.017587, 0.999751,-0.013738, 0.000000,
                          -0.011078, 0.013545, 0.999847, 0.000000,
                           0.000002, 1.156091,-0.000000, 1.000000;;
                        }
                      } // End of Armature_LeftLittleDistal
                    } // End of Armature_LeftLittleIntermediate
                  } // End of Armature_LeftLittleProximal
                  Frame Armature_LeftMiddleProximal {
                    FrameTransformMatrix {
                       0.881430,-0.470105, 0.045634, 0.000000,
                       0.471969, 0.872964,-0.123209, 0.000000,
                       0.018084, 0.130137, 0.991331, 0.000000,
                       0.298107, 6.922703,-0.118500, 1.000000;;
                    }
                    Frame Armature_LeftMiddleIntermediate {
                      FrameTransformMatrix {
                         0.925560,-0.377413, 0.029959, 0.000000,
                         0.378410, 0.924704,-0.041580, 0.000000,
                        -0.012011, 0.049821, 0.998686, 0.000000,
                        -0.000001, 2.359200,-0.000000, 1.000000;;
                      }
                      Frame Armature_LeftMiddleDistal {
                        FrameTransformMatrix {
                           0.998622, 0.052473,-0.000490, 0.000000,
                          -0.052473, 0.998622, 0.000085, 0.000000,
                           0.000494,-0.000059, 1.000000, 0.000000,
                          -0.000003, 1.412499, 0.000000, 1.000000;;
                        }
                      } // End of Armature_LeftMiddleDistal
                    } // End of Armature_LeftMiddleIntermediate
                  } // End of Armature_LeftMiddleProximal
                  Frame Armature_LeftRingProximal {
                    FrameTransformMatrix {
                       0.817969,-0.569664, 0.080055, 0.000000,
                       0.573916, 0.798604,-0.181249, 0.000000,
                       0.039319, 0.194201, 0.980173, 0.000000,
                       0.309402, 6.512302,-1.327300, 1.000000;;
                    }
                    Frame Armature_LeftRingIntermediate {
                      FrameTransformMatrix {
                         0.948726,-0.316070, 0.004289, 0.000000,
                         0.316022, 0.948108,-0.034944, 0.000000,
                         0.006978, 0.034507, 0.999380, 0.000000,
                         0.000000, 2.251701,-0.000000, 1.000000;;
                      }
                      Frame Armature_LeftRingDistal {
                        FrameTransformMatrix {
                           0.999056,-0.034737,-0.026094, 0.000000,
                           0.034669, 0.999394,-0.003045, 0.000000,
                           0.026184, 0.002137, 0.999655, 0.000000,
                          -0.000001, 1.399197,-0.000000, 1.000000;;
                        }
                      } // End of Armature_LeftRingDistal
                    } // End of Armature_LeftRingIntermediate
                  } // End of Armature_LeftRingProximal
                  Frame Armature_LeftThumbProximal {
                    FrameTransformMatrix {
                       0.561892, 0.145117,-0.814382, 0.000000,
                       0.380070, 0.829134, 0.409979, 0.000000,
                       0.734727,-0.539887, 0.410729, 0.000000,
                       0.681106, 2.782200, 1.884501, 1.000000;;
                    }
                    Frame Armature_LeftThumbIntermediate {
                      FrameTransformMatrix {
                         0.944395,-0.267063, 0.191821, 0.000000,
                         0.317543, 0.892175,-0.321231, 0.000000,
                        -0.085349, 0.364281, 0.927370, 0.000000,
                        -0.000002, 2.014396,-0.000000, 1.000000;;
                      }
                      Frame Armature_LeftThumbDistal {
                        FrameTransformMatrix {
                           0.979153,-0.203123,-0.001069, 0.000000,
                           0.199647, 0.963342,-0.179204, 0.000000,
                           0.037430, 0.175254, 0.983811, 0.000000,
                          -0.000005, 1.328898,-0.000002, 1.000000;;
                        }
                      } // End of Armature_LeftThumbDistal
                    } // End of Armature_LeftThumbIntermediate
                  } // End of Armature_LeftThumbProximal
                } // End of Armature_LeftHand
              } // End of Armature_LeftLowerArm
            } // End of Armature_LeftUpperArm
          } // End of Armature_LeftShoulder
          Frame Armature_Neck {
            FrameTransformMatrix {
               0.999997,-0.000981,-0.002148, 0.000000,
               0.000744, 0.994163,-0.107886, 0.000000,
               0.002241, 0.107884, 0.994161, 0.000000,
               0.000000,15.754093,-2.059700, 1.000000;;
            }
            Frame Armature_Head {
              FrameTransformMatrix {
                 0.999997,-0.000749,-0.002240, 0.000000,
                 0.000744, 0.999997,-0.002428, 0.000000,
                 0.002242, 0.002427, 0.999994, 0.000000,
                 0.000000, 5.113890,-0.000000, 1.000000;;
              }
              Frame Armature_Ahoge {
                FrameTransformMatrix {
                   0.775892, 0.362405,-0.516386, 0.000000,
                   0.065730, 0.767641, 0.637501, 0.000000,
                   0.627432,-0.528574, 0.571785, 0.000000,
                  -0.008300,19.573999, 1.486599, 1.000000;;
                }
                Frame Armature_Ahoge_001 {
                  FrameTransformMatrix {
                     0.955981,-0.290190, 0.043487, 0.000000,
                     0.291544, 0.956124,-0.028809, 0.000000,
                    -0.033218, 0.040220, 0.998638, 0.000000,
                     0.000001, 1.847700,-0.000002, 1.000000;;
                  }
                  Frame Armature_Ahoge_002 {
                    FrameTransformMatrix {
                      -0.595844,-0.750337,-0.286294, 0.000000,
                       0.748135,-0.648211, 0.141832, 0.000000,
                      -0.292001,-0.129676, 0.947586, 0.000000,
                       1.029799, 1.470701,-0.000007, 1.000000;;
                    }
                    Frame Armature_Ahoge_003 {
                      FrameTransformMatrix {
                         0.981444, 0.106474, 0.159469, 0.000000,
                        -0.168306, 0.876822, 0.450396, 0.000000,
                        -0.091871,-0.468878, 0.878472, 0.000000,
                        -1.211584, 1.278914,-0.375097, 1.000000;;
                      }
                    } // End of Armature_Ahoge_003
                  } // End of Armature_Ahoge_002
                } // End of Armature_Ahoge_001
              } // End of Armature_Ahoge
              Frame Armature_Cheek_Root_L {
                FrameTransformMatrix {
                   0.663790,-0.441226,-0.603906, 0.000000,
                   0.502461,-0.335017, 0.797055, 0.000000,
                  -0.554000,-0.832516,-0.000682, 0.000000,
                   4.139100, 0.634099, 4.734901, 1.000000;;
                }
                Frame Armature_Cheek_L {
                  FrameTransformMatrix {
                     0.847018,-0.068013,-0.527196, 0.000000,
                     0.070457, 0.997395,-0.015473, 0.000000,
                     0.526875,-0.024039, 0.849603, 0.000000,
                    -0.000004, 1.316201, 0.000006, 1.000000;;
                  }
                } // End of Armature_Cheek_L
              } // End of Armature_Cheek_Root_L
              Frame Armature_Cheek_Root_R {
                FrameTransformMatrix {
                   0.663790, 0.441226, 0.603906, 0.000000,
                  -0.502461,-0.335017, 0.797055, 0.000000,
                   0.554000,-0.832516,-0.000682, 0.000000,
                  -4.139100, 0.634107, 4.734901, 1.000000;;
                }
                Frame Armature_Cheek_R {
                  FrameTransformMatrix {
                     0.847018, 0.068013, 0.527196, 0.000000,
                    -0.070457, 0.997395,-0.015473, 0.000000,
                    -0.526875,-0.024039, 0.849603, 0.000000,
                     0.000002, 1.316201,-0.000008, 1.000000;;
                  }
                } // End of Armature_Cheek_R
              } // End of Armature_Cheek_Root_R
              Frame Armature_Ear_L {
                FrameTransformMatrix {
                   0.732097,-0.644693,-0.220010, 0.000000,
                   0.664302, 0.604185, 0.440072, 0.000000,
                  -0.150785,-0.468328, 0.870593, 0.000000,
                   7.105499,15.672799,-1.331501, 1.000000;;
                }
                Frame Armature_Ear_L_001 {
                  FrameTransformMatrix {
                     0.985751, 0.153547,-0.068698, 0.000000,
                    -0.145327, 0.983038, 0.111879, 0.000000,
                     0.084711,-0.100301, 0.991344, 0.000000,
                    -0.000003, 4.223290, 0.000007, 1.000000;;
                  }
                } // End of Armature_Ear_L_001
              } // End of Armature_Ear_L
              Frame Armature_Ear_R {
                FrameTransformMatrix {
                   0.732097, 0.644693, 0.220010, 0.000000,
                  -0.664302, 0.604185, 0.440072, 0.000000,
                   0.150784,-0.468328, 0.870593, 0.000000,
                  -7.105500,15.672804,-1.331501, 1.000000;;
                }
                Frame Armature_Ear_R_001 {
                  FrameTransformMatrix {
                     0.985750,-0.153547, 0.068698, 0.000000,
                     0.145327, 0.983038, 0.111879, 0.000000,
                    -0.084711,-0.100301, 0.991344, 0.000000,
                     0.000007, 4.223299,-0.000002, 1.000000;;
                  }
                } // End of Armature_Ear_R_001
              } // End of Armature_Ear_R
              Frame Armature_Hair_back_root {
                FrameTransformMatrix {
                   1.000000, 0.000000, 0.000000, 0.000000,
                  -0.000000, 0.163758,-0.986500, 0.000000,
                   0.000000, 0.986500, 0.163758, 0.000000,
                  -0.000000, 6.663903, 1.106200, 1.000000;;
                }
                Frame Armature_Hair_back {
                  FrameTransformMatrix {
                     1.000000,-0.000000, 0.000000, 0.000000,
                     0.000000,-0.426932,-0.904284, 0.000000,
                     0.000000, 0.904284,-0.426932, 0.000000,
                     0.000000, 9.775102,-2.228083, 1.000000;;
                  }
                } // End of Armature_Hair_back
                Frame Armature_Hair_back_L {
                  FrameTransformMatrix {
                     0.208712,-0.943489, 0.257426, 0.000000,
                    -0.345891,-0.317424,-0.882951, 0.000000,
                     0.914767, 0.095241,-0.392594, 0.000000,
                     8.995898, 4.126602,-2.525998, 1.000000;;
                  }
                } // End of Armature_Hair_back_L
                Frame Armature_Hair_back_R {
                  FrameTransformMatrix {
                     0.208712, 0.943489,-0.257426, 0.000000,
                     0.345891,-0.317424,-0.882951, 0.000000,
                    -0.914767, 0.095241,-0.392594, 0.000000,
                    -8.995899, 4.126602,-2.525996, 1.000000;;
                  }
                } // End of Armature_Hair_back_R
              } // End of Armature_Hair_back_root
              Frame Armature_Hair_front {
                FrameTransformMatrix {
                   0.999945, 0.001105,-0.010419, 0.000000,
                  -0.000000,-0.994422,-0.105474, 0.000000,
                  -0.010478, 0.105468,-0.994363, 0.000000,
                   0.000000,11.575106,10.900702, 1.000000;;
                }
                Frame Armature_Hair_front_001 {
                  FrameTransformMatrix {
                     1.000000, 0.000000,-0.000005, 0.000000,
                    -0.000000, 1.000000, 0.000000, 0.000000,
                     0.000005,-0.000000, 1.000000, 0.000000,
                     0.000001, 4.711392, 0.000002, 1.000000;;
                  }
                } // End of Armature_Hair_front_001
              } // End of Armature_Hair_front
              Frame Armature_Hair_side_L {
                FrameTransformMatrix {
                  -0.930719, 0.339895, 0.135027, 0.000000,
                  -0.352241,-0.932412,-0.080836, 0.000000,
                   0.098425,-0.122798, 0.987539, 0.000000,
                   9.987199, 6.098602, 3.489701, 1.000000;;
                }
                Frame Armature_Hair_side_L_001 {
                  FrameTransformMatrix {
                     0.843475,-0.332255,-0.422085, 0.000000,
                     0.286626, 0.942934,-0.169474, 0.000000,
                     0.454307, 0.021966, 0.890574, 0.000000,
                     0.000003, 5.850493,-0.000000, 1.000000;;
                  }
                } // End of Armature_Hair_side_L_001
              } // End of Armature_Hair_side_L
              Frame Armature_Hair_side_R {
                FrameTransformMatrix {
                  -0.930719,-0.339895,-0.135027, 0.000000,
                   0.352241,-0.932412,-0.080836, 0.000000,
                  -0.098425,-0.122798, 0.987539, 0.000000,
                  -9.987198, 6.098609, 3.489701, 1.000000;;
                }
                Frame Armature_Hair_side_R_001 {
                  FrameTransformMatrix {
                     0.843475, 0.332255, 0.422085, 0.000000,
                    -0.286626, 0.942934,-0.169474, 0.000000,
                    -0.454307, 0.021966, 0.890574, 0.000000,
                    -0.000000, 5.850514, 0.000000, 1.000000;;
                  }
                } // End of Armature_Hair_side_R_001
              } // End of Armature_Hair_side_R
              Frame Armature_LeftEye {
                FrameTransformMatrix {
                   1.000000, 0.000000, 0.000000, 0.000000,
                   0.000000, 0.994422, 0.105472, 0.000000,
                   0.000000,-0.105472, 0.994422, 0.000000,
                   3.743999, 4.494802, 5.443501, 1.000000;;
                }
              } // End of Armature_LeftEye
              Frame Armature_RightEye {
                FrameTransformMatrix {
                   1.000000, 0.000000, 0.000000, 0.000000,
                   0.000000, 0.994422, 0.105472, 0.000000,
                   0.000000,-0.105472, 0.994422, 0.000000,
                  -3.743999, 4.494808, 5.443501, 1.000000;;
                }
              } // End of Armature_RightEye
            } // End of Armature_Head
          } // End of Armature_Neck
          Frame Armature_RightShoulder {
            FrameTransformMatrix {
               0.026989, 0.965909, 0.257470, 0.000000,
              -0.999143, 0.017979, 0.037282, 0.000000,
               0.031382,-0.258255, 0.965567, 0.000000,
              -2.389500,13.985291,-2.140200, 1.000000;;
            }
            Frame Armature_RightUpperArm {
              FrameTransformMatrix {
                 0.291827, 0.927840, 0.232271, 0.000000,
                -0.915914, 0.201122, 0.347350, 0.000000,
                 0.275570,-0.314106, 0.908514, 0.000000,
                -0.740690, 4.470299, 0.269600, 1.000000;;
              }
              Frame Armature_RightLowerArm {
                FrameTransformMatrix {
                   0.999853,-0.002595, 0.016945, 0.000000,
                  -0.002248, 0.960098, 0.279655, 0.000000,
                  -0.016994,-0.279652, 0.959951, 0.000000,
                  -0.000000,19.379499, 0.000000, 1.000000;;
                }
                Frame Armature_RightHand {
                  FrameTransformMatrix {
                     0.936077,-0.274180,-0.220423, 0.000000,
                     0.301155, 0.948398, 0.099230, 0.000000,
                     0.181841,-0.159269, 0.970344, 0.000000,
                     0.000002,17.771393, 0.000000, 1.000000;;
                  }
                  Frame Armature_RightIndexProximal {
                    FrameTransformMatrix {
                       0.941080, 0.338031,-0.010194, 0.000000,
                      -0.338148, 0.940108,-0.043043, 0.000000,
                      -0.004967, 0.043954, 0.999021, 0.000000,
                      -0.287204, 6.742297, 1.062802, 1.000000;;
                    }
                    Frame Armature_RightIndexIntermediate {
                      FrameTransformMatrix {
                         0.932546, 0.360672,-0.016550, 0.000000,
                        -0.361040, 0.931911,-0.034514, 0.000000,
                         0.002974, 0.038161, 0.999267, 0.000000,
                        -0.000001, 2.055900,-0.000003, 1.000000;;
                      }
                      Frame Armature_RightIndexDistal {
                        FrameTransformMatrix {
                           0.987771, 0.155130,-0.015591, 0.000000,
                          -0.154974, 0.987860, 0.010779, 0.000000,
                           0.017074,-0.008231, 0.999820, 0.000000,
                          -0.000002, 1.448403, 0.000001, 1.000000;;
                        }
                      } // End of Armature_RightIndexDistal
                    } // End of Armature_RightIndexIntermediate
                  } // End of Armature_RightIndexProximal
                  Frame Armature_RightLittleProximal {
                    FrameTransformMatrix {
                       0.802081, 0.588049,-0.104231, 0.000000,
                      -0.591405, 0.757803,-0.275633, 0.000000,
                      -0.083099, 0.282723, 0.955595, 0.000000,
                      -0.320106, 6.152403,-2.483902, 1.000000;;
                    }
                    Frame Armature_RightLittleIntermediate {
                      FrameTransformMatrix {
                         0.948446, 0.316857, 0.007229, 0.000000,
                        -0.316632, 0.948283,-0.022429, 0.000000,
                        -0.013962, 0.018984, 0.999722, 0.000000,
                         0.000002, 1.734001,-0.000000, 1.000000;;
                      }
                      Frame Armature_RightLittleDistal {
                        FrameTransformMatrix {
                           0.985235, 0.170448,-0.016086, 0.000000,
                          -0.169992, 0.985092, 0.026386, 0.000000,
                           0.020343,-0.023262, 0.999522, 0.000000,
                           0.000002, 1.156103, 0.000000, 1.000000;;
                        }
                      } // End of Armature_RightLittleDistal
                    } // End of Armature_RightLittleIntermediate
                  } // End of Armature_RightLittleProximal
                  Frame Armature_RightMiddleProximal {
                    FrameTransformMatrix {
                       0.873525, 0.484413,-0.047933, 0.000000,
                      -0.486429, 0.864918,-0.123707, 0.000000,
                      -0.018467, 0.131377, 0.991160, 0.000000,
                      -0.298105, 6.922701,-0.118498, 1.000000;;
                    }
                    Frame Armature_RightMiddleIntermediate {
                      FrameTransformMatrix {
                         0.925387, 0.377835,-0.029979, 0.000000,
                        -0.378833, 0.924529,-0.041609, 0.000000,
                         0.011995, 0.049861, 0.998684, 0.000000,
                         0.000000, 2.359204,-0.000000, 1.000000;;
                      }
                      Frame Armature_RightMiddleDistal {
                        FrameTransformMatrix {
                           0.985181, 0.171513,-0.001368, 0.000000,
                          -0.171510, 0.985016,-0.018092, 0.000000,
                          -0.001755, 0.018059, 0.999835, 0.000000,
                           0.000002, 1.412505, 0.000001, 1.000000;;
                        }
                      } // End of Armature_RightMiddleDistal
                    } // End of Armature_RightMiddleIntermediate
                  } // End of Armature_RightMiddleProximal
                  Frame Armature_RightRingProximal {
                    FrameTransformMatrix {
                       0.825650, 0.558657,-0.078766, 0.000000,
                      -0.562376, 0.803784,-0.194074, 0.000000,
                      -0.045110, 0.204533, 0.977820, 0.000000,
                      -0.309401, 6.512298,-1.327300, 1.000000;;
                    }
                    Frame Armature_RightRingIntermediate {
                      FrameTransformMatrix {
                         0.948625, 0.316374,-0.004297, 0.000000,
                        -0.316326, 0.948006,-0.034972, 0.000000,
                        -0.006991, 0.034534, 0.999379, 0.000000,
                         0.000001, 2.251706, 0.000000, 1.000000;;
                      }
                      Frame Armature_RightRingDistal {
                        FrameTransformMatrix {
                           0.985453, 0.168140, 0.024742, 0.000000,
                          -0.168575, 0.985547, 0.016707, 0.000000,
                          -0.021576,-0.020635, 0.999554, 0.000000,
                          -0.000000, 1.399198,-0.000001, 1.000000;;
                        }
                      } // End of Armature_RightRingDistal
                    } // End of Armature_RightRingIntermediate
                  } // End of Armature_RightRingProximal
                  Frame Armature_RightThumbProximal {
                    FrameTransformMatrix {
                       0.630734, 0.022723, 0.775666, 0.000000,
                      -0.416367, 0.853413, 0.313569, 0.000000,
                      -0.654838,-0.520740, 0.547737, 0.000000,
                      -0.681105, 2.782197, 1.884501, 1.000000;;
                    }
                    Frame Armature_RightThumbIntermediate {
                      FrameTransformMatrix {
                         0.995952, 0.073122,-0.052281, 0.000000,
                        -0.084508, 0.959891,-0.267335, 0.000000,
                         0.030636, 0.270671, 0.962184, 0.000000,
                        -0.000002, 2.014394,-0.000002, 1.000000;;
                      }
                      Frame Armature_RightThumbDistal {
                        FrameTransformMatrix {
                           0.977496, 0.210905,-0.004473, 0.000000,
                          -0.208436, 0.962355,-0.174432, 0.000000,
                          -0.032484, 0.171439, 0.984659, 0.000000,
                           0.000005, 1.328899,-0.000003, 1.000000;;
                        }
                      } // End of Armature_RightThumbDistal
                    } // End of Armature_RightThumbIntermediate
                  } // End of Armature_RightThumbProximal
                } // End of Armature_RightHand
              } // End of Armature_RightLowerArm
            } // End of Armature_RightUpperArm
          } // End of Armature_RightShoulder
          Frame Armature_String_L {
            FrameTransformMatrix {
               0.993918, 0.092910,-0.059126, 0.000000,
               0.109675,-0.883693, 0.455037, 0.000000,
              -0.009971,-0.458753,-0.888509, 0.000000,
               4.439600,13.765294, 4.559699, 1.000000;;
            }
            Frame Armature_String_L_001 {
              FrameTransformMatrix {
                 0.997030, 0.073858, 0.021802, 0.000000,
                -0.076794, 0.974685, 0.209982, 0.000000,
                -0.005742,-0.211033, 0.977462, 0.000000,
                -0.000001, 5.379203, 0.000003, 1.000000;;
              }
              Frame Armature_String_L_002 {
                FrameTransformMatrix {
                   0.999888,-0.002970, 0.014634, 0.000000,
                   0.001426, 0.994529, 0.104456, 0.000000,
                  -0.014864,-0.104424, 0.994422, 0.000000,
                  -0.000002, 7.558323, 0.000001, 1.000000;;
                }
                Frame Armature_String_L_003 {
                  FrameTransformMatrix {
                     0.995436, 0.036981,-0.087973, 0.000000,
                    -0.027291, 0.993677, 0.108904, 0.000000,
                     0.091444,-0.106006, 0.990152, 0.000000,
                     0.000000, 7.366605, 0.000001, 1.000000;;
                  }
                } // End of Armature_String_L_003
              } // End of Armature_String_L_002
            } // End of Armature_String_L_001
          } // End of Armature_String_L
          Frame Armature_String_R {
            FrameTransformMatrix {
               0.993917,-0.092910, 0.059126, 0.000000,
              -0.109675,-0.883693, 0.455037, 0.000000,
               0.009971,-0.458753,-0.888509, 0.000000,
              -4.439600,13.765288, 4.559700, 1.000000;;
            }
            Frame Armature_String_R_001 {
              FrameTransformMatrix {
                 0.997030,-0.073858,-0.021802, 0.000000,
                 0.076794, 0.974685, 0.209982, 0.000000,
                 0.005742,-0.211033, 0.977462, 0.000000,
                -0.000000, 5.379203,-0.000002, 1.000000;;
              }
              Frame Armature_String_R_002 {
                FrameTransformMatrix {
                   0.999888, 0.002970,-0.014634, 0.000000,
                  -0.001426, 0.994528, 0.104456, 0.000000,
                   0.014864,-0.104424, 0.994422, 0.000000,
                   0.000001, 7.558304,-0.000002, 1.000000;;
                }
                Frame Armature_String_R_003 {
                  FrameTransformMatrix {
                     0.995436,-0.036981, 0.087973, 0.000000,
                     0.027291, 0.993677, 0.108904, 0.000000,
                    -0.091444,-0.106006, 0.990152, 0.000000,
                     0.000001, 7.366593, 0.000001, 1.000000;;
                  }
                } // End of Armature_String_R_003
              } // End of Armature_String_R_002
            } // End of Armature_String_R_001
          } // End of Armature_String_R
        } // End of Armature_Chest
      } // End of Armature_Spine
      Frame Armature_Tail {
        FrameTransformMatrix {
           1.000000, 0.000000, 0.000000, 0.000000,
           0.000000, 0.813705,-0.581278, 0.000000,
           0.000000, 0.581278, 0.813705, 0.000000,
           0.000000, 7.903000,-3.502998, 1.000000;;
        }
        Frame Armature_Tail_001 {
          FrameTransformMatrix {
             1.000000, 0.000000, 0.000000, 0.000000,
             0.000000, 0.824661,-0.565628, 0.000000,
             0.000000, 0.565628, 0.824661, 0.000000,
             0.000000, 7.600997,-0.000001, 1.000000;;
          }
          Frame Armature_Tail_002 {
            FrameTransformMatrix {
               1.000000, 0.000000, 0.000000, 0.000000,
               0.000000, 0.953362,-0.301831, 0.000000,
               0.000000, 0.301831, 0.953361, 0.000000,
               0.000000,10.252001,-0.000002, 1.000000;;
            }
            Frame Armature_Tail_003 {
              FrameTransformMatrix {
                 1.000000, 0.000000, 0.000000, 0.000000,
                 0.000000, 0.978420, 0.206628, 0.000000,
                 0.000000,-0.206628, 0.978420, 0.000000,
                 0.000000, 8.780499,-0.000002, 1.000000;;
              }
              Frame Armature_Tail_004 {
                FrameTransformMatrix {
                   1.000000, 0.000000, 0.000000, 0.000000,
                   0.000000, 0.806989, 0.590566, 0.000000,
                   0.000000,-0.590566, 0.806989, 0.000000,
                   0.000000, 8.834501, 0.000002, 1.000000;;
                }
                Frame Armature_Tail_005 {
                  FrameTransformMatrix {
                     1.000000, 0.000000, 0.000000, 0.000000,
                     0.000000, 0.879282, 0.476301, 0.000000,
                     0.000000,-0.476301, 0.879282, 0.000000,
                     0.000000, 7.747303, 0.000002, 1.000000;;
                  }
                } // End of Armature_Tail_005
              } // End of Armature_Tail_004
            } // End of Armature_Tail_003
          } // End of Armature_Tail_002
        } // End of Armature_Tail_001
      } // End of Armature_Tail
    } // End of Armature_Hips
  } // End of Armature
} // End of Root
AnimationSet Global {
  Animation {
    {Armature}
    AnimationKey { // Rotation
      0;
      31;
      0;4;-0.719203, 0.693781, 0.036216,-0.010147;;,
      1;4;-0.717050, 0.696456, 0.022447,-0.016877;;,
      2;4;-0.714111, 0.699554, 0.010707,-0.023575;;,
      3;4;-0.711019, 0.702460, 0.001734,-0.031609;;,
      4;4;-0.708790, 0.704283,-0.004864,-0.039716;;,
      5;4;-0.708386, 0.704401,-0.011358,-0.043349;;,
      6;4;-0.710074, 0.702718,-0.019849,-0.039849;;,
      7;4;-0.713272, 0.699469,-0.031541,-0.031478;;,
      8;4;-0.716814, 0.695370,-0.045499,-0.023833;;,
      9;4;-0.719670, 0.691421,-0.060704,-0.018110;;,
      10;4;-0.721390, 0.688453,-0.073799,-0.013535;;,
      11;4;-0.722338, 0.686572,-0.082257,-0.008981;;,
      12;4;-0.723253, 0.685366,-0.084571,-0.005082;;,
      13;4;-0.724527, 0.684560,-0.080193,-0.002761;;,
      14;4;-0.725807, 0.684354,-0.069737,-0.001039;;,
      15;4;-0.726198, 0.685304,-0.054691, 0.001957;;,
      16;4;-0.724869, 0.687867,-0.036851, 0.006774;;,
      17;4;-0.721706, 0.691838,-0.018308, 0.012819;;,
      18;4;-0.717559, 0.696213,-0.001192, 0.019871;;,
      19;4;-0.713766, 0.699718, 0.013790, 0.027264;;,
      20;4;-0.711271, 0.701595, 0.027193, 0.033462;;,
      21;4;-0.710261, 0.701893, 0.039863, 0.035868;;,
      22;4;-0.710536, 0.700993, 0.051622, 0.032896;;,
      23;4;-0.711932, 0.699154, 0.060851, 0.025175;;,
      24;4;-0.714298, 0.696504, 0.066734, 0.014441;;,
      25;4;-0.717077, 0.693527, 0.069297, 0.004335;;,
      26;4;-0.719310, 0.691175, 0.069767,-0.001761;;,
      27;4;-0.720301, 0.690323, 0.067917,-0.002845;;,
      28;4;-0.720200, 0.690980, 0.062085,-0.001859;;,
      29;4;-0.719664, 0.692412, 0.051363,-0.003312;;,
      30;4;-0.719203, 0.693781, 0.036216,-0.010147;;;
    }
    AnimationKey { // Scale
      1;
      31;
      0;3; 0.130000, 0.130000, 0.130000;;,
      1;3; 0.130000, 0.130000, 0.130000;;,
      2;3; 0.130000, 0.130000, 0.130000;;,
      3;3; 0.130000, 0.130000, 0.130000;;,
      4;3; 0.130000, 0.130000, 0.130000;;,
      5;3; 0.130000, 0.130000, 0.130000;;,
      6;3; 0.130000, 0.130000, 0.130000;;,
      7;3; 0.130000, 0.130000, 0.130000;;,
      8;3; 0.130000, 0.130000, 0.130000;;,
      9;3; 0.130000, 0.130000, 0.130000;;,
      10;3; 0.130000, 0.130000, 0.130000;;,
      11;3; 0.130000, 0.130000, 0.130000;;,
      12;3; 0.130000, 0.130000, 0.130000;;,
      13;3; 0.130000, 0.130000, 0.130000;;,
      14;3; 0.130000, 0.130000, 0.130000;;,
      15;3; 0.130000, 0.130000, 0.130000;;,
      16;3; 0.130000, 0.130000, 0.130000;;,
      17;3; 0.130000, 0.130000, 0.130000;;,
      18;3; 0.130000, 0.130000, 0.130000;;,
      19;3; 0.130000, 0.130000, 0.130000;;,
      20;3; 0.130000, 0.130000, 0.130000;;,
      21;3; 0.130000, 0.130000, 0.130000;;,
      22;3; 0.130000, 0.130000, 0.130000;;,
      23;3; 0.130000, 0.130000, 0.130000;;,
      24;3; 0.130000, 0.130000, 0.130000;;,
      25;3; 0.130000, 0.130000, 0.130000;;,
      26;3; 0.130000, 0.130000, 0.130000;;,
      27;3; 0.130000, 0.130000, 0.130000;;,
      28;3; 0.130000, 0.130000, 0.130000;;,
      29;3; 0.130000, 0.130000, 0.130000;;,
      30;3; 0.130000, 0.130000, 0.130000;;;
    }
    AnimationKey { // Position
      2;
      31;
      0;3;-0.525029,-0.314797,-0.358074;;,
      1;3;-0.426682,-0.189884,-0.362871;;,
      2;3;-0.348770,-0.064991,-0.379005;;,
      3;3;-0.316146, 0.050215,-0.407621;;,
      4;3;-0.311803, 0.136589,-0.451055;;,
      5;3;-0.259635, 0.170399,-0.510789;;,
      6;3;-0.105415, 0.135536,-0.574183;;,
      7;3; 0.141353, 0.036193,-0.625950;;,
      8;3; 0.407214,-0.107538,-0.663496;;,
      9;3; 0.665603,-0.244247,-0.674742;;,
      10;3; 0.884575,-0.344124,-0.653716;;,
      11;3; 1.046687,-0.394306,-0.602487;;,
      12;3; 1.126313,-0.410025,-0.525533;;,
