xof 0303txt 0032

template XSkinMeshHeader {
  <3cf169ce-ff7c-44ab-93c0-f78f62d172e2>
  WORD nMaxSkinWeightsPerVertex;
  WORD nMaxSkinWeightsPerFace;
  WORD nBones;
}

template SkinWeights {
  <6f0d123b-bad2-4167-a0d0-80224f25fabb>
  STRING transformNodeName;
  DWORD nWeights;
  array DWORD vertexIndices[nWeights];
  array float weights[nWeights];
  Matrix4x4 matrixOffset;
}

Frame Root {
  FrameTransformMatrix {
     1.000000, 0.000000, 0.000000, 0.000000,
     0.000000,-0.000000,-1.000000, 0.000000,
     0.000000, 1.000000,-0.000000, 0.000000,
     0.000000, 0.000000, 0.000000, 1.000000;;
  }
  Frame Armature {
    FrameTransformMatrix {
       0.010000, 0.000000, 0.000000, 0.000000,
       0.000000,-0.000000, 0.010000, 0.000000,
       0.000000,-0.010000,-0.000000, 0.000000,
       0.000000, 0.000000, 0.000000, 1.000000;;
    }
    Frame Armature_mixamorig_Hips {
      FrameTransformMatrix {
         0.999820,-0.018948, 0.000039, 0.000000,
         0.018948, 0.999811,-0.004403, 0.000000,
         0.000044, 0.004403, 0.999990, 0.000000,
        -0.000465,80.532974,-0.000048, 1.000000;;
      }
      Frame Armature_mixamorig_LeftUpLeg {
        FrameTransformMatrix {
          -0.885572,-0.365272, 0.286975, 0.000000,
           0.464424,-0.707661, 0.532522, 0.000000,
           0.008564, 0.604808, 0.796422, 0.000000,
          13.655999,-7.135301, 0.129700, 1.000000;;
        }
        Frame Armature_mixamorig_LeftLeg {
          FrameTransformMatrix {
             0.983694,-0.171593, 0.053869, 0.000000,
             0.139424, 0.538373,-0.831093, 0.000000,
             0.113608, 0.825052, 0.553519, 0.000000,
            -0.000002,35.949707, 0.000004, 1.000000;;
          }
          Frame Armature_mixamorig_LeftFoot {
            FrameTransformMatrix {
               0.973393,-0.135799,-0.184568, 0.000000,
               0.226429, 0.446427, 0.865698, 0.000000,
              -0.035165,-0.884456, 0.465297, 0.000000,
              -0.000004,34.409225, 0.000000, 1.000000;;
            }
            Frame Armature_mixamorig_LeftToeBase {
              FrameTransformMatrix {
                 0.974446,-0.166233,-0.151071, 0.000000,
                 0.223006, 0.635370, 0.739306, 0.000000,
                -0.026911,-0.754104, 0.656204, 0.000000,
                 0.000003,21.286987, 0.000001, 1.000000;;
              }
              Frame Armature_mixamorig_LeftToe_End {
                FrameTransformMatrix {
                   1.000000, 0.000000, 0.000000, 0.000000,
                  -0.000000, 1.000000,-0.000000, 0.000000,
                  -0.000000, 0.000000, 1.000000, 0.000000,
                   0.000002,16.881937,-0.000000, 1.000000;;
                }
              } // End of Armature_mixamorig_LeftToe_End
            } // End of Armature_mixamorig_LeftToeBase
          } // End of Armature_mixamorig_LeftFoot
        } // End of Armature_mixamorig_LeftLeg
      } // End of Armature_mixamorig_LeftUpLeg
      Frame Armature_mixamorig_RightUpLeg {
        FrameTransformMatrix {
          -0.895446, 0.200431,-0.397539, 0.000000,
          -0.401824,-0.748230, 0.527959, 0.000000,
          -0.191610, 0.632440, 0.750629, 0.000000,
          -13.655999,-7.135205, 0.129700, 1.000000;;
        }
        Frame Armature_mixamorig_RightLeg {
          FrameTransformMatrix {
             0.991786, 0.065750, 0.109714, 0.000000,
             0.055222, 0.553594,-0.830954, 0.000000,
            -0.115372, 0.830187, 0.545416, 0.000000,
            -0.000001,35.949707, 0.000002, 1.000000;;
          }
          Frame Armature_mixamorig_RightFoot {
            FrameTransformMatrix {
               0.970591, 0.209140, 0.119217, 0.000000,
              -0.203187, 0.446124, 0.871601, 0.000000,
               0.129101,-0.870192, 0.475499, 0.000000,
               0.000002,34.409225, 0.000000, 1.000000;;
            }
            Frame Armature_mixamorig_RightToeBase {
              FrameTransformMatrix {
                 0.962636, 0.270728,-0.006127, 0.000000,
                -0.168495, 0.616527, 0.769093, 0.000000,
                 0.211992,-0.739325, 0.639107, 0.000000,
                 0.000002,21.286983,-0.000001, 1.000000;;
              }
              Frame Armature_mixamorig_RightToe_End {
                FrameTransformMatrix {
                   1.000000,-0.000000,-0.000000, 0.000000,
                   0.000000, 1.000000,-0.000000, 0.000000,
                   0.000000,-0.000000, 1.000000, 0.000000,
                   0.000004,16.881935,-0.000001, 1.000000;;
                }
              } // End of Armature_mixamorig_RightToe_End
            } // End of Armature_mixamorig_RightToeBase
          } // End of Armature_mixamorig_RightFoot
        } // End of Armature_mixamorig_RightLeg
      } // End of Armature_mixamorig_RightUpLeg
      Frame Armature_mixamorig_Spine {
        FrameTransformMatrix {
           0.999957, 0.009019,-0.002127, 0.000000,
          -0.007955, 0.953231, 0.302137, 0.000000,
           0.004753,-0.302107, 0.953262, 0.000000,
          -0.000000,10.763903, 1.243500, 1.000000;;
        }
        Frame Armature_mixamorig_Spine1 {
          FrameTransformMatrix {
             0.999841, 0.017718,-0.002046, 0.000000,
            -0.016575, 0.965378, 0.260330, 0.000000,
             0.006588,-0.260254, 0.965518, 0.000000,
             0.000000,13.063302,-0.000002, 1.000000;;
          }
          Frame Armature_mixamorig_Spine2 {
            FrameTransformMatrix {
               0.999876, 0.015677,-0.001366, 0.000000,
              -0.014630, 0.958047, 0.286238, 0.000000,
               0.005796,-0.286183, 0.958157, 0.000000,
              -0.000000,13.020506, 0.000001, 1.000000;;
            }
            Frame Armature_mixamorig_LeftShoulder {
              FrameTransformMatrix {
                 0.254001, 0.330489,-0.908989, 0.000000,
                 0.933567, 0.161923, 0.319741, 0.000000,
                 0.252857,-0.929816,-0.267405, 0.000000,
                 9.553598,16.065397,-5.227799, 1.000000;;
              }
              Frame Armature_mixamorig_LeftArm {
                FrameTransformMatrix {
                   0.778950, 0.275860, 0.563150, 0.000000,
                  -0.569000, 0.688399, 0.449829, 0.000000,
                  -0.263582,-0.670827, 0.693193, 0.000000,
                  -0.000002,18.035492,-0.000003, 1.000000;;
                }
                Frame Armature_mixamorig_LeftForeArm {
                  FrameTransformMatrix {
                     0.613116, 0.789490, 0.028185, 0.000000,
                    -0.755208, 0.575276, 0.314196, 0.000000,
                     0.231840,-0.213924, 0.948940, 0.000000,
                    -0.000002,26.415115, 0.000000, 1.000000;;
                  }
                  Frame Armature_mixamorig_LeftHand {
                    FrameTransformMatrix {
                       1.000000,-0.000000, 0.000000, 0.000000,
                       0.000000, 1.000000, 0.000000, 0.000000,
                       0.000000,-0.000000, 1.000000, 0.000000,
                      -0.000002,26.753403, 0.000004, 1.000000;;
                    }
                  } // End of Armature_mixamorig_LeftHand
                } // End of Armature_mixamorig_LeftForeArm
              } // End of Armature_mixamorig_LeftArm
            } // End of Armature_mixamorig_LeftShoulder
            Frame Armature_mixamorig_Neck {
              FrameTransformMatrix {
                 0.999870, 0.001389, 0.016070, 0.000000,
                -0.002221, 0.998653, 0.051841, 0.000000,
                -0.015977,-0.051870, 0.998526, 0.000000,
                -0.011900,24.670700, 2.028102, 1.000000;;
              }
              Frame Armature_mixamorig_Head {
                FrameTransformMatrix {
                   0.998271,-0.043165,-0.039898, 0.000000,
                   0.025294, 0.928172,-0.371290, 0.000000,
                   0.053059, 0.369639, 0.927659, 0.000000,
                   0.000000, 8.817311, 6.102601, 1.000000;;
                }
                Frame Armature_mixamorig_HeadTop_End {
                  FrameTransformMatrix {
                     1.000000,-0.000000, 0.000000, 0.000000,
                     0.000000, 1.000000,-0.000000, 0.000000,
                    -0.000000, 0.000000, 1.000000, 0.000000,
                     0.000000,20.493902,-0.282511, 1.000000;;
                  }
                } // End of Armature_mixamorig_HeadTop_End
              } // End of Armature_mixamorig_Head
            } // End of Armature_mixamorig_Neck
            Frame Armature_mixamorig_RightShoulder {
              FrameTransformMatrix {
                 0.183219,-0.302190, 0.935474, 0.000000,
                -0.951753, 0.183754, 0.245766, 0.000000,
                -0.246165,-0.935369,-0.253943, 0.000000,
                -9.553600,16.065393,-5.227800, 1.000000;;
              }
              Frame Armature_mixamorig_RightArm {
                FrameTransformMatrix {
                   0.847724,-0.165666,-0.503903, 0.000000,
                   0.486691, 0.620703, 0.614703, 0.000000,
                   0.210939,-0.766344, 0.606813, 0.000000,
                   0.000003,17.955099, 0.000005, 1.000000;;
                }
                Frame Armature_mixamorig_RightForeArm {
                  FrameTransformMatrix {
                     0.387475,-0.866098,-0.315811, 0.000000,
                     0.920816, 0.380065, 0.087455, 0.000000,
                     0.044285,-0.324691, 0.944783, 0.000000,
                    -0.000007,26.415119,-0.000008, 1.000000;;
                  }
                  Frame Armature_mixamorig_RightHand {
                    FrameTransformMatrix {
                       0.915699, 0.400324,-0.035165, 0.000000,
                      -0.361982, 0.859662, 0.360487, 0.000000,
                       0.174542,-0.317368, 0.932101, 0.000000,
                      -0.000004,26.753405,-0.000002, 1.000000;;
                    }
                    Frame Armature_mixamorig_RightHandIndex1 {
                      FrameTransformMatrix {
                         0.842450,-0.438769, 0.312666, 0.000000,
                         0.213901, 0.805015, 0.553351, 0.000000,
                        -0.494494,-0.399291, 0.772038, 0.000000,
                         8.654206,18.447788,-1.479601, 1.000000;;
                      }
                      Frame Armature_mixamorig_RightHandIndex2 {
                        FrameTransformMatrix {
                           0.974318,-0.210641,-0.079587, 0.000000,
                           0.221632, 0.834638, 0.504241, 0.000000,
                          -0.039788,-0.508930, 0.859888, 0.000000,
                          -0.000007, 7.514400,-0.000002, 1.000000;;
                        }
                        Frame Armature_mixamorig_RightHandIndex3 {
                          FrameTransformMatrix {
                             0.968300,-0.231436,-0.093977, 0.000000,
                             0.245021, 0.953191, 0.177175, 0.000000,
                             0.048574,-0.194585, 0.979682, 0.000000,
                            -0.000005, 7.489392,-0.000005, 1.000000;;
                          }
                          Frame Armature_mixamorig_RightHandIndex4 {
                            FrameTransformMatrix {
                               1.000000, 0.000000, 0.000000, 0.000000,
                               0.000000, 1.000000, 0.000000, 0.000000,
                               0.000000, 0.000000, 1.000000, 0.000000,
                               0.000001, 6.769706,-0.000005, 1.000000;;
                            }
                          } // End of Armature_mixamorig_RightHandIndex4
                        } // End of Armature_mixamorig_RightHandIndex3
                      } // End of Armature_mixamorig_RightHandIndex2
                    } // End of Armature_mixamorig_RightHandIndex1
                    Frame Armature_mixamorig_RightHandPinky1 {
                      FrameTransformMatrix {
                         0.021651, 0.587894,-0.808648, 0.000000,
                         0.518548, 0.684932, 0.511835, 0.000000,
                         0.854774,-0.430405,-0.290022, 0.000000,
                        -10.003101,17.507805, 0.477996, 1.000000;;
                      }
                      Frame Armature_mixamorig_RightHandPinky2 {
                        FrameTransformMatrix {
                           0.859827, 0.510585, 0.000212, 0.000000,
                          -0.510585, 0.859827, 0.000774, 0.000000,
                           0.000212,-0.000774, 1.000000, 0.000000,
                          -0.000002, 7.044201,-0.000001, 1.000000;;
                        }
                        Frame Armature_mixamorig_RightHandPinky3 {
                          FrameTransformMatrix {
                             0.752630, 0.658443, 0.000375, 0.000000,
                            -0.658443, 0.752630, 0.000998, 0.000000,
                             0.000375,-0.000998, 0.999999, 0.000000,
                            -0.000005, 7.078896,-0.000011, 1.000000;;
                          }
                          Frame Armature_mixamorig_RightHandPinky4 {
                            FrameTransformMatrix {
                               1.000000,-0.000000,-0.000000, 0.000000,
                               0.000000, 1.000000,-0.000000, 0.000000,
                              -0.000000, 0.000000, 1.000000, 0.000000,
                               0.000002, 7.093001,-0.000002, 1.000000;;
                            }
                          } // End of Armature_mixamorig_RightHandPinky4
                        } // End of Armature_mixamorig_RightHandPinky3
                      } // End of Armature_mixamorig_RightHandPinky2
                    } // End of Armature_mixamorig_RightHandPinky1
                    Frame Armature_mixamorig_RightHandThumb1 {
                      FrameTransformMatrix {
                         0.637127,-0.701193, 0.319995, 0.000000,
                         0.234127, 0.571619, 0.786407, 0.000000,
                        -0.734338,-0.426122, 0.528363, 0.000000,
                         6.163500, 2.492295, 4.446404, 1.000000;;
                      }
                      Frame Armature_mixamorig_RightHandThumb2 {
                        FrameTransformMatrix {
                           0.907449, 0.415068, 0.065225, 0.000000,
                          -0.379999, 0.876992,-0.294083, 0.000000,
                          -0.179266, 0.242080, 0.953552, 0.000000,
                           0.000004,10.473006,-0.000005, 1.000000;;
                        }
                        Frame Armature_mixamorig_RightHandThumb3 {
                          FrameTransformMatrix {
                             0.942310, 0.299520, 0.149467, 0.000000,
                            -0.240684, 0.916567,-0.319337, 0.000000,
                            -0.232645, 0.264940, 0.935779, 0.000000,
                            -0.000003, 8.498794,-0.000006, 1.000000;;
                          }
                          Frame Armature_mixamorig_RightHandThumb4 {
                            FrameTransformMatrix {
                               1.000000,-0.000000, 0.000000, 0.000000,
                               0.000000, 1.000000, 0.000001, 0.000000,
                              -0.000000,-0.000001, 1.000000, 0.000000,
                               0.000002, 8.025308,-0.000001, 1.000000;;
                            }
                          } // End of Armature_mixamorig_RightHandThumb4
                        } // End of Armature_mixamorig_RightHandThumb3
                      } // End of Armature_mixamorig_RightHandThumb2
                    } // End of Armature_mixamorig_RightHandThumb1
                  } // End of Armature_mixamorig_RightHand
                } // End of Armature_mixamorig_RightForeArm
              } // End of Armature_mixamorig_RightArm
            } // End of Armature_mixamorig_RightShoulder
          } // End of Armature_mixamorig_Spine2
        } // End of Armature_mixamorig_Spine1
      } // End of Armature_mixamorig_Spine
    } // End of Armature_mixamorig_Hips
  } // End of Armature
} // End of Root
AnimationSet Global {
  Animation {
    {Armature}
    AnimationKey { // Rotation
      0;
      96;
      0;4;-0.707107, 0.707107, 0.000000, 0.000000;;,
      1;4;-0.707107, 0.707107, 0.000000, 0.000000;;,
      2;4;-0.707107, 0.707107, 0.000000, 0.000000;;,
      3;4;-0.707107, 0.707107, 0.000000, 0.000000;;,
      4;4;-0.707107, 0.707107, 0.000000, 0.000000;;,
      5;4;-0.707107, 0.707107, 0.000000, 0.000000;;,
      6;4;-0.707107, 0.707107, 0.000000, 0.000000;;,
      7;4;-0.707107, 0.707107, 0.000000, 0.000000;;,
      8;4;-0.707107, 0.707107, 0.000000, 0.000000;;,
      9;4;-0.707107, 0.707107, 0.000000, 0.000000;;,
      10;4;-0.707107, 0.707107, 0.000000, 0.000000;;,
      11;4;-0.707107, 0.707107, 0.000000, 0.000000;;,
      12;4;-0.707107, 0.707107, 0.000000, 0.000000;;,
      13;4;-0.707107, 0.707107, 0.000000, 0.000000;;,
      14;4;-0.707107, 0.707107, 0.000000, 0.000000;;,
      15;4;-0.707107, 0.707107, 0.000000, 0.000000;;,
      16;4;-0.707107, 0.707107, 0.000000, 0.000000;;,
      17;4;-0.707107, 0.707107, 0.000000, 0.000000;;,
      18;4;-0.707107, 0.707107, 0.000000, 0.000000;;,
      19;4;-0.707107, 0.707107, 0.000000, 0.000000;;,
      20;4;-0.707107, 0.707107, 0.000000, 0.000000;;,
      21;4;-0.707107, 0.707107, 0.000000, 0.000000;;,
      22;4;-0.707107, 0.707107, 0.000000, 0.000000;;,
      23;4;-0.707107, 0.707107, 0.000000, 0.000000;;,
      24;4;-0.707107, 0.707107, 0.000000, 0.000000;;,
      25;4;-0.707107, 0.707107, 0.000000, 0.000000;;,
      26;4;-0.707107, 0.707107, 0.000000, 0.000000;;,
      27;4;-0.707107, 0.707107, 0.000000, 0.000000;;,
      28;4;-0.707107, 0.707107, 0.000000, 0.000000;;,
      29;4;-0.707107, 0.707107, 0.000000, 0.000000;;,
      30;4;-0.707107, 0.707107, 0.000000, 0.000000;;,
      31;4;-0.707107, 0.707107, 0.000000, 0.000000;;,
      32;4;-0.707107, 0.707107, 0.000000, 0.000000;;,
      33;4;-0.707107, 0.707107, 0.000000, 0.000000;;,
      34;4;-0.707107, 0.707107, 0.000000, 0.000000;;,
      35;4;-0.707107, 0.707107, 0.000000, 0.000000;;,
      36;4;-0.707107, 0.707107, 0.000000, 0.000000;;,
      37;4;-0.707107, 0.707107, 0.000000, 0.000000;;,
      38;4;-0.707107, 0.707107, 0.000000, 0.000000;;,
      39;4;-0.707107, 0.707107, 0.000000, 0.000000;;,
      40;4;-0.707107, 0.707107, 0.000000, 0.000000;;,
      41;4;-0.707107, 0.707107, 0.000000, 0.000000;;,
      42;4;-0.707107, 0.707107, 0.000000, 0.000000;;,
      43;4;-0.707107, 0.707107, 0.000000, 0.000000;;,
      44;4;-0.707107, 0.707107, 0.000000, 0.000000;;,
      45;4;-0.707107, 0.707107, 0.000000, 0.000000;;,
      46;4;-0.707107, 0.707107, 0.000000, 0.000000;;,
      47;4;-0.707107, 0.707107, 0.000000, 0.000000;;,
      48;4;-0.707107, 0.707107, 0.000000, 0.000000;;,
      49;4;-0.707107, 0.707107, 0.000000, 0.000000;;,
      50;4;-0.707107, 0.707107, 0.000000, 0.000000;;,
      51;4;-0.707107, 0.707107, 0.000000, 0.000000;;,
      52;4;-0.707107, 0.707107, 0.000000, 0.000000;;,
      53;4;-0.707107, 0.707107, 0.000000, 0.000000;;,
      54;4;-0.707107, 0.707107, 0.000000, 0.000000;;,
      55;4;-0.707107, 0.707107, 0.000000, 0.000000;;,
      56;4;-0.707107, 0.707107, 0.000000, 0.000000;;,
      57;4;-0.707107, 0.707107, 0.000000, 0.000000;;,
      58;4;-0.707107, 0.707107, 0.000000, 0.000000;;,
      59;4;-0.707107, 0.707107, 0.000000, 0.000000;;,
      60;4;-0.707107, 0.707107, 0.000000, 0.000000;;,
      61;4;-0.707107, 0.707107, 0.000000, 0.000000;;,
      62;4;-0.707107, 0.707107, 0.000000, 0.000000;;,
      63;4;-0.707107, 0.707107, 0.000000, 0.000000;;,
      64;4;-0.707107, 0.707107, 0.000000, 0.000000;;,
      65;4;-0.707107, 0.707107, 0.000000, 0.000000;;,
      66;4;-0.707107, 0.707107, 0.000000, 0.000000;;,
      67;4;-0.707107, 0.707107, 0.000000, 0.000000;;,
      68;4;-0.707107, 0.707107, 0.000000, 0.000000;;,
      69;4;-0.707107, 0.707107, 0.000000, 0.000000;;,
      70;4;-0.707107, 0.707107, 0.000000, 0.000000;;,
      71;4;-0.707107, 0.707107, 0.000000, 0.000000;;,
      72;4;-0.707107, 0.707107, 0.000000, 0.000000;;,
      73;4;-0.707107, 0.707107, 0.000000, 0.000000;;,
      74;4;-0.707107, 0.707107, 0.000000, 0.000000;;,
      75;4;-0.707107, 0.707107, 0.000000, 0.000000;;,
      76;4;-0.707107, 0.707107, 0.000000, 0.000000;;,
      77;4;-0.707107, 0.707107, 0.000000, 0.000000;;,
      78;4;-0.707107, 0.707107, 0.000000, 0.000000;;,
      79;4;-0.707107, 0.707107, 0.000000, 0.000000;;,
      80;4;-0.707107, 0.707107, 0.000000, 0.000000;;,
      81;4;-0.707107, 0.707107, 0.000000, 0.000000;;,
      82;4;-0.707107, 0.707107, 0.000000, 0.000000;;,
      83;4;-0.707107, 0.707107, 0.000000, 0.000000;;,
      84;4;-0.707107, 0.707107, 0.000000, 0.000000;;,
      85;4;-0.707107, 0.707107, 0.000000, 0.000000;;,
      86;4;-0.707107, 0.707107, 0.000000, 0.000000;;,
      87;4;-0.707107, 0.707107, 0.000000, 0.000000;;,
      88;4;-0.707107, 0.707107, 0.000000, 0.000000;;,
      89;4;-0.707107, 0.707107, 0.000000, 0.000000;;,
      90;4;-0.707107, 0.707107, 0.000000, 0.000000;;,
      91;4;-0.707107, 0.707107, 0.000000, 0.000000;;,
      92;4;-0.707107, 0.707107, 0.000000, 0.000000;;,
      93;4;-0.707107, 0.707107, 0.000000, 0.000000;;,
      94;4;-0.707107, 0.707107, 0.000000, 0.000000;;,
      95;4;-0.707107, 0.707107, 0.000000, 0.000000;;;
    }
    AnimationKey { // Scale
      1;
      96;
      0;3; 0.010000, 0.010000, 0.010000;;,
      1;3; 0.010000, 0.010000, 0.010000;;,
      2;3; 0.010000, 0.010000, 0.010000;;,
      3;3; 0.010000, 0.010000, 0.010000;;,
      4;3; 0.010000, 0.010000, 0.010000;;,
      5;3; 0.010000, 0.010000, 0.010000;;,
      6;3; 0.010000, 0.010000, 0.010000;;,
      7;3; 0.010000, 0.010000, 0.010000;;,
      8;3; 0.010000, 0.010000, 0.010000;;,
      9;3; 0.010000, 0.010000, 0.010000;;,
      10;3; 0.010000, 0.010000, 0.010000;;,
      11;3; 0.010000, 0.010000, 0.010000;;,
      12;3; 0.010000, 0.010000, 0.010000;;,
      13;3; 0.010000, 0.010000, 0.010000;;,
      14;3; 0.010000, 0.010000, 0.010000;;,
      15;3; 0.010000, 0.010000, 0.010000;;,
      16;3; 0.010000, 0.010000, 0.010000;;,
      17;3; 0.010000, 0.010000, 0.010000;;,
      18;3; 0.010000, 0.010000, 0.010000;;,
      19;3; 0.010000, 0.010000, 0.010000;;,
      20;3; 0.010000, 0.010000, 0.010000;;,
      21;3; 0.010000, 0.010000, 0.010000;;,
      22;3; 0.010000, 0.010000, 0.010000;;,
      23;3; 0.010000, 0.010000, 0.010000;;,
      24;3; 0.010000, 0.010000, 0.010000;;,
      25;3; 0.010000, 0.010000, 0.010000;;,
      26;3; 0.010000, 0.010000, 0.010000;;,
      27;3; 0.010000, 0.010000, 0.010000;;,
      28;3; 0.010000, 0.010000, 0.010000;;,
      29;3; 0.010000, 0.010000, 0.010000;;,
      30;3; 0.010000, 0.010000, 0.010000;;,
      31;3; 0.010000, 0.010000, 0.010000;;,
      32;3; 0.010000, 0.010000, 0.010000;;,
      33;3; 0.010000, 0.010000, 0.010000;;,
      34;3; 0.010000, 0.010000, 0.010000;;,
      35;3; 0.010000, 0.010000, 0.010000;;,
      36;3; 0.010000, 0.010000, 0.010000;;,
      37;3; 0.010000, 0.010000, 0.010000;;,
      38;3; 0.010000, 0.010000, 0.010000;;,
      39;3; 0.010000, 0.010000, 0.010000;;,
      40;3; 0.010000, 0.010000, 0.010000;;,
      41;3; 0.010000, 0.010000, 0.010000;;,
      42;3; 0.010000, 0.010000, 0.010000;;,
      43;3; 0.010000, 0.010000, 0.010000;;,
      44;3; 0.010000, 0.010000, 0.010000;;,
      45;3; 0.010000, 0.010000, 0.010000;;,
      46;3; 0.010000, 0.010000, 0.010000;;,
      47;3; 0.010000, 0.010000, 0.010000;;,
      48;3; 0.010000, 0.010000, 0.010000;;,
      49;3; 0.010000, 0.010000, 0.010000;;,
      50;3; 0.010000, 0.010000, 0.010000;;,
      51;3; 0.010000, 0.010000, 0.010000;;,
      52;3; 0.010000, 0.010000, 0.010000;;,
      53;3; 0.010000, 0.010000, 0.010000;;,
      54;3; 0.010000, 0.010000, 0.010000;;,
      55;3; 0.010000, 0.010000, 0.010000;;,
      56;3; 0.010000, 0.010000, 0.010000;;,
      57;3; 0.010000, 0.010000, 0.010000;;,
      58;3; 0.010000, 0.010000, 0.010000;;,
      59;3; 0.010000, 0.010000, 0.010000;;,
      60;3; 0.010000, 0.010000, 0.010000;;,
      61;3; 0.010000, 0.010000, 0.010000;;,
      62;3; 0.010000, 0.010000, 0.010000;;,
      63;3; 0.010000, 0.010000, 0.010000;;,
      64;3; 0.010000, 0.010000, 0.010000;;,
      65;3; 0.010000, 0.010000, 0.010000;;,
      66;3; 0.010000, 0.010000, 0.010000;;,
      67;3; 0.010000, 0.010000, 0.010000;;,
      68;3; 0.010000, 0.010000, 0.010000;;,
      69;3; 0.010000, 0.010000, 0.010000;;,
      70;3; 0.010000, 0.010000, 0.010000;;,
      71;3; 0.010000, 0.010000, 0.010000;;,
      72;3; 0.010000, 0.010000, 0.010000;;,
      73;3; 0.010000, 0.010000, 0.010000;;,
      74;3; 0.010000, 0.010000, 0.010000;;,
      75;3; 0.010000, 0.010000, 0.010000;;,
      76;3; 0.010000, 0.010000, 0.010000;;,
      77;3; 0.010000, 0.010000, 0.010000;;,
      78;3; 0.010000, 0.010000, 0.010000;;,
      79;3; 0.010000, 0.010000, 0.010000;;,
      80;3; 0.010000, 0.010000, 0.010000;;,
      81;3; 0.010000, 0.010000, 0.010000;;,
      82;3; 0.010000, 0.010000, 0.010000;;,
      83;3; 0.010000, 0.010000, 0.010000;;,
      84;3; 0.010000, 0.010000, 0.010000;;,
      85;3; 0.010000, 0.010000, 0.010000;;,
      86;3; 0.010000, 0.010000, 0.010000;;,
      87;3; 0.010000, 0.010000, 0.010000;;,
      88;3; 0.010000, 0.010000, 0.010000;;,
      89;3; 0.010000, 0.010000, 0.010000;;,
      90;3; 0.010000, 0.010000, 0.010000;;,
      91;3; 0.010000, 0.010000, 0.010000;;,
      92;3; 0.010000, 0.010000, 0.010000;;,
      93;3; 0.010000, 0.010000, 0.010000;;,
      94;3; 0.010000, 0.010000, 0.010000;;,
      95;3; 0.010000, 0.010000, 0.010000;;;
    }
    AnimationKey { // Position
      2;
      96;
      0;3; 0.000000, 0.000000, 0.000000;;,
      1;3; 0.000000, 0.000000, 0.000000;;,
      2;3; 0.000000, 0.000000, 0.000000;;,
      3;3; 0.000000, 0.000000, 0.000000;;,
      4;3; 0.000000, 0.000000, 0.000000;;,
      5;3; 0.000000, 0.000000, 0.000000;;,
      6;3; 0.000000, 0.000000, 0.000000;;,
      7;3; 0.000000, 0.000000, 0.000000;;,
      8;3; 0.000000, 0.000000, 0.000000;;,
      9;3; 0.000000, 0.000000, 0.000000;;,
      10;3; 0.000000, 0.000000, 0.000000;;,
      11;3; 0.000000, 0.000000, 0.000000;;,
      12;3; 0.000000, 0.000000, 0.000000;;,
      13;3; 0.000000, 0.000000, 0.000000;;,
      14;3; 0.000000, 0.000000, 0.000000;;,
      15;3; 0.000000, 0.000000, 0.000000;;,
      16;3; 0.000000, 0.000000, 0.000000;;,
      17;3; 0.000000, 0.000000, 0.000000;;,
      18;3; 0.000000, 0.000000, 0.000000;;,
      19;3; 0.000000, 0.000000, 0.000000;;,
      20;3; 0.000000, 0.000000, 0.000000;;,
      21;3; 0.000000, 0.000000, 0.000000;;,
      22;3; 0.000000, 0.000000, 0.000000;;,
      23;3; 0.000000, 0.000000, 0.000000;;,
      24;3; 0.000000, 0.000000, 0.000000;;,
      25;3; 0.000000, 0.000000, 0.000000;;,
      26;3; 0.000000, 0.000000, 0.000000;;,
      27;3; 0.000000, 0.000000, 0.000000;;,
      28;3; 0.000000, 0.000000, 0.000000;;,
      29;3; 0.000000, 0.000000, 0.000000;;,
      30;3; 0.000000, 0.000000, 0.000000;;,
      31;3; 0.000000, 0.000000, 0.000000;;,
      32;3; 0.000000, 0.000000, 0.000000;;,
      33;3; 0.000000, 0.000000, 0.000000;;,
      34;3; 0.000000, 0.000000, 0.000000;;,
      35;3; 0.000000, 0.000000, 0.000000;;,
      36;3; 0.000000, 0.000000, 0.000000;;,
      37;3; 0.000000, 0.000000, 0.000000;;,
      38;3; 0.000000, 0.000000, 0.000000;;,
      39;3; 0.000000, 0.000000, 0.000000;;,
      40;3; 0.000000, 0.000000, 0.000000;;,
      41;3; 0.000000, 0.000000, 0.000000;;,
      42;3; 0.000000, 0.000000, 0.000000;;,
      43;3; 0.000000, 0.000000, 0.000000;;,
      44;3; 0.000000, 0.000000, 0.000000;;,
      45;3; 0.000000, 0.000000, 0.000000;;,
      46;3; 0.000000, 0.000000, 0.000000;;,
      47;3; 0.000000, 0.000000, 0.000000;;,
      48;3; 0.000000, 0.000000, 0.000000;;,
      49;3; 0.000000, 0.000000, 0.000000;;,
      50;3; 0.000000, 0.000000, 0.000000;;,
      51;3; 0.000000, 0.000000, 0.000000;;,
      52;3; 0.000000, 0.000000, 0.000000;;,
      53;3; 0.000000, 0.000000, 0.000000;;,
      54;3; 0.000000, 0.000000, 0.000000;;,
      55;3; 0.000000, 0.000000, 0.000000;;,
      56;3; 0.000000, 0.000000, 0.000000;;,
      57;3; 0.000000, 0.000000, 0.000000;;,
      58;3; 0.000000, 0.000000, 0.000000;;,
      59;3; 0.000000, 0.000000, 0.000000;;,
      60;3; 0.000000, 0.000000, 0.000000;;,
      61;3; 0.000000, 0.000000, 0.000000;;,
      62;3; 0.000000, 0.000000, 0.000000;;,
      63;3; 0.000000, 0.000000, 0.000000;;,
      64;3; 0.000000, 0.000000, 0.000000;;,
      65;3; 0.000000, 0.000000, 0.000000;;,
      66;3; 0.000000, 0.000000, 0.000000;;,
      67;3; 0.000000, 0.000000, 0.000000;;,
      68;3; 0.000000, 0.000000, 0.000000;;,
      69;3; 0.000000, 0.000000, 0.000000;;,
      70;3; 0.000000, 0.000000, 0.000000;;,
      71;3; 0.000000, 0.000000, 0.000000;;,
      72;3; 0.000000, 0.000000, 0.000000;;,
      73;3; 0.000000, 0.000000, 0.000000;;,
      74;3; 0.000000, 0.000000, 0.000000;;,
      75;3; 0.000000, 0.000000, 0.000000;;,
      76;3; 0.000000, 0.000000, 0.000000;;,
      77;3; 0.000000, 0.000000, 0.000000;;,
      78;3; 0.000000, 0.000000, 0.000000;;,
      79;3; 0.000000, 0.000000, 0.000000;;,
      80;3; 0.000000, 0.000000, 0.000000;;,
      81;3; 0.000000, 0.000000, 0.000000;;,
      82;3; 0.000000, 0.000000, 0.000000;;,
      83;3; 0.000000, 0.000000, 0.000000;;,
      84;3; 0.000000, 0.000000, 0.000000;;,
      85;3; 0.000000, 0.000000, 0.000000;;,
      86;3; 0.000000, 0.000000, 0.000000;;,
      87;3; 0.000000, 0.000000, 0.000000;;,
      88;3; 0.000000, 0.000000, 0.000000;;,
      89;3; 0.000000, 0.000000, 0.000000;;,
      90;3; 0.000000, 0.000000, 0.000000;;,
      91;3; 0.000000, 0.000000, 0.000000;;,
      92;3; 0.000000, 0.000000, 0.000000;;,
      93;3; 0.000000, 0.000000, 0.000000;;,
      94;3; 0.000000, 0.000000, 0.000000;;,
      95;3; 0.000000, 0.000000, 0.000000;;;
    }
  }
  Animation {
    {Armature_mixamorig_Hips}
    AnimationKey { // Rotation
      0;
      96;
      0;4;-0.999953,-0.002202, 0.000000,-0.009474;;,
      1;4;-0.999947, 0.000326,-0.001166,-0.010248;;,
      2;4;-0.999932, 0.002853,-0.002333,-0.011022;;,
      3;4;-0.999902, 0.005360,-0.004855,-0.012022;;,
      4;4;-0.999798, 0.008296,-0.011972,-0.013868;;,
      5;4;-0.999451, 0.013932,-0.024850,-0.016943;;,
      6;4;-0.998890, 0.018914,-0.039022,-0.018412;;,
      7;4;-0.998209, 0.024112,-0.051385,-0.018877;;,
      8;4;-0.997248, 0.030615,-0.064519,-0.019913;;,
      9;4;-0.996030, 0.037674,-0.078094,-0.020155;;,
      10;4;-0.994788, 0.045546,-0.089277,-0.018778;;,
      11;4;-0.993492, 0.055596,-0.097808,-0.017756;;,
      12;4;-0.991848, 0.069128,-0.105423,-0.018568;;,
      13;4;-0.990016, 0.085418,-0.110400,-0.019573;;,
      14;4;-0.988045, 0.103463,-0.112346,-0.020981;;,
      15;4;-0.984937, 0.125100,-0.117208,-0.022605;;,
      16;4;-0.978989, 0.156305,-0.127619,-0.029381;;,
      17;4;-0.970996, 0.191370,-0.137777,-0.039512;;,
      18;4;-0.964927, 0.215609,-0.144203,-0.040421;;,
      19;4;-0.961368, 0.231198,-0.146142,-0.031019;;,
      20;4;-0.958097, 0.246019,-0.145161,-0.021276;;,
      21;4;-0.955403, 0.255130,-0.147794,-0.016444;;,
      22;4;-0.953220, 0.260654,-0.152479,-0.013447;;,
      23;4;-0.950343, 0.271002,-0.152693,-0.009541;;,
      24;4;-0.948877, 0.279561,-0.146536,-0.002324;;,
      25;4;-0.949942, 0.281368,-0.135656, 0.006337;;,
      26;4;-0.951868, 0.281053,-0.121779, 0.011233;;,
      27;4;-0.952153, 0.286993,-0.104195, 0.013508;;,
      28;4;-0.947930, 0.306033,-0.086679, 0.016097;;,
      29;4;-0.942433, 0.325062,-0.076547, 0.017162;;,
      30;4;-0.944682, 0.319793,-0.070925, 0.016652;;,
      31;4;-0.958010, 0.278949,-0.063934, 0.017817;;,
      32;4;-0.975282, 0.212150,-0.057934, 0.021462;;,
      33;4;-0.986682, 0.149806,-0.059681, 0.021337;;,
      34;4;-0.990868, 0.114830,-0.068058, 0.019038;;,
      35;4;-0.991474, 0.103863,-0.077141, 0.015557;;,
      36;4;-0.992424, 0.091364,-0.081797, 0.007488;;,
      37;4;-0.995050, 0.060658,-0.078593, 0.004292;;,
      38;4;-0.996682, 0.031545,-0.075025,-0.001218;;,
      39;4;-0.996920, 0.014319,-0.072533,-0.026177;;,
      40;4;-0.996859,-0.017297,-0.069379,-0.034045;;,
      41;4;-0.994889,-0.059254,-0.075623,-0.031082;;,
      42;4;-0.992843,-0.079392,-0.086292,-0.022652;;,
      43;4;-0.993670,-0.055184,-0.096905,-0.013561;;,
      44;4;-0.993951,-0.028561,-0.105904,-0.005456;;,
      45;4;-0.994329,-0.002272,-0.105541,-0.012843;;,
      46;4;-0.994204, 0.023149,-0.102840,-0.021125;;,
      47;4;-0.993634, 0.045911,-0.099556,-0.025929;;,
      48;4;-0.992922, 0.064194,-0.095682,-0.028794;;,
      49;4;-0.992337, 0.076140,-0.092191,-0.031147;;,
      50;4;-0.992840, 0.071027,-0.090159,-0.033104;;,
      51;4;-0.993222, 0.064158,-0.090178,-0.035536;;,
      52;4;-0.993615, 0.053991,-0.091640,-0.037626;;,
      53;4;-0.993983, 0.043242,-0.092329,-0.040043;;,
      54;4;-0.995079, 0.027385,-0.086082,-0.040710;;,
      55;4;-0.997582,-0.002049,-0.060745,-0.033698;;,
      56;4;-0.998362,-0.047562,-0.011827,-0.029508;;,
      57;4;-0.996744,-0.070663, 0.022894,-0.031375;;,
      58;4;-0.997495,-0.065614, 0.021702,-0.015119;;,
      59;4;-0.998304,-0.058037, 0.004470,-0.000003;;,
      60;4;-0.998593,-0.052308, 0.000823, 0.008638;;,
      61;4;-0.998933,-0.045097,-0.000185, 0.009946;;,
      62;4;-0.999431,-0.032422,-0.006095, 0.007068;;,
      63;4;-0.999647,-0.023554,-0.010300, 0.006764;;,
      64;4;-0.999548,-0.022362,-0.016518, 0.011444;;,
      65;4;-0.999316,-0.019058,-0.026959, 0.016672;;,
      66;4;-0.998944,-0.013595,-0.036621, 0.024199;;,
      67;4;-0.998558,-0.009296,-0.041440, 0.032842;;,
      68;4;-0.998383,-0.003147,-0.041190, 0.039051;;,
      69;4;-0.998431, 0.008341,-0.037105, 0.041100;;,
      70;4;-0.998438, 0.024757,-0.030779, 0.039521;;,
      71;4;-0.998064, 0.042761,-0.024088, 0.038195;;,
      72;4;-0.997400, 0.057590,-0.018292, 0.039268;;,
      73;4;-0.996843, 0.067059,-0.013175, 0.040424;;,
      74;4;-0.996854, 0.068799,-0.008318, 0.038463;;,
      75;4;-0.997114, 0.066799,-0.005085, 0.035726;;,
      76;4;-0.997602, 0.060877,-0.002744, 0.032825;;,
      77;4;-0.998196, 0.052335,-0.000464, 0.029419;;,
      78;4;-0.998721, 0.043831, 0.001559, 0.025141;;,
      79;4;-0.999097, 0.036841, 0.002582, 0.021007;;,
      80;4;-0.999261, 0.033095, 0.002156, 0.019420;;,
      81;4;-0.999315, 0.031495, 0.002438, 0.019278;;,
      82;4;-0.999507, 0.025131, 0.005004, 0.018130;;,
      83;4;-0.999684, 0.017812, 0.008217, 0.015709;;,
      84;4;-0.999778, 0.012565, 0.010732, 0.013109;;,
      85;4;-0.999829, 0.008583, 0.012597, 0.010429;;,
      86;4;-0.999865, 0.005698, 0.013212, 0.007989;;,
      87;4;-0.999900, 0.003772, 0.012438, 0.005507;;,
      88;4;-0.999932, 0.002168, 0.011053, 0.002901;;,
      89;4;-0.999957, 0.000859, 0.009245, 0.000281;;,
      90;4;-0.999970, 0.000096, 0.007582,-0.001687;;,
      91;4;-0.999976,-0.000484, 0.006008,-0.003409;;,
      92;4;-0.999977,-0.000944, 0.004491,-0.004966;;,
      93;4;-0.999974,-0.001343, 0.003004,-0.006442;;,
      94;4;-0.999966,-0.001742, 0.001517,-0.007917;;,
      95;4;-0.999953,-0.002202, 0.000001,-0.009475;;;
    }
    AnimationKey { // Scale
      1;
      96;
      0;3; 1.000000, 1.000000, 1.000000;;,
      1;3; 1.000000, 1.000000, 1.000000;;,
      2;3; 1.000000, 1.000000, 1.000000;;,
      3;3; 1.000000, 1.000000, 1.000000;;,
      4;3; 1.000000, 1.000000, 1.000000;;,
      5;3; 1.000000, 1.000000, 1.000000;;,
      6;3; 1.000000, 1.000000, 1.000000;;,
      7;3; 1.000000, 1.000000, 1.000000;;,
      8;3; 1.000000, 1.000000, 1.000000;;,
      9;3; 1.000000, 1.000000, 1.000000;;,
      10;3; 1.000000, 1.000000, 1.000000;;,
      11;3; 1.000000, 1.000000, 1.000000;;,
      12;3; 1.000000, 1.000000, 1.000000;;,
      13;3; 1.000000, 1.000000, 1.000000;;,
      14;3; 1.000000, 1.000000, 1.000000;;,
      15;3; 1.000000, 1.000000, 1.000000;;,
      16;3; 1.000000, 1.000000, 1.000000;;,
      17;3; 1.000000, 1.000000, 1.000000;;,
      18;3; 1.000000, 1.000000, 1.000000;;,
      19;3; 1.000000, 1.000000, 1.000000;;,
      20;3; 1.000000, 1.000000, 1.000000;;,
      21;3; 1.000000, 1.000000, 1.000000;;,
      22;3; 1.000000, 1.000000, 1.000000;;,
      23;3; 1.000000, 1.000000, 1.000000;;,
      24;3; 1.000000, 1.000000, 1.000000;;,
      25;3; 1.000000, 1.000000, 1.000000;;,
      26;3; 1.000000, 1.000000, 1.000000;;,
      27;3; 1.000000, 1.000000, 1.000000;;,
      28;3; 1.000000, 1.000000, 1.000000;;,
      29;3; 1.000000, 1.000000, 1.000000;;,
      30;3; 1.000000, 1.000000, 1.000000;;,
      31;3; 1.000000, 1.000000, 1.000000;;,
      32;3; 1.000000, 1.000000, 1.000000;;,
      33;3; 1.000000, 1.000000, 1.000000;;,
      34;3; 1.000000, 1.000000, 1.000000;;,
      35;3; 1.000000, 1.000000, 1.000000;;,
      36;3; 1.000000, 1.000000, 1.000000;;,
      37;3; 1.000000, 1.000000, 1.000000;;,
      38;3; 1.000000, 1.000000, 1.000000;;,
      39;3; 1.000000, 1.000000, 1.000000;;,
      40;3; 1.000000, 1.000000, 1.000000;;,
      41;3; 1.000000, 1.000000, 1.000000;;,
      42;3; 1.000000, 1.000000, 1.000000;;,
      43;3; 1.000000, 1.000000, 1.000000;;,
      44;3; 1.000000, 1.000000, 1.000000;;,
      45;3; 1.000000, 1.000000, 1.000000;;,
      46;3; 1.000000, 1.000000, 1.000000;;,
      47;3; 1.000000, 1.000000, 1.000000;;,
      48;3; 1.000000, 1.000000, 1.000000;;,
      49;3; 1.000000, 1.000000, 1.000000;;,
      50;3; 1.000000, 1.000000, 1.000000;;,
      51;3; 1.000000, 1.000000, 1.000000;;,
      52;3; 1.000000, 1.000000, 1.000000;;,
      53;3; 1.000000, 1.000000, 1.000000;;,
      54;3; 1.000000, 1.000000, 1.000000;;,
      55;3; 1.000000, 1.000000, 1.000000;;,
      56;3; 1.000000, 1.000000, 1.000000;;,
      57;3; 1.000000, 1.000000, 1.000000;;,
      58;3; 1.000000, 1.000000, 1.000000;;,
      59;3; 1.000000, 1.000000, 1.000000;;,
      60;3; 1.000000, 1.000000, 1.000000;;,
      61;3; 1.000000, 1.000000, 1.000000;;,
      62;3; 1.000000, 1.000000, 1.000000;;,
      63;3; 1.000000, 1.000000, 1.000000;;,
      64;3; 1.000000, 1.000000, 1.000000;;,
      65;3; 1.000000, 1.000000, 1.000000;;,
      66;3; 1.000000, 1.000000, 1.000000;;,
      67;3; 1.000000, 1.000000, 1.000000;;,
      68;3; 1.000000, 1.000000, 1.000000;;,
      69;3; 1.000000, 1.000000, 1.000000;;,
      70;3; 1.000000, 1.000000, 1.000000;;,
      71;3; 1.000000, 1.000000, 1.000000;;,
      72;3; 1.000000, 1.000000, 1.000000;;,
      73;3; 1.000000, 1.000000, 1.000000;;,
      74;3; 1.000000, 1.000000, 1.000000;;,
      75;3; 1.000000, 1.000000, 1.000000;;,
      76;3; 1.000000, 1.000000, 1.000000;;,
      77;3; 1.000000, 1.000000, 1.000000;;,
      78;3; 1.000000, 1.000000, 1.000000;;,
      79;3; 1.000000, 1.000000, 1.000000;;,
      80;3; 1.000000, 1.000000, 1.000000;;,
      81;3; 1.000000, 1.000000, 1.000000;;,
      82;3; 1.000000, 1.000000, 1.000000;;,
      83;3; 1.000000, 1.000000, 1.000000;;,
      84;3; 1.000000, 1.000000, 1.000000;;,
      85;3; 1.000000, 1.000000, 1.000000;;,
      86;3; 1.000000, 1.000000, 1.000000;;,
      87;3; 1.000000, 1.000000, 1.000000;;,
      88;3; 1.000000, 1.000000, 1.000000;;,
      89;3; 1.000000, 1.000000, 1.000000;;,
      90;3; 1.000000, 1.000000, 1.000000;;,
      91;3; 1.000000, 1.000000, 1.000000;;,
      92;3; 1.000000, 1.000000, 1.000000;;,
      93;3; 1.000000, 1.000000, 1.000000;;,
      94;3; 1.000000, 1.000000, 1.000000;;,
      95;3; 1.000000, 1.000000, 1.000000;;;
    }
    AnimationKey { // Position
      2;
      96;
      0;3;-0.000026,80.532974, 0.000014;;,
      1;3; 0.050921,80.539444,-0.031819;;,
      2;3; 0.101784,80.545677,-0.063625;;,
      3;3; 0.177155,80.547272,-0.099789;;,
      4;3; 0.323418,80.560455,-0.142169;;,
      5;3; 0.497924,80.610008,-0.164480;;,
      6;3; 0.753199,80.677673,-0.221211;;,
      7;3; 1.087976,80.762383,-0.200154;;,
      8;3; 1.470954,80.881378,-0.143297;;,
