xof 0303txt 0032

template XSkinMeshHeader {
  <3cf169ce-ff7c-44ab-93c0-f78f62d172e2>
  WORD nMaxSkinWeightsPerVertex;
  WORD nMaxSkinWeightsPerFace;
  WORD nBones;
}

template SkinWeights {
  <6f0d123b-bad2-4167-a0d0-80224f25fabb>
  STRING transformNodeName;
  DWORD nWeights;
  array DWORD vertexIndices[nWeights];
  array float weights[nWeights];
  Matrix4x4 matrixOffset;
}

Frame Root {
  FrameTransformMatrix {
     1.000000, 0.000000, 0.000000, 0.000000,
     0.000000,-0.000000,-1.000000, 0.000000,
     0.000000, 1.000000,-0.000000, 0.000000,
     0.000000, 0.000000, 0.000000, 1.000000;;
  }
  Frame Armature {
    FrameTransformMatrix {
       0.010000, 0.000000, 0.000000, 0.000000,
       0.000000,-0.000000, 0.010000, 0.000000,
       0.000000,-0.010000,-0.000000, 0.000000,
       0.000000, 0.000000, 0.000000, 1.000000;;
    }
    Frame Armature_mixamorig_Hips {
      FrameTransformMatrix {
         0.998563,-0.036486,-0.039256, 0.000000,
         0.047190, 0.945793, 0.321323, 0.000000,
         0.025404,-0.322713, 0.946156, 0.000000,
        -0.000015,78.106613, 0.000005, 1.000000;;
      }
      Frame Armature_mixamorig_LeftUpLeg {
        FrameTransformMatrix {
          -0.988377,-0.021746, 0.150478, 0.000000,
           0.131754,-0.616303, 0.776487, 0.000000,
           0.075846, 0.787210, 0.612083, 0.000000,
          13.655999,-7.135297, 0.129702, 1.000000;;
        }
        Frame Armature_mixamorig_LeftLeg {
          FrameTransformMatrix {
             0.997451, 0.042586,-0.057246, 0.000000,
            -0.031498,-0.457099,-0.888858, 0.000000,
            -0.064020, 0.888396,-0.454592, 0.000000,
            -0.000003,35.949699,-0.000005, 1.000000;;
          }
          Frame Armature_mixamorig_LeftFoot {
            FrameTransformMatrix {
               0.999887,-0.014351, 0.004448, 0.000000,
               0.000121, 0.303709, 0.952765, 0.000000,
              -0.015024,-0.952657, 0.303676, 0.000000,
               0.000001,34.409225,-0.000002, 1.000000;;
            }
            Frame Armature_mixamorig_LeftToeBase {
              FrameTransformMatrix {
                 0.999436, 0.032163, 0.009661, 0.000000,
                -0.028806, 0.673190, 0.738908, 0.000000,
                 0.017262,-0.738770, 0.673737, 0.000000,
                 0.000001,21.286983,-0.000002, 1.000000;;
              }
              Frame Armature_mixamorig_LeftToe_End {
                FrameTransformMatrix {
                   1.000000, 0.000000,-0.000000, 0.000000,
                  -0.000000, 1.000000,-0.000000, 0.000000,
                  -0.000000, 0.000000, 1.000000, 0.000000,
                  -0.000000,16.881931, 0.000000, 1.000000;;
                }
              } // End of Armature_mixamorig_LeftToe_End
            } // End of Armature_mixamorig_LeftToeBase
          } // End of Armature_mixamorig_LeftFoot
        } // End of Armature_mixamorig_LeftLeg
      } // End of Armature_mixamorig_LeftUpLeg
      Frame Armature_mixamorig_RightUpLeg {
        FrameTransformMatrix {
          -0.988480,-0.067816,-0.135326, 0.000000,
          -0.086446,-0.480863, 0.872614, 0.000000,
          -0.124237, 0.874170, 0.469525, 0.000000,
          -13.656000,-7.135192, 0.129702, 1.000000;;
        }
        Frame Armature_mixamorig_RightLeg {
          FrameTransformMatrix {
             0.967946, 0.251138, 0.003228, 0.000000,
            -0.080133, 0.320984,-0.943688, 0.000000,
            -0.238032, 0.913180, 0.330820, 0.000000,
             0.000001,35.949699,-0.000006, 1.000000;;
          }
          Frame Armature_mixamorig_RightFoot {
            FrameTransformMatrix {
               0.983984,-0.177233,-0.019069, 0.000000,
               0.074138, 0.309616, 0.947967, 0.000000,
              -0.162107,-0.934198, 0.317797, 0.000000,
              -0.000001,34.409225,-0.000001, 1.000000;;
            }
            Frame Armature_mixamorig_RightToeBase {
              FrameTransformMatrix {
                 1.000000, 0.000547, 0.000333, 0.000000,
                -0.000619, 0.693878, 0.720093, 0.000000,
                 0.000163,-0.720093, 0.693878, 0.000000,
                -0.000001,21.286985,-0.000001, 1.000000;;
              }
              Frame Armature_mixamorig_RightToe_End {
                FrameTransformMatrix {
                   1.000000,-0.000000, 0.000000, 0.000000,
                  -0.000000, 1.000000,-0.000000, 0.000000,
                   0.000000, 0.000000, 1.000000, 0.000000,
                   0.000002,16.881929, 0.000000, 1.000000;;
                }
              } // End of Armature_mixamorig_RightToe_End
            } // End of Armature_mixamorig_RightToeBase
          } // End of Armature_mixamorig_RightFoot
        } // End of Armature_mixamorig_RightLeg
      } // End of Armature_mixamorig_RightUpLeg
      Frame Armature_mixamorig_Spine {
        FrameTransformMatrix {
           0.995129, 0.086863, 0.046620, 0.000000,
          -0.098512, 0.894086, 0.436928, 0.000000,
          -0.003729,-0.439393, 0.898287, 0.000000,
          -0.000000,10.763905, 1.243501, 1.000000;;
        }
        Frame Armature_mixamorig_Spine1 {
          FrameTransformMatrix {
             0.992399, 0.072625, 0.099351, 0.000000,
            -0.091398, 0.975559, 0.199829, 0.000000,
            -0.082410,-0.207390, 0.974781, 0.000000,
             0.000000,13.063300, 0.000010, 1.000000;;
          }
          Frame Armature_mixamorig_Spine2 {
            FrameTransformMatrix {
               0.993409, 0.046461, 0.104783, 0.000000,
              -0.080973, 0.931485, 0.354653, 0.000000,
              -0.081126,-0.360800, 0.929108, 0.000000,
              -0.000000,13.020500,-0.000008, 1.000000;;
            }
            Frame Armature_mixamorig_LeftShoulder {
              FrameTransformMatrix {
                -0.171080, 0.052416,-0.983862, 0.000000,
                 0.980427,-0.089697,-0.175262, 0.000000,
                -0.097436,-0.994589,-0.036045, 0.000000,
                 9.553600,16.065403,-5.227798, 1.000000;;
              }
              Frame Armature_mixamorig_LeftArm {
                FrameTransformMatrix {
                   0.703098, 0.471966, 0.531884, 0.000000,
                  -0.695698, 0.611352, 0.377163, 0.000000,
                  -0.147160,-0.635213, 0.758187, 0.000000,
                   0.000004,18.035486,-0.000004, 1.000000;;
                }
                Frame Armature_mixamorig_LeftForeArm {
                  FrameTransformMatrix {
                     0.655279, 0.755387,-0.000003, 0.000000,
                    -0.755387, 0.655279,-0.000017, 0.000000,
                    -0.000011, 0.000014, 1.000000, 0.000000,
                     0.000004,26.415110, 0.000004, 1.000000;;
                  }
                  Frame Armature_mixamorig_LeftHand {
                    FrameTransformMatrix {
                       1.000000,-0.000000,-0.000000, 0.000000,
                       0.000000, 1.000000, 0.000000, 0.000000,
                       0.000000,-0.000000, 1.000000, 0.000000,
                       0.000000,26.753399,-0.000002, 1.000000;;
                    }
                  } // End of Armature_mixamorig_LeftHand
                } // End of Armature_mixamorig_LeftForeArm
              } // End of Armature_mixamorig_LeftArm
            } // End of Armature_mixamorig_LeftShoulder
            Frame Armature_mixamorig_Neck {
              FrameTransformMatrix {
                 0.920440,-0.364585,-0.140952, 0.000000,
                 0.150267, 0.662925,-0.733451, 0.000000,
                 0.360846, 0.653917, 0.664968, 0.000000,
                -0.011900,24.670708, 2.028100, 1.000000;;
              }
              Frame Armature_mixamorig_Head {
                FrameTransformMatrix {
                   0.976420, 0.142758, 0.161939, 0.000000,
                  -0.086811, 0.946461,-0.310926, 0.000000,
                  -0.197656, 0.289537, 0.936537, 0.000000,
                   0.000000, 8.817304, 6.102595, 1.000000;;
                }
                Frame Armature_mixamorig_HeadTop_End {
                  FrameTransformMatrix {
                     1.000000,-0.000000,-0.000000, 0.000000,
                     0.000000, 1.000000,-0.000000, 0.000000,
                     0.000000,-0.000000, 1.000000, 0.000000,
                     0.000000,20.493923,-0.282508, 1.000000;;
                  }
                } // End of Armature_mixamorig_HeadTop_End
              } // End of Armature_mixamorig_Head
            } // End of Armature_mixamorig_Neck
            Frame Armature_mixamorig_RightShoulder {
              FrameTransformMatrix {
                -0.027453,-0.024307, 0.999328, 0.000000,
                -0.998946, 0.037462,-0.026531, 0.000000,
                -0.036792,-0.999002,-0.025310, 0.000000,
                -9.553598,16.065401,-5.227797, 1.000000;;
              }
              Frame Armature_mixamorig_RightArm {
                FrameTransformMatrix {
                   0.819145,-0.436903,-0.371641, 0.000000,
                   0.572995, 0.652696, 0.495645, 0.000000,
                   0.026020,-0.618954, 0.784996, 0.000000,
                   0.000000,17.955095,-0.000003, 1.000000;;
                }
                Frame Armature_mixamorig_RightForeArm {
                  FrameTransformMatrix {
                     0.619730,-0.784815, 0.000003, 0.000000,
                     0.784815, 0.619730,-0.000017, 0.000000,
                     0.000012, 0.000013, 1.000000, 0.000000,
                     0.000009,26.415112, 0.000000, 1.000000;;
                  }
                  Frame Armature_mixamorig_RightHand {
                    FrameTransformMatrix {
                       0.824929, 0.209445,-0.525000, 0.000000,
                      -0.076161, 0.961532, 0.263926, 0.000000,
                       0.560082,-0.177736, 0.809147, 0.000000,
                       0.000003,26.753401, 0.000010, 1.000000;;
                    }
                    Frame Armature_mixamorig_RightHandIndex1 {
                      FrameTransformMatrix {
                         0.951665,-0.306962, 0.010394, 0.000000,
                         0.299808, 0.921071,-0.248481, 0.000000,
                         0.066700, 0.239587, 0.968581, 0.000000,
                         8.654205,18.447777,-1.479599, 1.000000;;
                      }
                      Frame Armature_mixamorig_RightHandIndex2 {
                        FrameTransformMatrix {
                           1.000000,-0.000583,-0.000117, 0.000000,
                           0.000583, 0.922879, 0.385089, 0.000000,
                          -0.000117,-0.385089, 0.922879, 0.000000,
                           0.000000, 7.514404,-0.000004, 1.000000;;
                        }
                        Frame Armature_mixamorig_RightHandIndex3 {
                          FrameTransformMatrix {
                             0.999518,-0.030336,-0.006594, 0.000000,
                             0.030914, 0.953217, 0.300702, 0.000000,
                            -0.002837,-0.300761, 0.953695, 0.000000,
                             0.000001, 7.489395, 0.000003, 1.000000;;
                          }
                          Frame Armature_mixamorig_RightHandIndex4 {
                            FrameTransformMatrix {
                               1.000000,-0.000000, 0.000000, 0.000000,
                               0.000000, 1.000000, 0.000000, 0.000000,
                              -0.000000, 0.000000, 1.000000, 0.000000,
                               0.000000, 6.769706, 0.000000, 1.000000;;
                            }
                          } // End of Armature_mixamorig_RightHandIndex4
                        } // End of Armature_mixamorig_RightHandIndex3
                      } // End of Armature_mixamorig_RightHandIndex2
                    } // End of Armature_mixamorig_RightHandIndex1
                    Frame Armature_mixamorig_RightHandPinky1 {
                      FrameTransformMatrix {
                        -0.066699,-0.239588,-0.968581, 0.000000,
                         0.299808, 0.921071,-0.248481, 0.000000,
                         0.951665,-0.306962, 0.010396, 0.000000,
                        -10.003100,17.507797, 0.477999, 1.000000;;
                      }
                      Frame Armature_mixamorig_RightHandPinky2 {
                        FrameTransformMatrix {
                           0.922880, 0.385089, 0.000117, 0.000000,
                          -0.385089, 0.922879, 0.000584, 0.000000,
                           0.000117,-0.000584, 1.000000, 0.000000,
                          -0.000005, 7.044206, 0.000002, 1.000000;;
                        }
                        Frame Armature_mixamorig_RightHandPinky3 {
                          FrameTransformMatrix {
                             0.976981, 0.213329, 0.000035, 0.000000,
                            -0.213329, 0.976980, 0.000323, 0.000000,
                             0.000035,-0.000323, 1.000000, 0.000000,
                            -0.000003, 7.078896, 0.000001, 1.000000;;
                          }
                          Frame Armature_mixamorig_RightHandPinky4 {
                            FrameTransformMatrix {
                               1.000000,-0.000000,-0.000000, 0.000000,
                               0.000000, 1.000000,-0.000000, 0.000000,
                               0.000000, 0.000000, 1.000000, 0.000000,
                              -0.000006, 7.092999, 0.000001, 1.000000;;
                            }
                          } // End of Armature_mixamorig_RightHandPinky4
                        } // End of Armature_mixamorig_RightHandPinky3
                      } // End of Armature_mixamorig_RightHandPinky2
                    } // End of Armature_mixamorig_RightHandPinky1
                    Frame Armature_mixamorig_RightHandThumb1 {
                      FrameTransformMatrix {
                         0.321163,-0.913671, 0.249115, 0.000000,
                         0.713046, 0.406411, 0.571310, 0.000000,
                        -0.623233,-0.005853, 0.782014, 0.000000,
                         6.163498, 2.492283, 4.446407, 1.000000;;
                      }
                      Frame Armature_mixamorig_RightHandThumb2 {
                        FrameTransformMatrix {
                           0.923011, 0.378513,-0.069133, 0.000000,
                          -0.371692, 0.830665,-0.414538, 0.000000,
                          -0.099481, 0.408319, 0.907402, 0.000000,
                          -0.000007,10.473003,-0.000005, 1.000000;;
                        }
                        Frame Armature_mixamorig_RightHandThumb3 {
                          FrameTransformMatrix {
                             0.974358, 0.224259,-0.018286, 0.000000,
                            -0.220709, 0.936800,-0.271465, 0.000000,
                            -0.043749, 0.268540, 0.962274, 0.000000,
                             0.000002, 8.498791, 0.000004, 1.000000;;
                          }
                          Frame Armature_mixamorig_RightHandThumb4 {
                            FrameTransformMatrix {
                               1.000000,-0.000000, 0.000000, 0.000000,
                               0.000000, 1.000000, 0.000001, 0.000000,
                              -0.000000,-0.000001, 1.000000, 0.000000,
                              -0.000002, 8.025305,-0.000006, 1.000000;;
                            }
                          } // End of Armature_mixamorig_RightHandThumb4
                        } // End of Armature_mixamorig_RightHandThumb3
                      } // End of Armature_mixamorig_RightHandThumb2
                    } // End of Armature_mixamorig_RightHandThumb1
                  } // End of Armature_mixamorig_RightHand
                } // End of Armature_mixamorig_RightForeArm
              } // End of Armature_mixamorig_RightArm
            } // End of Armature_mixamorig_RightShoulder
          } // End of Armature_mixamorig_Spine2
        } // End of Armature_mixamorig_Spine1
      } // End of Armature_mixamorig_Spine
    } // End of Armature_mixamorig_Hips
  } // End of Armature
} // End of Root
AnimationSet Global {
  Animation {
    {Armature}
    AnimationKey { // Rotation
      0;
      27;
      0;4;-0.707107, 0.707107, 0.000000, 0.000000;;,
      1;4;-0.707107, 0.707107, 0.000000, 0.000000;;,
      2;4;-0.707107, 0.707107, 0.000000, 0.000000;;,
      3;4;-0.707107, 0.707107, 0.000000, 0.000000;;,
      4;4;-0.707107, 0.707107, 0.000000, 0.000000;;,
      5;4;-0.707107, 0.707107, 0.000000, 0.000000;;,
      6;4;-0.707107, 0.707107, 0.000000, 0.000000;;,
      7;4;-0.707107, 0.707107, 0.000000, 0.000000;;,
      8;4;-0.707107, 0.707107, 0.000000, 0.000000;;,
      9;4;-0.707107, 0.707107, 0.000000, 0.000000;;,
      10;4;-0.707107, 0.707107, 0.000000, 0.000000;;,
      11;4;-0.707107, 0.707107, 0.000000, 0.000000;;,
      12;4;-0.707107, 0.707107, 0.000000, 0.000000;;,
      13;4;-0.707107, 0.707107, 0.000000, 0.000000;;,
      14;4;-0.707107, 0.707107, 0.000000, 0.000000;;,
      15;4;-0.707107, 0.707107, 0.000000, 0.000000;;,
      16;4;-0.707107, 0.707107, 0.000000, 0.000000;;,
      17;4;-0.707107, 0.707107, 0.000000, 0.000000;;,
      18;4;-0.707107, 0.707107, 0.000000, 0.000000;;,
      19;4;-0.707107, 0.707107, 0.000000, 0.000000;;,
      20;4;-0.707107, 0.707107, 0.000000, 0.000000;;,
      21;4;-0.707107, 0.707107, 0.000000, 0.000000;;,
      22;4;-0.707107, 0.707107, 0.000000, 0.000000;;,
      23;4;-0.707107, 0.707107, 0.000000, 0.000000;;,
      24;4;-0.707107, 0.707107, 0.000000, 0.000000;;,
      25;4;-0.707107, 0.707107, 0.000000, 0.000000;;,
      26;4;-0.707107, 0.707107, 0.000000, 0.000000;;;
    }
    AnimationKey { // Scale
      1;
      27;
      0;3; 0.010000, 0.010000, 0.010000;;,
      1;3; 0.010000, 0.010000, 0.010000;;,
      2;3; 0.010000, 0.010000, 0.010000;;,
      3;3; 0.010000, 0.010000, 0.010000;;,
      4;3; 0.010000, 0.010000, 0.010000;;,
      5;3; 0.010000, 0.010000, 0.010000;;,
      6;3; 0.010000, 0.010000, 0.010000;;,
      7;3; 0.010000, 0.010000, 0.010000;;,
      8;3; 0.010000, 0.010000, 0.010000;;,
      9;3; 0.010000, 0.010000, 0.010000;;,
      10;3; 0.010000, 0.010000, 0.010000;;,
      11;3; 0.010000, 0.010000, 0.010000;;,
      12;3; 0.010000, 0.010000, 0.010000;;,
      13;3; 0.010000, 0.010000, 0.010000;;,
      14;3; 0.010000, 0.010000, 0.010000;;,
      15;3; 0.010000, 0.010000, 0.010000;;,
      16;3; 0.010000, 0.010000, 0.010000;;,
      17;3; 0.010000, 0.010000, 0.010000;;,
      18;3; 0.010000, 0.010000, 0.010000;;,
      19;3; 0.010000, 0.010000, 0.010000;;,
      20;3; 0.010000, 0.010000, 0.010000;;,
      21;3; 0.010000, 0.010000, 0.010000;;,
      22;3; 0.010000, 0.010000, 0.010000;;,
      23;3; 0.010000, 0.010000, 0.010000;;,
      24;3; 0.010000, 0.010000, 0.010000;;,
      25;3; 0.010000, 0.010000, 0.010000;;,
      26;3; 0.010000, 0.010000, 0.010000;;;
    }
    AnimationKey { // Position
      2;
      27;
      0;3; 0.000000, 0.000000, 0.000000;;,
      1;3; 0.000000, 0.000000, 0.000000;;,
      2;3; 0.000000, 0.000000, 0.000000;;,
      3;3; 0.000000, 0.000000, 0.000000;;,
      4;3; 0.000000, 0.000000, 0.000000;;,
      5;3; 0.000000, 0.000000, 0.000000;;,
      6;3; 0.000000, 0.000000, 0.000000;;,
      7;3; 0.000000, 0.000000, 0.000000;;,
      8;3; 0.000000, 0.000000, 0.000000;;,
      9;3; 0.000000, 0.000000, 0.000000;;,
      10;3; 0.000000, 0.000000, 0.000000;;,
      11;3; 0.000000, 0.000000, 0.000000;;,
      12;3; 0.000000, 0.000000, 0.000000;;,
      13;3; 0.000000, 0.000000, 0.000000;;,
      14;3; 0.000000, 0.000000, 0.000000;;,
      15;3; 0.000000, 0.000000, 0.000000;;,
      16;3; 0.000000, 0.000000, 0.000000;;,
      17;3; 0.000000, 0.000000, 0.000000;;,
      18;3; 0.000000, 0.000000, 0.000000;;,
      19;3; 0.000000, 0.000000, 0.000000;;,
      20;3; 0.000000, 0.000000, 0.000000;;,
      21;3; 0.000000, 0.000000, 0.000000;;,
      22;3; 0.000000, 0.000000, 0.000000;;,
      23;3; 0.000000, 0.000000, 0.000000;;,
      24;3; 0.000000, 0.000000, 0.000000;;,
      25;3; 0.000000, 0.000000, 0.000000;;,
      26;3; 0.000000, 0.000000, 0.000000;;;
    }
  }
  Animation {
    {Armature_mixamorig_Hips}
    AnimationKey { // Rotation
      0;
      27;
      0;4;-0.983810, 0.174401,-0.041264,-0.000255;;,
      1;4;-0.980927, 0.184301,-0.060877, 0.010421;;,
      2;4;-0.977294, 0.196107,-0.078171, 0.018123;;,
      3;4;-0.972641, 0.213044,-0.090220, 0.021043;;,
      4;4;-0.966227, 0.238075,-0.096619, 0.019755;;,
      5;4;-0.960794, 0.258490,-0.098826, 0.017084;;,
      6;4;-0.958913, 0.264499,-0.101386, 0.015726;;,
      7;4;-0.959902, 0.258386,-0.107412, 0.016968;;,
      8;4;-0.962516, 0.245262,-0.114653, 0.016237;;,
      9;4;-0.967239, 0.225939,-0.114961, 0.013604;;,
      10;4;-0.971100, 0.216636,-0.098941, 0.015663;;,
      11;4;-0.973110, 0.220412,-0.062635, 0.023486;;,
      12;4;-0.977169, 0.210105,-0.013812, 0.028403;;,
      13;4;-0.979477, 0.197048, 0.030810, 0.029124;;,
      14;4;-0.980556, 0.185657, 0.058421, 0.025082;;,
      15;4;-0.982179, 0.176403, 0.062679, 0.016670;;,
      16;4;-0.982355, 0.179285, 0.052749, 0.007351;;,
      17;4;-0.982130, 0.183474, 0.041928, 0.000040;;,
      18;4;-0.982148, 0.184125, 0.038271,-0.004394;;,
      19;4;-0.982332, 0.181975, 0.043184,-0.006686;;,
      20;4;-0.983217, 0.175578, 0.048247,-0.011387;;,
      21;4;-0.984882, 0.166215, 0.045887,-0.016552;;,
      22;4;-0.986781, 0.157326, 0.033482,-0.019760;;,
      23;4;-0.986219, 0.163259, 0.016391,-0.021211;;,
      24;4;-0.986206, 0.164465,-0.002112,-0.018581;;,
      25;4;-0.985598, 0.167362,-0.021342,-0.011435;;,
      26;4;-0.983809, 0.174404,-0.041265,-0.000273;;;
    }
    AnimationKey { // Scale
      1;
      27;
      0;3; 1.000000, 1.000000, 1.000000;;,
      1;3; 1.000000, 1.000000, 1.000000;;,
      2;3; 1.000000, 1.000000, 1.000000;;,
      3;3; 1.000000, 1.000000, 1.000000;;,
      4;3; 1.000000, 1.000000, 1.000000;;,
      5;3; 1.000000, 1.000000, 1.000000;;,
      6;3; 1.000000, 1.000000, 1.000000;;,
      7;3; 1.000000, 1.000000, 1.000000;;,
      8;3; 1.000000, 1.000000, 1.000000;;,
      9;3; 1.000000, 1.000000, 1.000000;;,
      10;3; 1.000000, 1.000000, 1.000000;;,
      11;3; 1.000000, 1.000000, 1.000000;;,
      12;3; 1.000000, 1.000000, 1.000000;;,
      13;3; 1.000000, 1.000000, 1.000000;;,
      14;3; 1.000000, 1.000000, 1.000000;;,
      15;3; 1.000000, 1.000000, 1.000000;;,
      16;3; 1.000000, 1.000000, 1.000000;;,
      17;3; 1.000000, 1.000000, 1.000000;;,
      18;3; 1.000000, 1.000000, 1.000000;;,
      19;3; 1.000000, 1.000000, 1.000000;;,
      20;3; 1.000000, 1.000000, 1.000000;;,
      21;3; 1.000000, 1.000000, 1.000000;;,
      22;3; 1.000000, 1.000000, 1.000000;;,
      23;3; 1.000000, 1.000000, 1.000000;;,
      24;3; 1.000000, 1.000000, 1.000000;;,
      25;3; 1.000000, 1.000000, 1.000000;;,
      26;3; 1.000000, 1.000000, 1.000000;;;
    }
    AnimationKey { // Position
      2;
      27;
      0;3;-0.000021,81.440765, 0.000005;;,
      1;3;-0.000024,83.313927, 0.000005;;,
      2;3;-0.000027,84.976608, 0.000005;;,
      3;3;-0.000030,86.573875, 0.000005;;,
      4;3;-0.000032,87.983383, 0.000005;;,
      5;3;-0.000034,89.154663, 0.000005;;,
      6;3;-0.000036,90.094833, 0.000005;;,
      7;3;-0.000037,90.731728, 0.000005;;,
      8;3;-0.000036,90.298462, 0.000005;;,
      9;3;-0.000032,87.602913, 0.000005;;,
      10;3;-0.000022,82.131584, 0.000005;;,
      11;3;-0.000013,77.143280, 0.000005;;,
      12;3;-0.000011,75.972878, 0.000005;;,
      13;3;-0.000015,77.750122, 0.000005;;,
      14;3;-0.000020,80.592896, 0.000005;;,
      15;3;-0.000025,83.822456, 0.000005;;,
      16;3;-0.000031,87.204590, 0.000005;;,
      17;3;-0.000036,90.190674, 0.000005;;,
      18;3;-0.000039,91.748604, 0.000005;;,
      19;3;-0.000039,91.882484, 0.000005;;,
      20;3;-0.000034,88.779984, 0.000005;;,
      21;3;-0.000026,84.271637, 0.000005;;,
      22;3;-0.000019,80.037766, 0.000005;;,
      23;3;-0.000015,78.106613, 0.000005;;,
      24;3;-0.000016,78.357140, 0.000005;;,
      25;3;-0.000018,79.610779, 0.000005;;,
      26;3;-0.000021,81.442368, 0.000005;;;
    }
  }
  Animation {
    {Armature_mixamorig_Spine}
    AnimationKey { // Rotation
      0;
      27;
      0;4;-0.974682, 0.217606, 0.044397, 0.025916;;,
      1;4;-0.975235, 0.211144, 0.065442, 0.007169;;,
      2;4;-0.975061, 0.204968, 0.084098,-0.013086;;,
      3;4;-0.974528, 0.198877, 0.098233,-0.033076;;,
      4;4;-0.977790, 0.172761, 0.108488,-0.048078;;,
      5;4;-0.979756, 0.152006, 0.115796,-0.059689;;,
      6;4;-0.979809, 0.141312, 0.121554,-0.072323;;,
      7;4;-0.978039, 0.139657, 0.125322,-0.090717;;,
      8;4;-0.975598, 0.146350, 0.127249,-0.102946;;,
      9;4;-0.974327, 0.156553, 0.125980,-0.101528;;,
      10;4;-0.974616, 0.166285, 0.117625,-0.092938;;,
      11;4;-0.976421, 0.176025, 0.094183,-0.082139;;,
      12;4;-0.979033, 0.185562, 0.056952,-0.061789;;,
      13;4;-0.979464, 0.196416, 0.020091,-0.040839;;,
      14;4;-0.977637, 0.209186,-0.007336,-0.020310;;,
      15;4;-0.975454, 0.218893,-0.023515,-0.004754;;,
      16;4;-0.975509, 0.217395,-0.033000, 0.005780;;,
      17;4;-0.976529, 0.210564,-0.041919, 0.017218;;,
      18;4;-0.977717, 0.201857,-0.050142, 0.028451;;,
      19;4;-0.978639, 0.193697,-0.056234, 0.039822;;,
      20;4;-0.979082, 0.188740,-0.056553, 0.050759;;,
      21;4;-0.978598, 0.191462,-0.048669, 0.057619;;,
      22;4;-0.975813, 0.209508,-0.030875, 0.054237;;,
      23;4;-0.973075, 0.225142,-0.012935, 0.047626;;,
      24;4;-0.973201, 0.225763, 0.006177, 0.043280;;,
      25;4;-0.974396, 0.220422, 0.025432, 0.036330;;,
      26;4;-0.974681, 0.217610, 0.044414, 0.025900;;;
    }
    AnimationKey { // Scale
      1;
      27;
      0;3; 1.000000, 1.000000, 1.000000;;,
      1;3; 1.000000, 1.000000, 1.000000;;,
      2;3; 1.000000, 1.000000, 1.000000;;,
      3;3; 1.000000, 1.000000, 1.000000;;,
      4;3; 1.000000, 1.000000, 1.000000;;,
      5;3; 1.000000, 1.000000, 1.000000;;,
      6;3; 1.000000, 1.000000, 1.000000;;,
      7;3; 1.000000, 1.000000, 1.000000;;,
      8;3; 1.000000, 1.000000, 1.000000;;,
      9;3; 1.000000, 1.000000, 1.000000;;,
      10;3; 1.000000, 1.000000, 1.000000;;,
      11;3; 1.000000, 1.000000, 1.000000;;,
      12;3; 1.000000, 1.000000, 1.000000;;,
      13;3; 1.000000, 1.000000, 1.000000;;,
      14;3; 1.000000, 1.000000, 1.000000;;,
      15;3; 1.000000, 1.000000, 1.000000;;,
      16;3; 1.000000, 1.000000, 1.000000;;,
      17;3; 1.000000, 1.000000, 1.000000;;,
      18;3; 1.000000, 1.000000, 1.000000;;,
      19;3; 1.000000, 1.000000, 1.000000;;,
      20;3; 1.000000, 1.000000, 1.000000;;,
      21;3; 1.000000, 1.000000, 1.000000;;,
      22;3; 1.000000, 1.000000, 1.000000;;,
      23;3; 1.000000, 1.000000, 1.000000;;,
      24;3; 1.000000, 1.000000, 1.000000;;,
      25;3; 1.000000, 1.000000, 1.000000;;,
      26;3; 1.000000, 1.000000, 1.000000;;;
    }
    AnimationKey { // Position
      2;
      27;
      0;3; 0.000000,10.763903, 1.243498;;,
      1;3; 0.000000,10.763898, 1.243497;;,
      2;3;-0.000000,10.763907, 1.243500;;,
      3;3;-0.000000,10.763900, 1.243504;;,
      4;3; 0.000000,10.763901, 1.243499;;,
      5;3;-0.000000,10.763904, 1.243504;;,
      6;3; 0.000000,10.763899, 1.243504;;,
      7;3; 0.000001,10.763912, 1.243502;;,
      8;3;-0.000001,10.763903, 1.243500;;,
      9;3; 0.000000,10.763906, 1.243500;;,
      10;3; 0.000000,10.763899, 1.243499;;,
      11;3; 0.000001,10.763913, 1.243505;;,
      12;3; 0.000001,10.763912, 1.243502;;,
      13;3;-0.000001,10.763904, 1.243502;;,
      14;3; 0.000000,10.763911, 1.243496;;,
      15;3;-0.000001,10.763904, 1.243497;;,
      16;3; 0.000000,10.763894, 1.243502;;,
      17;3; 0.000000,10.763905, 1.243499;;,
      18;3; 0.000000,10.763891, 1.243500;;,
      19;3;-0.000000,10.763909, 1.243502;;,
      20;3;-0.000000,10.763909, 1.243501;;,
      21;3;-0.000000,10.763903, 1.243498;;,
      22;3;-0.000000,10.763903, 1.243499;;,
      23;3;-0.000000,10.763905, 1.243501;;,
      24;3;-0.000000,10.763906, 1.243501;;,
      25;3; 0.000000,10.763890, 1.243502;;,
      26;3; 0.000000,10.763893, 1.243496;;;
    }
  }
  Animation {
    {Armature_mixamorig_Spine1}
    AnimationKey { // Rotation
      0;
      27;
      0;4;-0.993973, 0.100106,-0.012480, 0.042894;;,
      1;4;-0.994943, 0.094285,-0.004128, 0.034373;;,
      2;4;-0.995798, 0.088235, 0.003391, 0.024301;;,
      3;4;-0.996434, 0.082631, 0.010340, 0.013618;;,
      4;4;-0.997377, 0.070097, 0.017230, 0.005312;;,
      5;4;-0.998018, 0.058145, 0.024070, 0.000926;;,
      6;4;-0.998293, 0.049980, 0.030136,-0.002013;;,
      7;4;-0.998195, 0.048466, 0.034650,-0.007547;;,
      8;4;-0.997804, 0.053639, 0.036342,-0.013730;;,
      9;4;-0.997396, 0.060899, 0.034326,-0.017717;;,
      10;4;-0.997078, 0.067813, 0.028500,-0.020615;;,
      11;4;-0.996799, 0.074889, 0.018715,-0.020805;;,
      12;4;-0.996528, 0.081862, 0.005824,-0.014032;;,
      13;4;-0.996005, 0.088868,-0.007344,-0.004736;;,
      14;4;-0.995212, 0.095648,-0.019210, 0.006036;;,
      15;4;-0.994351, 0.100680,-0.029924, 0.015279;;,
      16;4;-0.993804, 0.101574,-0.040232, 0.020435;;,
      17;4;-0.993621, 0.098260,-0.050296, 0.023062;;,
      18;4;-0.993776, 0.091168,-0.059755, 0.022963;;,
      19;4;-0.994278, 0.080123,-0.066850, 0.022868;;,
      20;4;-0.994611, 0.073249,-0.068979, 0.025017;;,
      21;4;-0.994482, 0.076304,-0.065509, 0.029869;;,
      22;4;-0.993462, 0.092546,-0.057044, 0.034861;;,
      23;4;-0.992817, 0.102541,-0.045769, 0.041303;;,
      24;4;-0.992728, 0.105625,-0.033178, 0.047256;;,
      25;4;-0.993244, 0.103103,-0.021520, 0.048707;;,
      26;4;-0.993974, 0.100111,-0.012481, 0.042878;;;
    }
    AnimationKey { // Scale
      1;
      27;
      0;3; 1.000000, 1.000000, 1.000000;;,
      1;3; 1.000000, 1.000000, 1.000000;;,
      2;3; 1.000000, 1.000000, 1.000000;;,
      3;3; 1.000000, 1.000000, 1.000000;;,
      4;3; 1.000000, 1.000000, 1.000000;;,
      5;3; 1.000000, 1.000000, 1.000000;;,
      6;3; 1.000000, 1.000000, 1.000000;;,
      7;3; 1.000000, 1.000000, 1.000000;;,
      8;3; 1.000000, 1.000000, 1.000000;;,
      9;3; 1.000000, 1.000000, 1.000000;;,
      10;3; 1.000000, 1.000000, 1.000000;;,
      11;3; 1.000000, 1.000000, 1.000000;;,
      12;3; 1.000000, 1.000000, 1.000000;;,
      13;3; 1.000000, 1.000000, 1.000000;;,
      14;3; 1.000000, 1.000000, 1.000000;;,
      15;3; 1.000000, 1.000000, 1.000000;;,
      16;3; 1.000000, 1.000000, 1.000000;;,
      17;3; 1.000000, 1.000000, 1.000000;;,
      18;3; 1.000000, 1.000000, 1.000000;;,
      19;3; 1.000000, 1.000000, 1.000000;;,
      20;3; 1.000000, 1.000000, 1.000000;;,
      21;3; 1.000000, 1.000000, 1.000000;;,
      22;3; 1.000000, 1.000000, 1.000000;;,
      23;3; 1.000000, 1.000000, 1.000000;;,
      24;3; 1.000000, 1.000000, 1.000000;;,
      25;3; 1.000000, 1.000000, 1.000000;;,
      26;3; 1.000000, 1.000000, 1.000000;;;
    }
    AnimationKey { // Position
      2;
      27;
      0;3;-0.000001,13.063299, 0.000004;;,
      1;3; 0.000000,13.063316,-0.000003;;,
      2;3;-0.000000,13.063308, 0.000003;;,
      3;3;-0.000001,13.063310, 0.000006;;,
      4;3;-0.000000,13.063303, 0.000003;;,
      5;3; 0.000000,13.063312,-0.000003;;,
      6;3; 0.000000,13.063308,-0.000010;;,
      7;3; 0.000000,13.063302, 0.000002;;,
      8;3; 0.000001,13.063308, 0.000006;;,
      9;3; 0.000000,13.063304,-0.000003;;,
      10;3; 0.000001,13.063293, 0.000003;;,
      11;3; 0.000000,13.063307, 0.000004;;,
      12;3; 0.000000,13.063294, 0.000007;;,
      13;3;-0.000000,13.063307, 0.000005;;,
      14;3; 0.000000,13.063309, 0.000005;;,
      15;3; 0.000000,13.063312,-0.000008;;,
      16;3; 0.000000,13.063299,-0.000000;;,
      17;3;-0.000000,13.063299,-0.000001;;,
      18;3;-0.000000,13.063306, 0.000005;;,
      19;3; 0.000000,13.063311, 0.000007;;,
      20;3; 0.000001,13.063311,-0.000003;;,
      21;3; 0.000000,13.063298,-0.000004;;,
      22;3; 0.000000,13.063306, 0.000002;;,
      23;3; 0.000000,13.063300, 0.000010;;,
      24;3;-0.000000,13.063300, 0.000002;;,
      25;3; 0.000000,13.063310, 0.000001;;,
      26;3; 0.000001,13.063309, 0.000006;;;
    }
  }
  Animation {
    {Armature_mixamorig_Spine2}
    AnimationKey { // Rotation
      0;
      27;
      0;4;-0.982946, 0.179729,-0.010069, 0.037605;;,
      1;4;-0.984299, 0.173901,-0.002669, 0.030118;;,
      2;4;-0.985623, 0.167584, 0.003750, 0.021178;;,
      3;4;-0.986732, 0.161651, 0.009622, 0.011668;;,
      4;4;-0.988694, 0.149014, 0.016142, 0.004196;;,
      5;4;-0.990283, 0.137088, 0.023375, 0.000407;;,
      6;4;-0.991206, 0.128876, 0.029964,-0.002135;;,
      7;4;-0.991225, 0.127378, 0.034530,-0.007459;;,
      8;4;-0.990430, 0.132465, 0.036239,-0.013709;;,
      9;4;-0.989460, 0.139421, 0.034546,-0.018351;;,
      10;4;-0.988606, 0.146039, 0.028637,-0.022594;;,
      11;4;-0.987772, 0.152892, 0.018718,-0.024074;;,
      12;4;-0.986923, 0.159996, 0.007017,-0.018294;;,
      13;4;-0.985848, 0.167273,-0.004744,-0.010086;;,
      14;4;-0.984556, 0.174396,-0.015331,-0.000531;;,
      15;4;-0.983326, 0.179921,-0.025312, 0.007638;;,
      16;4;-0.982716, 0.181210,-0.035894, 0.011974;;,
      17;4;-0.982788, 0.178210,-0.046679, 0.013820;;,
      18;4;-0.983473, 0.171214,-0.057385, 0.013135;;,
      19;4;-0.984824, 0.160156,-0.065578, 0.013075;;,
      20;4;-0.985690, 0.153205,-0.068581, 0.015487;;,
      21;4;-0.985318, 0.156180,-0.065911, 0.020281;;,
      22;4;-0.983002, 0.172101,-0.058867, 0.024964;;,
      23;4;-0.981581, 0.182220,-0.047349, 0.032456;;,
      24;4;-0.981372, 0.185061,-0.033028, 0.039632;;,
      25;4;-0.982088, 0.182587,-0.019476, 0.042268;;,
      26;4;-0.982945, 0.179734,-0.010075, 0.037590;;;
    }
    AnimationKey { // Scale
      1;
      27;
      0;3; 1.000000, 1.000000, 1.000000;;,
      1;3; 1.000000, 1.000000, 1.000000;;,
      2;3; 1.000000, 1.000000, 1.000000;;,
      3;3; 1.000000, 1.000000, 1.000000;;,
      4;3; 1.000000, 1.000000, 1.000000;;,
      5;3; 1.000000, 1.000000, 1.000000;;,
      6;3; 1.000000, 1.000000, 1.000000;;,
      7;3; 1.000000, 1.000000, 1.000000;;,
      8;3; 1.000000, 1.000000, 1.000000;;,
      9;3; 1.000000, 1.000000, 1.000000;;,
      10;3; 1.000000, 1.000000, 1.000000;;,
      11;3; 1.000000, 1.000000, 1.000000;;,
      12;3; 1.000000, 1.000000, 1.000000;;,
      13;3; 1.000000, 1.000000, 1.000000;;,
      14;3; 1.000000, 1.000000, 1.000000;;,
      15;3; 1.000000, 1.000000, 1.000000;;,
      16;3; 1.000000, 1.000000, 1.000000;;,
      17;3; 1.000000, 1.000000, 1.000000;;,
      18;3; 1.000000, 1.000000, 1.000000;;,
      19;3; 1.000000, 1.000000, 1.000000;;,
      20;3; 1.000000, 1.000000, 1.000000;;,
      21;3; 1.000000, 1.000000, 1.000000;;,
      22;3; 1.000000, 1.000000, 1.000000;;,
      23;3; 1.000000, 1.000000, 1.000000;;,
      24;3; 1.000000, 1.000000, 1.000000;;,
      25;3; 1.000000, 1.000000, 1.000000;;,
      26;3; 1.000000, 1.000000, 1.000000;;;
    }
    AnimationKey { // Position
      2;
      27;
      0;3;-0.000001,13.020509,-0.000006;;,
      1;3; 0.000001,13.020504,-0.000001;;,
      2;3; 0.000000,13.020502,-0.000016;;,
      3;3;-0.000000,13.020489,-0.000010;;,
      4;3;-0.000000,13.020495,-0.000004;;,
      5;3; 0.000000,13.020496, 0.000006;;,
      6;3; 0.000001,13.020492,-0.000002;;,
      7;3; 0.000001,13.020497,-0.000008;;,
      8;3; 0.000000,13.020506, 0.000001;;,
      9;3; 0.000000,13.020502, 0.000007;;,
      10;3; 0.000000,13.020498, 0.000003;;,
      11;3; 0.000001,13.020501,-0.000006;;,
      12;3;-0.000000,13.020504, 0.000011;;,
      13;3; 0.000000,13.020493, 0.000008;;,
      14;3;-0.000001,13.020509,-0.000004;;,
      15;3; 0.000000,13.020496,-0.000003;;,
      16;3;-0.000000,13.020501,-0.000017;;,
      17;3;-0.000000,13.020513,-0.000008;;,
      18;3; 0.000000,13.020504, 0.000009;;,
      19;3;-0.000001,13.020505,-0.000011;;,
      20;3;-0.000000,13.020500, 0.000002;;,
      21;3; 0.000001,13.020507,-0.000002;;,
      22;3;-0.000001,13.020496,-0.000000;;,
      23;3;-0.000000,13.020500,-0.000008;;,
      24;3; 0.000001,13.020504, 0.000005;;,
      25;3;-0.000001,13.020492, 0.000006;;,
      26;3;-0.000000,13.020498,-0.000006;;;
    }
  }
  Animation {
    {Armature_mixamorig_Neck}
    AnimationKey { // Rotation
      0;
      27;
      0;4;-0.885319,-0.420133, 0.121664,-0.157790;;,
      1;4;-0.898871,-0.400852, 0.111193,-0.137783;;,
      2;4;-0.898774,-0.411817, 0.098855,-0.113318;;,
      3;4;-0.895031,-0.430983, 0.080619,-0.081690;;,
      4;4;-0.913541,-0.398773, 0.062645,-0.049982;;,
      5;4;-0.942278,-0.331064, 0.046844,-0.017729;;,
      6;4;-0.958732,-0.281925, 0.029866, 0.021431;;,
      7;4;-0.961689,-0.266568, 0.018535, 0.061259;;,
      8;4;-0.956869,-0.274791, 0.016908, 0.092762;;,
      9;4;-0.951069,-0.288315, 0.024060, 0.108461;;,
      10;4;-0.932419,-0.344545, 0.032145, 0.104165;;,
      11;4;-0.893969,-0.435726, 0.037007, 0.097946;;,
      12;4;-0.882287,-0.456539, 0.045560, 0.105195;;,
      13;4;-0.895629,-0.428217, 0.063666, 0.102108;;,
      14;4;-0.897600,-0.426014, 0.087762, 0.071588;;,
      15;4;-0.893620,-0.432263, 0.117711, 0.027139;;,
      16;4;-0.897997,-0.413429, 0.149300,-0.019672;;,
      17;4;-0.911653,-0.367594, 0.172819,-0.062431;;,
      18;4;-0.927203,-0.312305, 0.181344,-0.099375;;,
      19;4;-0.937802,-0.269367, 0.176025,-0.130325;;,
      20;4;-0.941289,-0.255087, 0.163788,-0.148594;;,
      21;4;-0.936351,-0.279940, 0.151173,-0.148419;;,
      22;4;-0.919687,-0.338154, 0.142430,-0.139790;;,
      23;4;-0.901157,-0.384885, 0.139209,-0.142831;;,
      24;4;-0.894686,-0.395642, 0.137790,-0.154976;;,
      25;4;-0.892251,-0.399533, 0.133522,-0.162584;;,
      26;4;-0.885659,-0.419953, 0.124300,-0.154265;;;
    }
    AnimationKey { // Scale
      1;
      27;
      0;3; 1.000000, 1.000000, 1.000000;;,
      1;3; 1.000000, 1.000000, 1.000000;;,
      2;3; 1.000000, 1.000000, 1.000000;;,
      3;3; 1.000000, 1.000000, 1.000000;;,
      4;3; 1.000000, 1.000000, 1.000000;;,
      5;3; 1.000000, 1.000000, 1.000000;;,
      6;3; 1.000000, 1.000000, 1.000000;;,
      7;3; 1.000000, 1.000000, 1.000000;;,
      8;3; 1.000000, 1.000000, 1.000000;;,
      9;3; 1.000000, 1.000000, 1.000000;;,
      10;3; 1.000000, 1.000000, 1.000000;;,
      11;3; 1.000000, 1.000000, 1.000000;;,
      12;3; 1.000000, 1.000000, 1.000000;;,
      13;3; 1.000000, 1.000000, 1.000000;;,
      14;3; 1.000000, 1.000000, 1.000000;;,
      15;3; 1.000000, 1.000000, 1.000000;;,
      16;3; 1.000000, 1.000000, 1.000000;;,
      17;3; 1.000000, 1.000000, 1.000000;;,
      18;3; 1.000000, 1.000000, 1.000000;;,
      19;3; 1.000000, 1.000000, 1.000000;;,
      20;3; 1.000000, 1.000000, 1.000000;;,
      21;3; 1.000000, 1.000000, 1.000000;;,
      22;3; 1.000000, 1.000000, 1.000000;;,
      23;3; 1.000000, 1.000000, 1.000000;;,
      24;3; 1.000000, 1.000000, 1.000000;;,
      25;3; 1.000000, 1.000000, 1.000000;;,
      26;3; 1.000000, 1.000000, 1.000000;;;
    }
    AnimationKey { // Position
      2;
      27;
      0;3;-0.011901,24.670700, 2.028101;;,
      1;3;-0.011899,24.670706, 2.028100;;,
      2;3;-0.011904,24.670698, 2.028101;;,
      3;3;-0.011900,24.670702, 2.028096;;,
      4;3;-0.011901,24.670706, 2.028100;;,
      5;3;-0.011902,24.670710, 2.028095;;,
      6;3;-0.011901,24.670696, 2.028097;;,
      7;3;-0.011899,24.670689, 2.028100;;,
      8;3;-0.011900,24.670706, 2.028101;;,
      9;3;-0.011900,24.670700, 2.028101;;,
      10;3;-0.011899,24.670700, 2.028094;;,
      11;3;-0.011899,24.670696, 2.028090;;,
      12;3;-0.011899,24.670702, 2.028096;;,
      13;3;-0.011900,24.670704, 2.028105;;,
      14;3;-0.011900,24.670702, 2.028106;;,
      15;3;-0.011900,24.670706, 2.028099;;,
      16;3;-0.011901,24.670700, 2.028091;;,
      17;3;-0.011899,24.670700, 2.028100;;,
      18;3;-0.011902,24.670702, 2.028103;;,
      19;3;-0.011901,24.670706, 2.028098;;,
