xof 0303txt 0032

template XSkinMeshHeader {
  <3cf169ce-ff7c-44ab-93c0-f78f62d172e2>
  WORD nMaxSkinWeightsPerVertex;
  WORD nMaxSkinWeightsPerFace;
  WORD nBones;
}

template SkinWeights {
  <6f0d123b-bad2-4167-a0d0-80224f25fabb>
  STRING transformNodeName;
  DWORD nWeights;
  array DWORD vertexIndices[nWeights];
  array float weights[nWeights];
  Matrix4x4 matrixOffset;
}

Frame Root {
  FrameTransformMatrix {
     1.000000, 0.000000, 0.000000, 0.000000,
     0.000000,-0.000000,-1.000000, 0.000000,
     0.000000, 1.000000,-0.000000, 0.000000,
     0.000000, 0.000000, 0.000000, 1.000000;;
  }
  Frame Armature {
    FrameTransformMatrix {
       0.150000, 0.000000, 0.000000, 0.000000,
       0.000000,-0.000000, 0.150000, 0.000000,
       0.000000,-0.150000,-0.000000, 0.000000,
       0.000000, 0.000000, 0.000000, 1.000000;;
    }
    Frame Armature_mixamorig_Hips {
      FrameTransformMatrix {
         0.989618, 0.108453,-0.094308, 0.000000,
        -0.096985, 0.988183, 0.118694, 0.000000,
         0.106066,-0.108315, 0.988442, 0.000000,
         2.563421,91.180527,-1.510995, 1.000000;;
      }
      Frame Armature_mixamorig_LeftUpLeg {
        FrameTransformMatrix {
          -0.993756, 0.063745, 0.091587, 0.000000,
           0.000167,-0.819887, 0.572578, 0.000000,
           0.111578, 0.568966, 0.814855, 0.000000,
          13.656001,-7.135290, 0.129700, 1.000000;;
        }
        Frame Armature_mixamorig_LeftLeg {
          FrameTransformMatrix {
             0.985049,-0.162327,-0.057687, 0.000000,
             0.017321, 0.426489,-0.904327, 0.000000,
             0.171400, 0.889807, 0.422925, 0.000000,
            -0.000003,35.949707,-0.000001, 1.000000;;
          }
          Frame Armature_mixamorig_LeftFoot {
            FrameTransformMatrix {
               0.994947,-0.100398,-0.000388, 0.000000,
               0.050285, 0.494973, 0.867452, 0.000000,
              -0.086898,-0.863088, 0.497521, 0.000000,
              -0.000003,34.409225, 0.000001, 1.000000;;
            }
            Frame Armature_mixamorig_LeftToeBase {
              FrameTransformMatrix {
                 0.999992, 0.003877,-0.000542, 0.000000,
                -0.002280, 0.689437, 0.724342, 0.000000,
                 0.003182,-0.724335, 0.689441, 0.000000,
                 0.000001,21.286983, 0.000000, 1.000000;;
              }
              Frame Armature_mixamorig_LeftToe_End {
                FrameTransformMatrix {
                   1.000000, 0.000000, 0.000000, 0.000000,
                  -0.000000, 1.000000,-0.000000, 0.000000,
                  -0.000000, 0.000000, 1.000000, 0.000000,
                  -0.000001,16.881931,-0.000001, 1.000000;;
                }
              } // End of Armature_mixamorig_LeftToe_End
            } // End of Armature_mixamorig_LeftToeBase
          } // End of Armature_mixamorig_LeftFoot
        } // End of Armature_mixamorig_LeftLeg
      } // End of Armature_mixamorig_LeftUpLeg
      Frame Armature_mixamorig_RightUpLeg {
        FrameTransformMatrix {
          -0.975547, 0.139671,-0.169722, 0.000000,
          -0.183558,-0.942422, 0.279568, 0.000000,
          -0.120888, 0.303865, 0.945123, 0.000000,
          -13.655999,-7.135190, 0.129699, 1.000000;;
        }
        Frame Armature_mixamorig_RightLeg {
          FrameTransformMatrix {
             0.990382,-0.083770,-0.110122, 0.000000,
             0.012669, 0.847452,-0.530721, 0.000000,
             0.137782, 0.524221, 0.840362, 0.000000,
            -0.000001,35.949707, 0.000001, 1.000000;;
          }
          Frame Armature_mixamorig_RightFoot {
            FrameTransformMatrix {
               0.993398, 0.113537, 0.016432, 0.000000,
              -0.060169, 0.393697, 0.917269, 0.000000,
               0.097675,-0.912202, 0.397929, 0.000000,
               0.000002,34.409222,-0.000000, 1.000000;;
            }
            Frame Armature_mixamorig_RightToeBase {
              FrameTransformMatrix {
                 1.000000,-0.000267, 0.000168, 0.000000,
                 0.000067, 0.700294, 0.713854, 0.000000,
                -0.000309,-0.713854, 0.700295, 0.000000,
                 0.000000,21.286985, 0.000000, 1.000000;;
              }
              Frame Armature_mixamorig_RightToe_End {
                FrameTransformMatrix {
                   1.000000,-0.000000,-0.000000, 0.000000,
                   0.000000, 1.000000, 0.000000, 0.000000,
                  -0.000000,-0.000000, 1.000000, 0.000000,
                   0.000001,16.881935, 0.000000, 1.000000;;
                }
              } // End of Armature_mixamorig_RightToe_End
            } // End of Armature_mixamorig_RightToeBase
          } // End of Armature_mixamorig_RightFoot
        } // End of Armature_mixamorig_RightLeg
      } // End of Armature_mixamorig_RightUpLeg
      Frame Armature_mixamorig_Spine {
        FrameTransformMatrix {
           0.999516,-0.021775,-0.022238, 0.000000,
           0.023857, 0.994890, 0.098109, 0.000000,
           0.019988,-0.098592, 0.994927, 0.000000,
          -0.000000,10.763907, 1.243499, 1.000000;;
        }
        Frame Armature_mixamorig_Spine1 {
          FrameTransformMatrix {
             0.998244,-0.043384,-0.040343, 0.000000,
             0.046646, 0.995393, 0.083772, 0.000000,
             0.036523,-0.085507, 0.995668, 0.000000,
            -0.000001,13.063306, 0.000003, 1.000000;;
          }
          Frame Armature_mixamorig_Spine2 {
            FrameTransformMatrix {
               0.998292,-0.041092,-0.041522, 0.000000,
               0.049901, 0.969391, 0.240397, 0.000000,
               0.030373,-0.242058, 0.969786, 0.000000,
              -0.000001,13.020499,-0.000000, 1.000000;;
            }
            Frame Armature_mixamorig_LeftShoulder {
              FrameTransformMatrix {
                -0.036467, 0.015838,-0.999209, 0.000000,
                 0.999275,-0.010388,-0.036634, 0.000000,
                -0.010960,-0.999820,-0.015448, 0.000000,
                 9.553600,16.065395,-5.227805, 1.000000;;
              }
              Frame Armature_mixamorig_LeftArm {
                FrameTransformMatrix {
                   0.926615, 0.356569, 0.119348, 0.000000,
                  -0.349199, 0.698329, 0.624817, 0.000000,
                   0.139446,-0.620640, 0.771596, 0.000000,
                  -0.000005,18.035490,-0.000002, 1.000000;;
                }
                Frame Armature_mixamorig_LeftForeArm {
                  FrameTransformMatrix {
                     0.517378, 0.855616, 0.015501, 0.000000,
                    -0.855719, 0.517440,-0.000017, 0.000000,
                    -0.008036,-0.013256, 0.999880, 0.000000,
                    -0.000000,26.415108, 0.000005, 1.000000;;
                  }
                  Frame Armature_mixamorig_LeftHand {
                    FrameTransformMatrix {
                       1.000000,-0.000000, 0.000000, 0.000000,
                      -0.000000, 1.000000, 0.000000, 0.000000,
                      -0.000000,-0.000000, 1.000000, 0.000000,
                       0.000008,26.753403,-0.000002, 1.000000;;
                    }
                  } // End of Armature_mixamorig_LeftHand
                } // End of Armature_mixamorig_LeftForeArm
              } // End of Armature_mixamorig_LeftArm
            } // End of Armature_mixamorig_LeftShoulder
            Frame Armature_mixamorig_Neck {
              FrameTransformMatrix {
                 0.996215, 0.056886, 0.065716, 0.000000,
                -0.057823, 0.998249, 0.012457, 0.000000,
                -0.064892,-0.016210, 0.997761, 0.000000,
                -0.011899,24.670706, 2.028091, 1.000000;;
              }
              Frame Armature_mixamorig_Head {
                FrameTransformMatrix {
                   0.984040, 0.013513, 0.177433, 0.000000,
                   0.050481, 0.934950,-0.351169, 0.000000,
                  -0.170636, 0.354521, 0.919347, 0.000000,
                  -0.000000, 8.817309, 6.102594, 1.000000;;
                }
                Frame Armature_mixamorig_HeadTop_End {
                  FrameTransformMatrix {
                     1.000000,-0.000000, 0.000000, 0.000000,
                     0.000000, 1.000000, 0.000000, 0.000000,
                     0.000000,-0.000000, 1.000000, 0.000000,
                    -0.000001,20.493925,-0.282500, 1.000000;;
                  }
                } // End of Armature_mixamorig_HeadTop_End
              } // End of Armature_mixamorig_Head
            } // End of Armature_mixamorig_Neck
            Frame Armature_mixamorig_RightShoulder {
              FrameTransformMatrix {
                 0.007568,-0.024175, 0.999679, 0.000000,
                -0.992922,-0.118682, 0.004647, 0.000000,
                 0.118532,-0.992638,-0.024902, 0.000000,
                -9.553597,16.065401,-5.227806, 1.000000;;
              }
              Frame Armature_mixamorig_RightArm {
                FrameTransformMatrix {
                   0.974906, 0.048568, 0.217256, 0.000000,
                  -0.179578, 0.748343, 0.638541, 0.000000,
                  -0.131569,-0.661532, 0.738285, 0.000000,
                  -0.000004,17.955090,-0.000005, 1.000000;;
                }
                Frame Armature_mixamorig_RightForeArm {
                  FrameTransformMatrix {
                     0.312033,-0.946922,-0.077295, 0.000000,
                     0.949762, 0.312971,-0.000024, 0.000000,
                     0.024213,-0.073404, 0.997008, 0.000000,
                    -0.000000,26.415108, 0.000002, 1.000000;;
                  }
                  Frame Armature_mixamorig_RightHand {
                    FrameTransformMatrix {
                       0.904452, 0.423810,-0.048501, 0.000000,
                      -0.368326, 0.833235, 0.412377, 0.000000,
                       0.215182,-0.355111, 0.909721, 0.000000,
                      -0.000002,26.753414,-0.000001, 1.000000;;
                    }
                    Frame Armature_mixamorig_RightHandIndex1 {
                      FrameTransformMatrix {
                         0.951254,-0.308244, 0.010091, 0.000000,
                         0.230627, 0.732686, 0.640298, 0.000000,
                        -0.204761,-0.606759, 0.768060, 0.000000,
                         8.654200,18.447794,-1.479592, 1.000000;;
                      }
                      Frame Armature_mixamorig_RightHandIndex2 {
                        FrameTransformMatrix {
                           1.000000,-0.000618,-0.000132, 0.000000,
                           0.000618, 0.912924, 0.408129, 0.000000,
                          -0.000132,-0.408129, 0.912924, 0.000000,
                          -0.000004, 7.514410,-0.000006, 1.000000;;
                        }
                        Frame Armature_mixamorig_RightHandIndex3 {
                          FrameTransformMatrix {
                             0.999518,-0.030360,-0.006449, 0.000000,
                             0.030907, 0.954643, 0.296143, 0.000000,
                            -0.002834,-0.296200, 0.955122, 0.000000,
                            -0.000002, 7.489392,-0.000002, 1.000000;;
                          }
                          Frame Armature_mixamorig_RightHandIndex4 {
                            FrameTransformMatrix {
                               1.000000, 0.000000, 0.000000, 0.000000,
                               0.000000, 1.000000, 0.000000, 0.000000,
                               0.000000,-0.000000, 1.000000, 0.000000,
                              -0.000002, 6.769708, 0.000002, 1.000000;;
                            }
                          } // End of Armature_mixamorig_RightHandIndex4
                        } // End of Armature_mixamorig_RightHandIndex3
                      } // End of Armature_mixamorig_RightHandIndex2
                    } // End of Armature_mixamorig_RightHandIndex1
                    Frame Armature_mixamorig_RightHandPinky1 {
                      FrameTransformMatrix {
                         0.204762, 0.606759,-0.768060, 0.000000,
                         0.230627, 0.732687, 0.640298, 0.000000,
                         0.951254,-0.308244, 0.010092, 0.000000,
                        -10.003107,17.507805, 0.478003, 1.000000;;
                      }
                      Frame Armature_mixamorig_RightHandPinky2 {
                        FrameTransformMatrix {
                           0.912924, 0.408129, 0.000132, 0.000000,
                          -0.408129, 0.912924, 0.000618, 0.000000,
                           0.000132,-0.000618, 1.000000, 0.000000,
                           0.000005, 7.044209, 0.000007, 1.000000;;
                        }
                        Frame Armature_mixamorig_RightHandPinky3 {
                          FrameTransformMatrix {
                             0.977989, 0.208658, 0.000033, 0.000000,
                            -0.208658, 0.977989, 0.000316, 0.000000,
                             0.000033,-0.000316, 1.000000, 0.000000,
                            -0.000010, 7.078897, 0.000000, 1.000000;;
                          }
                          Frame Armature_mixamorig_RightHandPinky4 {
                            FrameTransformMatrix {
                               1.000000,-0.000000, 0.000000, 0.000000,
                               0.000000, 1.000000,-0.000000, 0.000000,
                              -0.000000, 0.000000, 1.000000, 0.000000,
                              -0.000007, 7.092996, 0.000005, 1.000000;;
                            }
                          } // End of Armature_mixamorig_RightHandPinky4
                        } // End of Armature_mixamorig_RightHandPinky3
                      } // End of Armature_mixamorig_RightHandPinky2
                    } // End of Armature_mixamorig_RightHandPinky1
                    Frame Armature_mixamorig_RightHandThumb1 {
                      FrameTransformMatrix {
                         0.512906,-0.834940,-0.199508, 0.000000,
                         0.818670, 0.405824, 0.406308, 0.000000,
                        -0.258277,-0.371729, 0.891690, 0.000000,
                         6.163494, 2.492294, 4.446411, 1.000000;;
                      }
                      Frame Armature_mixamorig_RightHandThumb2 {
                        FrameTransformMatrix {
                           0.947478, 0.319461,-0.015187, 0.000000,
                          -0.318869, 0.939928,-0.121896, 0.000000,
                          -0.024666, 0.120337, 0.992427, 0.000000,
                          -0.000004,10.472999,-0.000006, 1.000000;;
                        }
                        Frame Armature_mixamorig_RightHandThumb3 {
                          FrameTransformMatrix {
                             0.983486, 0.180693, 0.010224, 0.000000,
                            -0.178239, 0.976831,-0.118459, 0.000000,
                            -0.031391, 0.114681, 0.992906, 0.000000,
                            -0.000002, 8.498800, 0.000002, 1.000000;;
                          }
                          Frame Armature_mixamorig_RightHandThumb4 {
                            FrameTransformMatrix {
                               1.000000,-0.000000, 0.000000, 0.000000,
                               0.000000, 1.000000, 0.000001, 0.000000,
                              -0.000000,-0.000001, 1.000000, 0.000000,
                               0.000000, 8.025315, 0.000002, 1.000000;;
                            }
                          } // End of Armature_mixamorig_RightHandThumb4
                        } // End of Armature_mixamorig_RightHandThumb3
                      } // End of Armature_mixamorig_RightHandThumb2
                    } // End of Armature_mixamorig_RightHandThumb1
                  } // End of Armature_mixamorig_RightHand
                } // End of Armature_mixamorig_RightForeArm
              } // End of Armature_mixamorig_RightArm
            } // End of Armature_mixamorig_RightShoulder
          } // End of Armature_mixamorig_Spine2
        } // End of Armature_mixamorig_Spine1
      } // End of Armature_mixamorig_Spine
    } // End of Armature_mixamorig_Hips
  } // End of Armature
} // End of Root
AnimationSet Global {
  Animation {
    {Armature}
    AnimationKey { // Rotation
      0;
      44;
      0;4;-0.707107, 0.707107, 0.000000, 0.000000;;,
      1;4;-0.707107, 0.707107, 0.000000, 0.000000;;,
      2;4;-0.707107, 0.707107, 0.000000, 0.000000;;,
      3;4;-0.707107, 0.707107, 0.000000, 0.000000;;,
      4;4;-0.707107, 0.707107, 0.000000, 0.000000;;,
      5;4;-0.707107, 0.707107, 0.000000, 0.000000;;,
      6;4;-0.707107, 0.707107, 0.000000, 0.000000;;,
      7;4;-0.707107, 0.707107, 0.000000, 0.000000;;,
      8;4;-0.707107, 0.707107, 0.000000, 0.000000;;,
      9;4;-0.707107, 0.707107, 0.000000, 0.000000;;,
      10;4;-0.707107, 0.707107, 0.000000, 0.000000;;,
      11;4;-0.707107, 0.707107, 0.000000, 0.000000;;,
      12;4;-0.707107, 0.707107, 0.000000, 0.000000;;,
      13;4;-0.707107, 0.707107, 0.000000, 0.000000;;,
      14;4;-0.707107, 0.707107, 0.000000, 0.000000;;,
      15;4;-0.707107, 0.707107, 0.000000, 0.000000;;,
      16;4;-0.707107, 0.707107, 0.000000, 0.000000;;,
      17;4;-0.707107, 0.707107, 0.000000, 0.000000;;,
      18;4;-0.707107, 0.707107, 0.000000, 0.000000;;,
      19;4;-0.707107, 0.707107, 0.000000, 0.000000;;,
      20;4;-0.707107, 0.707107, 0.000000, 0.000000;;,
      21;4;-0.707107, 0.707107, 0.000000, 0.000000;;,
      22;4;-0.707107, 0.707107, 0.000000, 0.000000;;,
      23;4;-0.707107, 0.707107, 0.000000, 0.000000;;,
      24;4;-0.707107, 0.707107, 0.000000, 0.000000;;,
      25;4;-0.707107, 0.707107, 0.000000, 0.000000;;,
      26;4;-0.707107, 0.707107, 0.000000, 0.000000;;,
      27;4;-0.707107, 0.707107, 0.000000, 0.000000;;,
      28;4;-0.707107, 0.707107, 0.000000, 0.000000;;,
      29;4;-0.707107, 0.707107, 0.000000, 0.000000;;,
      30;4;-0.707107, 0.707107, 0.000000, 0.000000;;,
      31;4;-0.707107, 0.707107, 0.000000, 0.000000;;,
      32;4;-0.707107, 0.707107, 0.000000, 0.000000;;,
      33;4;-0.707107, 0.707107, 0.000000, 0.000000;;,
      34;4;-0.707107, 0.707107, 0.000000, 0.000000;;,
      35;4;-0.707107, 0.707107, 0.000000, 0.000000;;,
      36;4;-0.707107, 0.707107, 0.000000, 0.000000;;,
      37;4;-0.707107, 0.707107, 0.000000, 0.000000;;,
      38;4;-0.707107, 0.707107, 0.000000, 0.000000;;,
      39;4;-0.707107, 0.707107, 0.000000, 0.000000;;,
      40;4;-0.707107, 0.707107, 0.000000, 0.000000;;,
      41;4;-0.707107, 0.707107, 0.000000, 0.000000;;,
      42;4;-0.707107, 0.707107, 0.000000, 0.000000;;,
      43;4;-0.707107, 0.707107, 0.000000, 0.000000;;;
    }
    AnimationKey { // Scale
      1;
      44;
      0;3; 0.150000, 0.150000, 0.150000;;,
      1;3; 0.150000, 0.150000, 0.150000;;,
      2;3; 0.150000, 0.150000, 0.150000;;,
      3;3; 0.150000, 0.150000, 0.150000;;,
      4;3; 0.150000, 0.150000, 0.150000;;,
      5;3; 0.150000, 0.150000, 0.150000;;,
      6;3; 0.150000, 0.150000, 0.150000;;,
      7;3; 0.150000, 0.150000, 0.150000;;,
      8;3; 0.150000, 0.150000, 0.150000;;,
      9;3; 0.150000, 0.150000, 0.150000;;,
      10;3; 0.150000, 0.150000, 0.150000;;,
      11;3; 0.150000, 0.150000, 0.150000;;,
      12;3; 0.150000, 0.150000, 0.150000;;,
      13;3; 0.150000, 0.150000, 0.150000;;,
      14;3; 0.150000, 0.150000, 0.150000;;,
      15;3; 0.150000, 0.150000, 0.150000;;,
      16;3; 0.150000, 0.150000, 0.150000;;,
      17;3; 0.150000, 0.150000, 0.150000;;,
      18;3; 0.150000, 0.150000, 0.150000;;,
      19;3; 0.150000, 0.150000, 0.150000;;,
      20;3; 0.150000, 0.150000, 0.150000;;,
      21;3; 0.150000, 0.150000, 0.150000;;,
      22;3; 0.150000, 0.150000, 0.150000;;,
      23;3; 0.150000, 0.150000, 0.150000;;,
      24;3; 0.150000, 0.150000, 0.150000;;,
      25;3; 0.150000, 0.150000, 0.150000;;,
      26;3; 0.150000, 0.150000, 0.150000;;,
      27;3; 0.150000, 0.150000, 0.150000;;,
      28;3; 0.150000, 0.150000, 0.150000;;,
      29;3; 0.150000, 0.150000, 0.150000;;,
      30;3; 0.150000, 0.150000, 0.150000;;,
      31;3; 0.150000, 0.150000, 0.150000;;,
      32;3; 0.150000, 0.150000, 0.150000;;,
      33;3; 0.150000, 0.150000, 0.150000;;,
      34;3; 0.150000, 0.150000, 0.150000;;,
      35;3; 0.150000, 0.150000, 0.150000;;,
      36;3; 0.150000, 0.150000, 0.150000;;,
      37;3; 0.150000, 0.150000, 0.150000;;,
      38;3; 0.150000, 0.150000, 0.150000;;,
      39;3; 0.150000, 0.150000, 0.150000;;,
      40;3; 0.150000, 0.150000, 0.150000;;,
      41;3; 0.150000, 0.150000, 0.150000;;,
      42;3; 0.150000, 0.150000, 0.150000;;,
      43;3; 0.150000, 0.150000, 0.150000;;;
    }
    AnimationKey { // Position
      2;
      44;
      0;3; 0.000000, 0.000000, 0.000000;;,
      1;3; 0.000000, 0.000000, 0.000000;;,
      2;3; 0.000000, 0.000000, 0.000000;;,
      3;3; 0.000000, 0.000000, 0.000000;;,
      4;3; 0.000000, 0.000000, 0.000000;;,
      5;3; 0.000000, 0.000000, 0.000000;;,
      6;3; 0.000000, 0.000000, 0.000000;;,
      7;3; 0.000000, 0.000000, 0.000000;;,
      8;3; 0.000000, 0.000000, 0.000000;;,
      9;3; 0.000000, 0.000000, 0.000000;;,
      10;3; 0.000000, 0.000000, 0.000000;;,
      11;3; 0.000000, 0.000000, 0.000000;;,
      12;3; 0.000000, 0.000000, 0.000000;;,
      13;3; 0.000000, 0.000000, 0.000000;;,
      14;3; 0.000000, 0.000000, 0.000000;;,
      15;3; 0.000000, 0.000000, 0.000000;;,
      16;3; 0.000000, 0.000000, 0.000000;;,
      17;3; 0.000000, 0.000000, 0.000000;;,
      18;3; 0.000000, 0.000000, 0.000000;;,
      19;3; 0.000000, 0.000000, 0.000000;;,
      20;3; 0.000000, 0.000000, 0.000000;;,
      21;3; 0.000000, 0.000000, 0.000000;;,
      22;3; 0.000000, 0.000000, 0.000000;;,
      23;3; 0.000000, 0.000000, 0.000000;;,
      24;3; 0.000000, 0.000000, 0.000000;;,
      25;3; 0.000000, 0.000000, 0.000000;;,
      26;3; 0.000000, 0.000000, 0.000000;;,
      27;3; 0.000000, 0.000000, 0.000000;;,
      28;3; 0.000000, 0.000000, 0.000000;;,
      29;3; 0.000000, 0.000000, 0.000000;;,
      30;3; 0.000000, 0.000000, 0.000000;;,
      31;3; 0.000000, 0.000000, 0.000000;;,
      32;3; 0.000000, 0.000000, 0.000000;;,
      33;3; 0.000000, 0.000000, 0.000000;;,
      34;3; 0.000000, 0.000000, 0.000000;;,
      35;3; 0.000000, 0.000000, 0.000000;;,
      36;3; 0.000000, 0.000000, 0.000000;;,
      37;3; 0.000000, 0.000000, 0.000000;;,
      38;3; 0.000000, 0.000000, 0.000000;;,
      39;3; 0.000000, 0.000000, 0.000000;;,
      40;3; 0.000000, 0.000000, 0.000000;;,
      41;3; 0.000000, 0.000000, 0.000000;;,
      42;3; 0.000000, 0.000000, 0.000000;;,
      43;3; 0.000000, 0.000000, 0.000000;;;
    }
  }
  Animation {
    {Armature_mixamorig_Hips}
    AnimationKey { // Rotation
      0;
      44;
      0;4;-0.995771, 0.056993, 0.050306, 0.051578;;,
      1;4;-0.996354, 0.046385, 0.045734, 0.055089;;,
      2;4;-0.996809, 0.040855, 0.039976, 0.055723;;,
      3;4;-0.997206, 0.040675, 0.031459, 0.054193;;,
      4;4;-0.997532, 0.043446, 0.020052, 0.051392;;,
      5;4;-0.997742, 0.046412, 0.007256, 0.048008;;,
      6;4;-0.997823, 0.048497,-0.005483, 0.044348;;,
      7;4;-0.997787, 0.050092,-0.018381, 0.039677;;,
      8;4;-0.997458, 0.052672,-0.033331, 0.034521;;,
      9;4;-0.996477, 0.058715,-0.052116, 0.029494;;,
      10;4;-0.994429, 0.070097,-0.073654, 0.027801;;,
      11;4;-0.991439, 0.085136,-0.094780, 0.028578;;,
      12;4;-0.988714, 0.098145,-0.108866, 0.031008;;,
      13;4;-0.987711, 0.103599,-0.111856, 0.034381;;,
      14;4;-0.988434, 0.100339,-0.107419, 0.037306;;,
      15;4;-0.989698, 0.093565,-0.101277, 0.038555;;,
      16;4;-0.990789, 0.089004,-0.095204, 0.036768;;,
      17;4;-0.991772, 0.087573,-0.088067, 0.031025;;,
      18;4;-0.992949, 0.085964,-0.078765, 0.021411;;,
      19;4;-0.994261, 0.081349,-0.068947, 0.008582;;,
      20;4;-0.995323, 0.074483,-0.061229,-0.005940;;,
      21;4;-0.995891, 0.068857,-0.055451,-0.019629;;,
      22;4;-0.996274, 0.064694,-0.048776,-0.029557;;,
      23;4;-0.996726, 0.061837,-0.039155,-0.034356;;,
      24;4;-0.997174, 0.059916,-0.027337,-0.036142;;,
      25;4;-0.997516, 0.058351,-0.014607,-0.036653;;,
      26;4;-0.997718, 0.056960,-0.001950,-0.036200;;,
      27;4;-0.997785, 0.055767, 0.010053,-0.034833;;,
      28;4;-0.997757, 0.054816, 0.021080,-0.032115;;,
      29;4;-0.997660, 0.055144, 0.029774,-0.027319;;,
      30;4;-0.997489, 0.056493, 0.036738,-0.021766;;,
      31;4;-0.997226, 0.058496, 0.042806,-0.016903;;,
      32;4;-0.996827, 0.062804, 0.047030,-0.013405;;,
      33;4;-0.996274, 0.069548, 0.049838,-0.010864;;,
      34;4;-0.995672, 0.076327, 0.052413,-0.008035;;,
      35;4;-0.995182, 0.081292, 0.054660,-0.003994;;,
      36;4;-0.994840, 0.084298, 0.056418, 0.002083;;,
      37;4;-0.994547, 0.085967, 0.058220, 0.009860;;,
      38;4;-0.994296, 0.086581, 0.059436, 0.018619;;,
      39;4;-0.994156, 0.085561, 0.059936, 0.027221;;,
      40;4;-0.994192, 0.082684, 0.059405, 0.034893;;,
      41;4;-0.994655, 0.075246, 0.056792, 0.042132;;,
      42;4;-0.995419, 0.063342, 0.052581, 0.048623;;,
      43;4;-0.995777, 0.057014, 0.050274, 0.051481;;;
    }
    AnimationKey { // Scale
      1;
      44;
      0;3; 1.000000, 1.000000, 1.000000;;,
      1;3; 1.000000, 1.000000, 1.000000;;,
      2;3; 1.000000, 1.000000, 1.000000;;,
      3;3; 1.000000, 1.000000, 1.000000;;,
      4;3; 1.000000, 1.000000, 1.000000;;,
      5;3; 1.000000, 1.000000, 1.000000;;,
      6;3; 1.000000, 1.000000, 1.000000;;,
      7;3; 1.000000, 1.000000, 1.000000;;,
      8;3; 1.000000, 1.000000, 1.000000;;,
      9;3; 1.000000, 1.000000, 1.000000;;,
      10;3; 1.000000, 1.000000, 1.000000;;,
      11;3; 1.000000, 1.000000, 1.000000;;,
      12;3; 1.000000, 1.000000, 1.000000;;,
      13;3; 1.000000, 1.000000, 1.000000;;,
      14;3; 1.000000, 1.000000, 1.000000;;,
      15;3; 1.000000, 1.000000, 1.000000;;,
      16;3; 1.000000, 1.000000, 1.000000;;,
      17;3; 1.000000, 1.000000, 1.000000;;,
      18;3; 1.000000, 1.000000, 1.000000;;,
      19;3; 1.000000, 1.000000, 1.000000;;,
      20;3; 1.000000, 1.000000, 1.000000;;,
      21;3; 1.000000, 1.000000, 1.000000;;,
      22;3; 1.000000, 1.000000, 1.000000;;,
      23;3; 1.000000, 1.000000, 1.000000;;,
      24;3; 1.000000, 1.000000, 1.000000;;,
      25;3; 1.000000, 1.000000, 1.000000;;,
      26;3; 1.000000, 1.000000, 1.000000;;,
      27;3; 1.000000, 1.000000, 1.000000;;,
      28;3; 1.000000, 1.000000, 1.000000;;,
      29;3; 1.000000, 1.000000, 1.000000;;,
      30;3; 1.000000, 1.000000, 1.000000;;,
      31;3; 1.000000, 1.000000, 1.000000;;,
      32;3; 1.000000, 1.000000, 1.000000;;,
      33;3; 1.000000, 1.000000, 1.000000;;,
      34;3; 1.000000, 1.000000, 1.000000;;,
      35;3; 1.000000, 1.000000, 1.000000;;,
      36;3; 1.000000, 1.000000, 1.000000;;,
      37;3; 1.000000, 1.000000, 1.000000;;,
      38;3; 1.000000, 1.000000, 1.000000;;,
      39;3; 1.000000, 1.000000, 1.000000;;,
      40;3; 1.000000, 1.000000, 1.000000;;,
      41;3; 1.000000, 1.000000, 1.000000;;,
      42;3; 1.000000, 1.000000, 1.000000;;,
      43;3; 1.000000, 1.000000, 1.000000;;;
    }
    AnimationKey { // Position
      2;
      44;
      0;3; 2.563421,91.180527,-1.510995;;,
      1;3; 2.563421,91.336823,-1.510995;;,
      2;3; 2.563421,91.068130,-1.510995;;,
      3;3; 2.563422,90.448700,-1.510995;;,
      4;3; 2.563424,89.581177,-1.510995;;,
      5;3; 2.563426,88.472778,-1.510995;;,
      6;3; 2.563428,87.112175,-1.510995;;,
      7;3; 2.563431,85.490280,-1.510995;;,
      8;3; 2.563434,83.634712,-1.510995;;,
      9;3; 2.563437,81.827301,-1.510995;;,
      10;3; 2.563440,80.355247,-1.510995;;,
      11;3; 2.563442,78.980881,-1.510995;;,
      12;3; 2.563445,77.672844,-1.510995;;,
      13;3; 2.563446,76.996468,-1.510995;;,
      14;3; 2.563446,76.921974,-1.510995;;,
      15;3; 2.563445,77.600021,-1.510995;;,
      16;3; 2.563442,79.079498,-1.510995;;,
      17;3; 2.563439,81.143295,-1.510995;;,
      18;3; 2.563435,83.400490,-1.510995;;,
      19;3; 2.563431,85.578011,-1.510995;;,
      20;3; 2.563427,87.465195,-1.510995;;,
      21;3; 2.563425,88.961975,-1.510995;;,
      22;3; 2.563423,90.007393,-1.510995;;,
      23;3; 2.563422,90.616638,-1.510995;;,
      24;3; 2.563422,90.761444,-1.510995;;,
      25;3; 2.563422,90.445389,-1.510995;;,
      26;3; 2.563424,89.611732,-1.510995;;,
      27;3; 2.563426,88.162781,-1.510995;;,
      28;3; 2.563430,86.016373,-1.510995;;,
      29;3; 2.563434,83.500595,-1.510995;;,
      30;3; 2.563439,80.889496,-1.510995;;,
      31;3; 2.563443,78.415680,-1.510995;;,
      32;3; 2.563446,76.859970,-1.510995;;,
      33;3; 2.563447,76.602348,-1.510995;;,
      34;3; 2.563445,77.291924,-1.510995;;,
      35;3; 2.563443,78.664429,-1.510995;;,
      36;3; 2.563440,80.562286,-1.510995;;,
      37;3; 2.563436,82.787682,-1.510995;;,
      38;3; 2.563432,85.096329,-1.510995;;,
      39;3; 2.563428,87.210236,-1.510995;;,
      40;3; 2.563425,88.942245,-1.510995;;,
      41;3; 2.563423,90.207939,-1.510995;;,
      42;3; 2.563421,90.950302,-1.510995;;,
      43;3; 2.563421,91.182281,-1.510995;;;
    }
  }
  Animation {
    {Armature_mixamorig_Spine}
    AnimationKey { // Rotation
      0;
      44;
      0;4;-0.998666, 0.049241, 0.010571,-0.011423;;,
      1;4;-0.998514, 0.050300, 0.016142,-0.013400;;,
      2;4;-0.998371, 0.050958, 0.021037,-0.014730;;,
      3;4;-0.998253, 0.050998, 0.025283,-0.015866;;,
      4;4;-0.998154, 0.050474, 0.028988,-0.017329;;,
      5;4;-0.998062, 0.049633, 0.032321,-0.019100;;,
      6;4;-0.997974, 0.048664, 0.035540,-0.020431;;,
      7;4;-0.997890, 0.047660, 0.038891,-0.020775;;,
      8;4;-0.997797, 0.046713, 0.042232,-0.020890;;,
      9;4;-0.997687, 0.045824, 0.044976,-0.022310;;,
      10;4;-0.997587, 0.044774, 0.046664,-0.025267;;,
      11;4;-0.997535, 0.043643, 0.047189,-0.028164;;,
      12;4;-0.997541, 0.043384, 0.046366,-0.029670;;,
      13;4;-0.997568, 0.045023, 0.043949,-0.029997;;,
      14;4;-0.997589, 0.048250, 0.039974,-0.029843;;,
      15;4;-0.997652, 0.051458, 0.034663,-0.029018;;,
      16;4;-0.997827, 0.053229, 0.028238,-0.026659;;,
      17;4;-0.998093, 0.053463, 0.021031,-0.022581;;,
      18;4;-0.998343, 0.052997, 0.013562,-0.017864;;,
      19;4;-0.998510, 0.052377, 0.006338,-0.013964;;,
      20;4;-0.998611, 0.051400,-0.000434,-0.011572;;,
      21;4;-0.998675, 0.049916,-0.006913,-0.010403;;,
      22;4;-0.998684, 0.048580,-0.013316,-0.009693;;,
      23;4;-0.998604, 0.048331,-0.019492,-0.008622;;,
      24;4;-0.998451, 0.049385,-0.024796,-0.006481;;,
      25;4;-0.998278, 0.051202,-0.028487,-0.002823;;,
      26;4;-0.998116, 0.053219,-0.030453, 0.002314;;,
      27;4;-0.997952, 0.055140,-0.031397, 0.008114;;,
      28;4;-0.997786, 0.056700,-0.032218, 0.013028;;,
      29;4;-0.997660, 0.057584,-0.033356, 0.015683;;,
      30;4;-0.997598, 0.057777,-0.034676, 0.016031;;,
      31;4;-0.997575, 0.057782,-0.035667, 0.015274;;,
      32;4;-0.997552, 0.058284,-0.035703, 0.014744;;,
      33;4;-0.997523, 0.059518,-0.034371, 0.014972;;,
      34;4;-0.997511, 0.061127,-0.031551, 0.015502;;,
      35;4;-0.997548, 0.062582,-0.027289, 0.015389;;,
      36;4;-0.997647, 0.063433,-0.021994, 0.013880;;,
      37;4;-0.997807, 0.063165,-0.016602, 0.010780;;,
      38;4;-0.998030, 0.061263,-0.011934, 0.006420;;,
      39;4;-0.998298, 0.057765,-0.007830, 0.001510;;,
      40;4;-0.998546, 0.053709,-0.003336,-0.003131;;,
      41;4;-0.998693, 0.050601, 0.002028,-0.006984;;,
      42;4;-0.998711, 0.049269, 0.007256,-0.009785;;,
      43;4;-0.998690, 0.049073, 0.009584,-0.010881;;;
    }
    AnimationKey { // Scale
      1;
      44;
      0;3; 1.000000, 1.000000, 1.000000;;,
      1;3; 1.000000, 1.000000, 1.000000;;,
      2;3; 1.000000, 1.000000, 1.000000;;,
      3;3; 1.000000, 1.000000, 1.000000;;,
      4;3; 1.000000, 1.000000, 1.000000;;,
      5;3; 1.000000, 1.000000, 1.000000;;,
      6;3; 1.000000, 1.000000, 1.000000;;,
      7;3; 1.000000, 1.000000, 1.000000;;,
      8;3; 1.000000, 1.000000, 1.000000;;,
      9;3; 1.000000, 1.000000, 1.000000;;,
      10;3; 1.000000, 1.000000, 1.000000;;,
      11;3; 1.000000, 1.000000, 1.000000;;,
      12;3; 1.000000, 1.000000, 1.000000;;,
      13;3; 1.000000, 1.000000, 1.000000;;,
      14;3; 1.000000, 1.000000, 1.000000;;,
      15;3; 1.000000, 1.000000, 1.000000;;,
      16;3; 1.000000, 1.000000, 1.000000;;,
      17;3; 1.000000, 1.000000, 1.000000;;,
      18;3; 1.000000, 1.000000, 1.000000;;,
      19;3; 1.000000, 1.000000, 1.000000;;,
      20;3; 1.000000, 1.000000, 1.000000;;,
      21;3; 1.000000, 1.000000, 1.000000;;,
      22;3; 1.000000, 1.000000, 1.000000;;,
      23;3; 1.000000, 1.000000, 1.000000;;,
      24;3; 1.000000, 1.000000, 1.000000;;,
      25;3; 1.000000, 1.000000, 1.000000;;,
      26;3; 1.000000, 1.000000, 1.000000;;,
      27;3; 1.000000, 1.000000, 1.000000;;,
      28;3; 1.000000, 1.000000, 1.000000;;,
      29;3; 1.000000, 1.000000, 1.000000;;,
      30;3; 1.000000, 1.000000, 1.000000;;,
      31;3; 1.000000, 1.000000, 1.000000;;,
      32;3; 1.000000, 1.000000, 1.000000;;,
      33;3; 1.000000, 1.000000, 1.000000;;,
      34;3; 1.000000, 1.000000, 1.000000;;,
      35;3; 1.000000, 1.000000, 1.000000;;,
      36;3; 1.000000, 1.000000, 1.000000;;,
      37;3; 1.000000, 1.000000, 1.000000;;,
      38;3; 1.000000, 1.000000, 1.000000;;,
      39;3; 1.000000, 1.000000, 1.000000;;,
      40;3; 1.000000, 1.000000, 1.000000;;,
      41;3; 1.000000, 1.000000, 1.000000;;,
      42;3; 1.000000, 1.000000, 1.000000;;,
      43;3; 1.000000, 1.000000, 1.000000;;;
    }
    AnimationKey { // Position
      2;
      44;
      0;3;-0.000000,10.763907, 1.243499;;,
      1;3;-0.000001,10.763899, 1.243500;;,
      2;3; 0.000001,10.763906, 1.243501;;,
      3;3; 0.000000,10.763899, 1.243500;;,
      4;3;-0.000000,10.763903, 1.243500;;,
      5;3; 0.000000,10.763900, 1.243500;;,
      6;3;-0.000000,10.763893, 1.243499;;,
      7;3; 0.000000,10.763902, 1.243500;;,
      8;3;-0.000000,10.763896, 1.243499;;,
      9;3; 0.000000,10.763903, 1.243499;;,
      10;3; 0.000000,10.763912, 1.243499;;,
      11;3;-0.000000,10.763906, 1.243500;;,
      12;3;-0.000001,10.763900, 1.243500;;,
      13;3;-0.000000,10.763898, 1.243501;;,
      14;3;-0.000001,10.763900, 1.243501;;,
      15;3; 0.000000,10.763907, 1.243501;;,
      16;3;-0.000000,10.763890, 1.243503;;,
      17;3; 0.000000,10.763900, 1.243500;;,
      18;3;-0.000000,10.763902, 1.243499;;,
      19;3; 0.000000,10.763903, 1.243499;;,
      20;3; 0.000000,10.763902, 1.243501;;,
      21;3; 0.000000,10.763903, 1.243499;;,
      22;3;-0.000001,10.763906, 1.243499;;,
      23;3; 0.000000,10.763902, 1.243501;;,
      24;3; 0.000001,10.763896, 1.243501;;,
      25;3; 0.000001,10.763903, 1.243501;;,
      26;3;-0.000000,10.763890, 1.243499;;,
      27;3; 0.000000,10.763896, 1.243500;;,
      28;3; 0.000000,10.763903, 1.243501;;,
      29;3;-0.000001,10.763899, 1.243500;;,
      30;3;-0.000000,10.763904, 1.243499;;,
      31;3;-0.000000,10.763899, 1.243500;;,
      32;3;-0.000000,10.763894, 1.243499;;,
      33;3;-0.000000,10.763902, 1.243499;;,
      34;3;-0.000000,10.763899, 1.243499;;,
      35;3;-0.000000,10.763904, 1.243499;;,
      36;3;-0.000000,10.763906, 1.243501;;,
      37;3;-0.000000,10.763889, 1.243502;;,
      38;3; 0.000000,10.763897, 1.243500;;,
      39;3;-0.000000,10.763905, 1.243500;;,
      40;3;-0.000000,10.763902, 1.243500;;,
      41;3;-0.000000,10.763896, 1.243499;;,
      42;3;-0.000001,10.763908, 1.243501;;,
      43;3; 0.000002,10.763916, 1.243499;;;
    }
  }
  Animation {
    {Armature_mixamorig_Spine1}
    AnimationKey { // Rotation
      0;
      44;
      0;4;-0.998662, 0.042377, 0.019242,-0.022537;;,
      1;4;-0.998131, 0.045895, 0.029318,-0.027721;;,
      2;4;-0.997629, 0.048708, 0.037063,-0.031456;;,
      3;4;-0.997243, 0.050310, 0.042798,-0.033813;;,
      4;4;-0.996970, 0.050763, 0.047206,-0.035302;;,
      5;4;-0.996749, 0.050687, 0.050807,-0.036617;;,
      6;4;-0.996531, 0.050770, 0.053729,-0.038218;;,
      7;4;-0.996282, 0.051348, 0.056277,-0.040236;;,
      8;4;-0.995969, 0.052156, 0.059195,-0.042682;;,
      9;4;-0.995595, 0.052340, 0.062931,-0.045729;;,
      10;4;-0.995219, 0.051116, 0.066761,-0.049696;;,
      11;4;-0.994907, 0.048960, 0.069099,-0.054671;;,
      12;4;-0.994671, 0.047862, 0.068826,-0.060022;;,
      13;4;-0.994519, 0.049475, 0.066028,-0.064217;;,
      14;4;-0.994539, 0.053084, 0.061482,-0.065528;;,
      15;4;-0.994873, 0.056047, 0.055642,-0.063173;;,
      16;4;-0.995591, 0.056278, 0.048114,-0.057588;;,
      17;4;-0.996574, 0.054030, 0.038114,-0.049691;;,
      18;4;-0.997550, 0.051286, 0.025476,-0.040189;;,
      19;4;-0.998265, 0.049647, 0.011119,-0.029629;;,
      20;4;-0.998608, 0.049152,-0.003482,-0.018791;;,
      21;4;-0.998610, 0.049076,-0.017152,-0.008678;;,
      22;4;-0.998367, 0.049078,-0.029238,-0.000019;;,
      23;4;-0.997987, 0.049298,-0.039269, 0.007006;;,
      24;4;-0.997577, 0.049928,-0.046803, 0.012545;;,
      25;4;-0.997214, 0.051047,-0.051699, 0.016879;;,
      26;4;-0.996923, 0.052633,-0.054357, 0.020468;;,
      27;4;-0.996690, 0.054489,-0.055500, 0.023668;;,
      28;4;-0.996515, 0.056178,-0.055756, 0.026324;;,
      29;4;-0.996420, 0.057238,-0.055556, 0.027999;;,
      30;4;-0.996397, 0.057668,-0.055238, 0.028575;;,
      31;4;-0.996395, 0.058189,-0.054858, 0.028313;;,
      32;4;-0.996377, 0.059682,-0.054020, 0.027447;;,
      33;4;-0.996361, 0.062141,-0.052231, 0.025999;;,
      34;4;-0.996416, 0.064499,-0.049218, 0.023937;;,
      35;4;-0.996598, 0.065777,-0.044863, 0.021278;;,
      36;4;-0.996899, 0.065780,-0.039279, 0.017970;;,
      37;4;-0.997295, 0.064252,-0.032942, 0.013737;;,
      38;4;-0.997801, 0.060332,-0.026194, 0.008211;;,
      39;4;-0.998373, 0.053911,-0.018539, 0.001400;;,
      40;4;-0.998838, 0.046969,-0.008997,-0.006054;;,
      41;4;-0.999011, 0.042394, 0.002285,-0.013237;;,
      42;4;-0.998879, 0.041373, 0.012802,-0.019093;;,
      43;4;-0.998747, 0.041713, 0.017359,-0.021521;;;
    }
    AnimationKey { // Scale
      1;
      44;
      0;3; 1.000000, 1.000000, 1.000000;;,
      1;3; 1.000000, 1.000000, 1.000000;;,
      2;3; 1.000000, 1.000000, 1.000000;;,
      3;3; 1.000000, 1.000000, 1.000000;;,
      4;3; 1.000000, 1.000000, 1.000000;;,
      5;3; 1.000000, 1.000000, 1.000000;;,
      6;3; 1.000000, 1.000000, 1.000000;;,
      7;3; 1.000000, 1.000000, 1.000000;;,
      8;3; 1.000000, 1.000000, 1.000000;;,
      9;3; 1.000000, 1.000000, 1.000000;;,
      10;3; 1.000000, 1.000000, 1.000000;;,
      11;3; 1.000000, 1.000000, 1.000000;;,
      12;3; 1.000000, 1.000000, 1.000000;;,
      13;3; 1.000000, 1.000000, 1.000000;;,
      14;3; 1.000000, 1.000000, 1.000000;;,
      15;3; 1.000000, 1.000000, 1.000000;;,
      16;3; 1.000000, 1.000000, 1.000000;;,
      17;3; 1.000000, 1.000000, 1.000000;;,
      18;3; 1.000000, 1.000000, 1.000000;;,
      19;3; 1.000000, 1.000000, 1.000000;;,
      20;3; 1.000000, 1.000000, 1.000000;;,
      21;3; 1.000000, 1.000000, 1.000000;;,
      22;3; 1.000000, 1.000000, 1.000000;;,
      23;3; 1.000000, 1.000000, 1.000000;;,
      24;3; 1.000000, 1.000000, 1.000000;;,
      25;3; 1.000000, 1.000000, 1.000000;;,
      26;3; 1.000000, 1.000000, 1.000000;;,
      27;3; 1.000000, 1.000000, 1.000000;;,
      28;3; 1.000000, 1.000000, 1.000000;;,
      29;3; 1.000000, 1.000000, 1.000000;;,
      30;3; 1.000000, 1.000000, 1.000000;;,
      31;3; 1.000000, 1.000000, 1.000000;;,
      32;3; 1.000000, 1.000000, 1.000000;;,
      33;3; 1.000000, 1.000000, 1.000000;;,
      34;3; 1.000000, 1.000000, 1.000000;;,
      35;3; 1.000000, 1.000000, 1.000000;;,
      36;3; 1.000000, 1.000000, 1.000000;;,
      37;3; 1.000000, 1.000000, 1.000000;;,
      38;3; 1.000000, 1.000000, 1.000000;;,
      39;3; 1.000000, 1.000000, 1.000000;;,
      40;3; 1.000000, 1.000000, 1.000000;;,
      41;3; 1.000000, 1.000000, 1.000000;;,
      42;3; 1.000000, 1.000000, 1.000000;;,
      43;3; 1.000000, 1.000000, 1.000000;;;
    }
    AnimationKey { // Position
      2;
      44;
