xof 0303txt 0032

template XSkinMeshHeader {
  <3cf169ce-ff7c-44ab-93c0-f78f62d172e2>
  WORD nMaxSkinWeightsPerVertex;
  WORD nMaxSkinWeightsPerFace;
  WORD nBones;
}

template SkinWeights {
  <6f0d123b-bad2-4167-a0d0-80224f25fabb>
  STRING transformNodeName;
  DWORD nWeights;
  array DWORD vertexIndices[nWeights];
  array float weights[nWeights];
  Matrix4x4 matrixOffset;
}

Frame Root {
  FrameTransformMatrix {
     1.000000, 0.000000, 0.000000, 0.000000,
     0.000000,-0.000000,-1.000000, 0.000000,
     0.000000, 1.000000,-0.000000, 0.000000,
     0.000000, 0.000000, 0.000000, 1.000000;;
  }
  Frame Armature {
    FrameTransformMatrix {
       0.010000, 0.000000, 0.000000, 0.000000,
       0.000000,-0.000000, 0.010000, 0.000000,
       0.000000,-0.010000,-0.000000, 0.000000,
       0.000000, 0.000000, 0.000000, 1.000000;;
    }
    Frame Armature_mixamorig_Hips {
      FrameTransformMatrix {
         0.999736,-0.018948, 0.012970, 0.000000,
         0.019003, 0.999811,-0.004158, 0.000000,
        -0.012889, 0.004403, 0.999907, 0.000000,
        -0.004891,80.532982, 0.000042, 1.000000;;
      }
      Frame Armature_mixamorig_LeftUpLeg {
        FrameTransformMatrix {
          -0.885572,-0.365271, 0.286975, 0.000000,
           0.464422,-0.707660, 0.532524, 0.000000,
           0.008564, 0.604811, 0.796420, 0.000000,
          13.656000,-7.135306, 0.129700, 1.000000;;
        }
        Frame Armature_mixamorig_LeftLeg {
          FrameTransformMatrix {
             0.983694,-0.171592, 0.053869, 0.000000,
             0.139425, 0.538374,-0.831092, 0.000000,
             0.113607, 0.825051, 0.553520, 0.000000,
            -0.000002,35.949703,-0.000003, 1.000000;;
          }
          Frame Armature_mixamorig_LeftFoot {
            FrameTransformMatrix {
               0.973393,-0.135799,-0.184567, 0.000000,
               0.226428, 0.446430, 0.865696, 0.000000,
              -0.035164,-0.884454, 0.465301, 0.000000,
              -0.000002,34.409225, 0.000003, 1.000000;;
            }
            Frame Armature_mixamorig_LeftToeBase {
              FrameTransformMatrix {
                 0.974446,-0.166233,-0.151071, 0.000000,
                 0.223006, 0.635369, 0.739306, 0.000000,
                -0.026911,-0.754104, 0.656204, 0.000000,
                -0.000001,21.286983,-0.000001, 1.000000;;
              }
              Frame Armature_mixamorig_LeftToe_End {
                FrameTransformMatrix {
                   1.000000, 0.000000, 0.000000, 0.000000,
                  -0.000000, 1.000000,-0.000000, 0.000000,
                   0.000000, 0.000000, 1.000000, 0.000000,
                  -0.000006,16.881931,-0.000000, 1.000000;;
                }
              } // End of Armature_mixamorig_LeftToe_End
            } // End of Armature_mixamorig_LeftToeBase
          } // End of Armature_mixamorig_LeftFoot
        } // End of Armature_mixamorig_LeftLeg
      } // End of Armature_mixamorig_LeftUpLeg
      Frame Armature_mixamorig_RightUpLeg {
        FrameTransformMatrix {
          -0.895459, 0.200383,-0.397532, 0.000000,
          -0.401803,-0.748177, 0.528050, 0.000000,
          -0.191591, 0.632517, 0.750568, 0.000000,
          -13.655999,-7.135209, 0.129700, 1.000000;;
        }
        Frame Armature_mixamorig_RightLeg {
          FrameTransformMatrix {
             0.991791, 0.065706, 0.109692, 0.000000,
             0.055221, 0.553645,-0.830920, 0.000000,
            -0.115327, 0.830156, 0.545473, 0.000000,
             0.000000,35.949707, 0.000001, 1.000000;;
          }
          Frame Armature_mixamorig_RightFoot {
            FrameTransformMatrix {
               0.970593, 0.209134, 0.119213, 0.000000,
              -0.203203, 0.446273, 0.871521, 0.000000,
               0.129063,-0.870117, 0.475647, 0.000000,
               0.000003,34.409225,-0.000003, 1.000000;;
            }
            Frame Armature_mixamorig_RightToeBase {
              FrameTransformMatrix {
                 0.962636, 0.270728,-0.006127, 0.000000,
                -0.168495, 0.616527, 0.769093, 0.000000,
                 0.211992,-0.739325, 0.639107, 0.000000,
                -0.000000,21.286985,-0.000001, 1.000000;;
              }
              Frame Armature_mixamorig_RightToe_End {
                FrameTransformMatrix {
                   1.000000,-0.000000, 0.000000, 0.000000,
                   0.000000, 1.000000,-0.000000, 0.000000,
                  -0.000000, 0.000000, 1.000000, 0.000000,
                   0.000002,16.881937,-0.000000, 1.000000;;
                }
              } // End of Armature_mixamorig_RightToe_End
            } // End of Armature_mixamorig_RightToeBase
          } // End of Armature_mixamorig_RightFoot
        } // End of Armature_mixamorig_RightLeg
      } // End of Armature_mixamorig_RightUpLeg
      Frame Armature_mixamorig_Spine {
        FrameTransformMatrix {
           0.999957, 0.009019,-0.002127, 0.000000,
          -0.007955, 0.953231, 0.302137, 0.000000,
           0.004753,-0.302107, 0.953262, 0.000000,
          -0.000000,10.763902, 1.243500, 1.000000;;
        }
        Frame Armature_mixamorig_Spine1 {
          FrameTransformMatrix {
             0.999841, 0.017718,-0.002046, 0.000000,
            -0.016574, 0.965378, 0.260329, 0.000000,
             0.006588,-0.260254, 0.965518, 0.000000,
            -0.000000,13.063313,-0.000005, 1.000000;;
          }
          Frame Armature_mixamorig_Spine2 {
            FrameTransformMatrix {
               0.999876, 0.015676,-0.001366, 0.000000,
              -0.014630, 0.958047, 0.286238, 0.000000,
               0.005796,-0.286183, 0.958158, 0.000000,
               0.000000,13.020498,-0.000002, 1.000000;;
            }
            Frame Armature_mixamorig_LeftShoulder {
              FrameTransformMatrix {
                 0.254001, 0.330489,-0.908989, 0.000000,
                 0.933567, 0.161924, 0.319741, 0.000000,
                 0.252858,-0.929816,-0.267405, 0.000000,
                 9.553600,16.065395,-5.227792, 1.000000;;
              }
              Frame Armature_mixamorig_LeftArm {
                FrameTransformMatrix {
                   0.778950, 0.275860, 0.563150, 0.000000,
                  -0.569000, 0.688398, 0.449829, 0.000000,
                  -0.263582,-0.670827, 0.693193, 0.000000,
                   0.000001,18.035488,-0.000002, 1.000000;;
                }
                Frame Armature_mixamorig_LeftForeArm {
                  FrameTransformMatrix {
                     0.613117, 0.789489, 0.028185, 0.000000,
                    -0.755207, 0.575277, 0.314195, 0.000000,
                     0.231840,-0.213924, 0.948940, 0.000000,
                     0.000002,26.415100, 0.000004, 1.000000;;
                  }
                  Frame Armature_mixamorig_LeftHand {
                    FrameTransformMatrix {
                       1.000000, 0.000000,-0.000000, 0.000000,
                       0.000000, 1.000000, 0.000000, 0.000000,
                      -0.000000,-0.000000, 1.000000, 0.000000,
                      -0.000003,26.753397, 0.000003, 1.000000;;
                    }
                  } // End of Armature_mixamorig_LeftHand
                } // End of Armature_mixamorig_LeftForeArm
              } // End of Armature_mixamorig_LeftArm
            } // End of Armature_mixamorig_LeftShoulder
            Frame Armature_mixamorig_Neck {
              FrameTransformMatrix {
                 0.999870, 0.001389, 0.016070, 0.000000,
                -0.002221, 0.998653, 0.051841, 0.000000,
                -0.015977,-0.051870, 0.998526, 0.000000,
                -0.011900,24.670700, 2.028110, 1.000000;;
              }
              Frame Armature_mixamorig_Head {
                FrameTransformMatrix {
                   0.998271,-0.043165,-0.039898, 0.000000,
                   0.025294, 0.928172,-0.371290, 0.000000,
                   0.053059, 0.369639, 0.927659, 0.000000,
                  -0.000000, 8.817290, 6.102607, 1.000000;;
                }
                Frame Armature_mixamorig_HeadTop_End {
                  FrameTransformMatrix {
                     1.000000,-0.000000,-0.000000, 0.000000,
                     0.000000, 1.000000, 0.000000, 0.000000,
                     0.000000, 0.000000, 1.000000, 0.000000,
                     0.000000,20.493921,-0.282496, 1.000000;;
                  }
                } // End of Armature_mixamorig_HeadTop_End
              } // End of Armature_mixamorig_Head
            } // End of Armature_mixamorig_Neck
            Frame Armature_mixamorig_RightShoulder {
              FrameTransformMatrix {
                 0.183219,-0.302190, 0.935474, 0.000000,
                -0.951753, 0.183753, 0.245766, 0.000000,
                -0.246165,-0.935369,-0.253943, 0.000000,
                -9.553597,16.065405,-5.227795, 1.000000;;
              }
              Frame Armature_mixamorig_RightArm {
                FrameTransformMatrix {
                   0.847724,-0.165666,-0.503904, 0.000000,
                   0.486692, 0.620703, 0.614702, 0.000000,
                   0.210939,-0.766344, 0.606813, 0.000000,
                   0.000001,17.955091,-0.000002, 1.000000;;
                }
                Frame Armature_mixamorig_RightForeArm {
                  FrameTransformMatrix {
                     0.387476,-0.866098,-0.315811, 0.000000,
                     0.920816, 0.380066, 0.087454, 0.000000,
                     0.044285,-0.324690, 0.944783, 0.000000,
                     0.000005,26.415113,-0.000003, 1.000000;;
                  }
                  Frame Armature_mixamorig_RightHand {
                    FrameTransformMatrix {
                       0.915699, 0.400323,-0.035165, 0.000000,
                      -0.361981, 0.859662, 0.360487, 0.000000,
                       0.174541,-0.317369, 0.932101, 0.000000,
                       0.000004,26.753399,-0.000007, 1.000000;;
                    }
                    Frame Armature_mixamorig_RightHandIndex1 {
                      FrameTransformMatrix {
                         0.842450,-0.438769, 0.312666, 0.000000,
                         0.213902, 0.805015, 0.553351, 0.000000,
                        -0.494494,-0.399291, 0.772038, 0.000000,
                         8.654203,18.447788,-1.479598, 1.000000;;
                      }
                      Frame Armature_mixamorig_RightHandIndex2 {
                        FrameTransformMatrix {
                           0.974318,-0.210641,-0.079587, 0.000000,
                           0.221632, 0.834638, 0.504241, 0.000000,
                          -0.039788,-0.508930, 0.859888, 0.000000,
                          -0.000006, 7.514412,-0.000002, 1.000000;;
                        }
                        Frame Armature_mixamorig_RightHandIndex3 {
                          FrameTransformMatrix {
                             0.968300,-0.231436,-0.093977, 0.000000,
                             0.245021, 0.953192, 0.177175, 0.000000,
                             0.048574,-0.194585, 0.979682, 0.000000,
                            -0.000006, 7.489391,-0.000007, 1.000000;;
                          }
                          Frame Armature_mixamorig_RightHandIndex4 {
                            FrameTransformMatrix {
                               1.000000, 0.000000,-0.000000, 0.000000,
                              -0.000000, 1.000000,-0.000000, 0.000000,
                              -0.000000,-0.000000, 1.000000, 0.000000,
                              -0.000001, 6.769706, 0.000002, 1.000000;;
                            }
                          } // End of Armature_mixamorig_RightHandIndex4
                        } // End of Armature_mixamorig_RightHandIndex3
                      } // End of Armature_mixamorig_RightHandIndex2
                    } // End of Armature_mixamorig_RightHandIndex1
                    Frame Armature_mixamorig_RightHandPinky1 {
                      FrameTransformMatrix {
                         0.021651, 0.587894,-0.808648, 0.000000,
                         0.518549, 0.684932, 0.511835, 0.000000,
                         0.854774,-0.430405,-0.290022, 0.000000,
                        -10.003107,17.507801, 0.477997, 1.000000;;
                      }
                      Frame Armature_mixamorig_RightHandPinky2 {
                        FrameTransformMatrix {
                           0.859827, 0.510585, 0.000213, 0.000000,
                          -0.510585, 0.859827, 0.000774, 0.000000,
                           0.000212,-0.000774, 1.000000, 0.000000,
                           0.000007, 7.044204,-0.000004, 1.000000;;
                        }
                        Frame Armature_mixamorig_RightHandPinky3 {
                          FrameTransformMatrix {
                             0.752630, 0.658443, 0.000375, 0.000000,
                            -0.658443, 0.752630, 0.000998, 0.000000,
                             0.000375,-0.000998, 0.999999, 0.000000,
                            -0.000001, 7.078889, 0.000005, 1.000000;;
                          }
                          Frame Armature_mixamorig_RightHandPinky4 {
                            FrameTransformMatrix {
                               1.000000,-0.000000,-0.000000, 0.000000,
                               0.000000, 1.000000,-0.000000, 0.000000,
                               0.000000, 0.000000, 1.000000, 0.000000,
                               0.000002, 7.092998, 0.000002, 1.000000;;
                            }
                          } // End of Armature_mixamorig_RightHandPinky4
                        } // End of Armature_mixamorig_RightHandPinky3
                      } // End of Armature_mixamorig_RightHandPinky2
                    } // End of Armature_mixamorig_RightHandPinky1
                    Frame Armature_mixamorig_RightHandThumb1 {
                      FrameTransformMatrix {
                         0.637127,-0.701194, 0.319994, 0.000000,
                         0.234128, 0.571618, 0.786407, 0.000000,
                        -0.734339,-0.426122, 0.528363, 0.000000,
                         6.163498, 2.492289, 4.446407, 1.000000;;
                      }
                      Frame Armature_mixamorig_RightHandThumb2 {
                        FrameTransformMatrix {
                           0.907449, 0.415068, 0.065225, 0.000000,
                          -0.380000, 0.876992,-0.294083, 0.000000,
                          -0.179266, 0.242080, 0.953552, 0.000000,
                           0.000001,10.473001,-0.000001, 1.000000;;
                        }
                        Frame Armature_mixamorig_RightHandThumb3 {
                          FrameTransformMatrix {
                             0.942310, 0.299520, 0.149467, 0.000000,
                            -0.240684, 0.916567,-0.319337, 0.000000,
                            -0.232645, 0.264940, 0.935779, 0.000000,
                            -0.000006, 8.498806,-0.000000, 1.000000;;
                          }
                          Frame Armature_mixamorig_RightHandThumb4 {
                            FrameTransformMatrix {
                               1.000000,-0.000000, 0.000000, 0.000000,
                               0.000000, 1.000000, 0.000001, 0.000000,
                              -0.000000,-0.000001, 1.000000, 0.000000,
                               0.000003, 8.025303,-0.000000, 1.000000;;
                            }
                          } // End of Armature_mixamorig_RightHandThumb4
                        } // End of Armature_mixamorig_RightHandThumb3
                      } // End of Armature_mixamorig_RightHandThumb2
                    } // End of Armature_mixamorig_RightHandThumb1
                  } // End of Armature_mixamorig_RightHand
                } // End of Armature_mixamorig_RightForeArm
              } // End of Armature_mixamorig_RightArm
            } // End of Armature_mixamorig_RightShoulder
          } // End of Armature_mixamorig_Spine2
        } // End of Armature_mixamorig_Spine1
      } // End of Armature_mixamorig_Spine
    } // End of Armature_mixamorig_Hips
  } // End of Armature
} // End of Root
AnimationSet Global {
  Animation {
    {Armature}
    AnimationKey { // Rotation
      0;
      112;
      0;4;-0.707107, 0.707107, 0.000000, 0.000000;;,
      1;4;-0.707107, 0.707107, 0.000000, 0.000000;;,
      2;4;-0.707107, 0.707107, 0.000000, 0.000000;;,
      3;4;-0.707107, 0.707107, 0.000000, 0.000000;;,
      4;4;-0.707107, 0.707107, 0.000000, 0.000000;;,
      5;4;-0.707107, 0.707107, 0.000000, 0.000000;;,
      6;4;-0.707107, 0.707107, 0.000000, 0.000000;;,
      7;4;-0.707107, 0.707107, 0.000000, 0.000000;;,
      8;4;-0.707107, 0.707107, 0.000000, 0.000000;;,
      9;4;-0.707107, 0.707107, 0.000000, 0.000000;;,
      10;4;-0.707107, 0.707107, 0.000000, 0.000000;;,
      11;4;-0.707107, 0.707107, 0.000000, 0.000000;;,
      12;4;-0.707107, 0.707107, 0.000000, 0.000000;;,
      13;4;-0.707107, 0.707107, 0.000000, 0.000000;;,
      14;4;-0.707107, 0.707107, 0.000000, 0.000000;;,
      15;4;-0.707107, 0.707107, 0.000000, 0.000000;;,
      16;4;-0.707107, 0.707107, 0.000000, 0.000000;;,
      17;4;-0.707107, 0.707107, 0.000000, 0.000000;;,
      18;4;-0.707107, 0.707107, 0.000000, 0.000000;;,
      19;4;-0.707107, 0.707107, 0.000000, 0.000000;;,
      20;4;-0.707107, 0.707107, 0.000000, 0.000000;;,
      21;4;-0.707107, 0.707107, 0.000000, 0.000000;;,
      22;4;-0.707107, 0.707107, 0.000000, 0.000000;;,
      23;4;-0.707107, 0.707107, 0.000000, 0.000000;;,
      24;4;-0.707107, 0.707107, 0.000000, 0.000000;;,
      25;4;-0.707107, 0.707107, 0.000000, 0.000000;;,
      26;4;-0.707107, 0.707107, 0.000000, 0.000000;;,
      27;4;-0.707107, 0.707107, 0.000000, 0.000000;;,
      28;4;-0.707107, 0.707107, 0.000000, 0.000000;;,
      29;4;-0.707107, 0.707107, 0.000000, 0.000000;;,
      30;4;-0.707107, 0.707107, 0.000000, 0.000000;;,
      31;4;-0.707107, 0.707107, 0.000000, 0.000000;;,
      32;4;-0.707107, 0.707107, 0.000000, 0.000000;;,
      33;4;-0.707107, 0.707107, 0.000000, 0.000000;;,
      34;4;-0.707107, 0.707107, 0.000000, 0.000000;;,
      35;4;-0.707107, 0.707107, 0.000000, 0.000000;;,
      36;4;-0.707107, 0.707107, 0.000000, 0.000000;;,
      37;4;-0.707107, 0.707107, 0.000000, 0.000000;;,
      38;4;-0.707107, 0.707107, 0.000000, 0.000000;;,
      39;4;-0.707107, 0.707107, 0.000000, 0.000000;;,
      40;4;-0.707107, 0.707107, 0.000000, 0.000000;;,
      41;4;-0.707107, 0.707107, 0.000000, 0.000000;;,
      42;4;-0.707107, 0.707107, 0.000000, 0.000000;;,
      43;4;-0.707107, 0.707107, 0.000000, 0.000000;;,
      44;4;-0.707107, 0.707107, 0.000000, 0.000000;;,
      45;4;-0.707107, 0.707107, 0.000000, 0.000000;;,
      46;4;-0.707107, 0.707107, 0.000000, 0.000000;;,
      47;4;-0.707107, 0.707107, 0.000000, 0.000000;;,
      48;4;-0.707107, 0.707107, 0.000000, 0.000000;;,
      49;4;-0.707107, 0.707107, 0.000000, 0.000000;;,
      50;4;-0.707107, 0.707107, 0.000000, 0.000000;;,
      51;4;-0.707107, 0.707107, 0.000000, 0.000000;;,
      52;4;-0.707107, 0.707107, 0.000000, 0.000000;;,
      53;4;-0.707107, 0.707107, 0.000000, 0.000000;;,
      54;4;-0.707107, 0.707107, 0.000000, 0.000000;;,
      55;4;-0.707107, 0.707107, 0.000000, 0.000000;;,
      56;4;-0.707107, 0.707107, 0.000000, 0.000000;;,
      57;4;-0.707107, 0.707107, 0.000000, 0.000000;;,
      58;4;-0.707107, 0.707107, 0.000000, 0.000000;;,
      59;4;-0.707107, 0.707107, 0.000000, 0.000000;;,
      60;4;-0.707107, 0.707107, 0.000000, 0.000000;;,
      61;4;-0.707107, 0.707107, 0.000000, 0.000000;;,
      62;4;-0.707107, 0.707107, 0.000000, 0.000000;;,
      63;4;-0.707107, 0.707107, 0.000000, 0.000000;;,
      64;4;-0.707107, 0.707107, 0.000000, 0.000000;;,
      65;4;-0.707107, 0.707107, 0.000000, 0.000000;;,
      66;4;-0.707107, 0.707107, 0.000000, 0.000000;;,
      67;4;-0.707107, 0.707107, 0.000000, 0.000000;;,
      68;4;-0.707107, 0.707107, 0.000000, 0.000000;;,
      69;4;-0.707107, 0.707107, 0.000000, 0.000000;;,
      70;4;-0.707107, 0.707107, 0.000000, 0.000000;;,
      71;4;-0.707107, 0.707107, 0.000000, 0.000000;;,
      72;4;-0.707107, 0.707107, 0.000000, 0.000000;;,
      73;4;-0.707107, 0.707107, 0.000000, 0.000000;;,
      74;4;-0.707107, 0.707107, 0.000000, 0.000000;;,
      75;4;-0.707107, 0.707107, 0.000000, 0.000000;;,
      76;4;-0.707107, 0.707107, 0.000000, 0.000000;;,
      77;4;-0.707107, 0.707107, 0.000000, 0.000000;;,
      78;4;-0.707107, 0.707107, 0.000000, 0.000000;;,
      79;4;-0.707107, 0.707107, 0.000000, 0.000000;;,
      80;4;-0.707107, 0.707107, 0.000000, 0.000000;;,
      81;4;-0.707107, 0.707107, 0.000000, 0.000000;;,
      82;4;-0.707107, 0.707107, 0.000000, 0.000000;;,
      83;4;-0.707107, 0.707107, 0.000000, 0.000000;;,
      84;4;-0.707107, 0.707107, 0.000000, 0.000000;;,
      85;4;-0.707107, 0.707107, 0.000000, 0.000000;;,
      86;4;-0.707107, 0.707107, 0.000000, 0.000000;;,
      87;4;-0.707107, 0.707107, 0.000000, 0.000000;;,
      88;4;-0.707107, 0.707107, 0.000000, 0.000000;;,
      89;4;-0.707107, 0.707107, 0.000000, 0.000000;;,
      90;4;-0.707107, 0.707107, 0.000000, 0.000000;;,
      91;4;-0.707107, 0.707107, 0.000000, 0.000000;;,
      92;4;-0.707107, 0.707107, 0.000000, 0.000000;;,
      93;4;-0.707107, 0.707107, 0.000000, 0.000000;;,
      94;4;-0.707107, 0.707107, 0.000000, 0.000000;;,
      95;4;-0.707107, 0.707107, 0.000000, 0.000000;;,
      96;4;-0.707107, 0.707107, 0.000000, 0.000000;;,
      97;4;-0.707107, 0.707107, 0.000000, 0.000000;;,
      98;4;-0.707107, 0.707107, 0.000000, 0.000000;;,
      99;4;-0.707107, 0.707107, 0.000000, 0.000000;;,
      100;4;-0.707107, 0.707107, 0.000000, 0.000000;;,
      101;4;-0.707107, 0.707107, 0.000000, 0.000000;;,
      102;4;-0.707107, 0.707107, 0.000000, 0.000000;;,
      103;4;-0.707107, 0.707107, 0.000000, 0.000000;;,
      104;4;-0.707107, 0.707107, 0.000000, 0.000000;;,
      105;4;-0.707107, 0.707107, 0.000000, 0.000000;;,
      106;4;-0.707107, 0.707107, 0.000000, 0.000000;;,
      107;4;-0.707107, 0.707107, 0.000000, 0.000000;;,
      108;4;-0.707107, 0.707107, 0.000000, 0.000000;;,
      109;4;-0.707107, 0.707107, 0.000000, 0.000000;;,
      110;4;-0.707107, 0.707107, 0.000000, 0.000000;;,
      111;4;-0.707107, 0.707107, 0.000000, 0.000000;;;
    }
    AnimationKey { // Scale
      1;
      112;
      0;3; 0.010000, 0.010000, 0.010000;;,
      1;3; 0.010000, 0.010000, 0.010000;;,
      2;3; 0.010000, 0.010000, 0.010000;;,
      3;3; 0.010000, 0.010000, 0.010000;;,
      4;3; 0.010000, 0.010000, 0.010000;;,
      5;3; 0.010000, 0.010000, 0.010000;;,
      6;3; 0.010000, 0.010000, 0.010000;;,
      7;3; 0.010000, 0.010000, 0.010000;;,
      8;3; 0.010000, 0.010000, 0.010000;;,
      9;3; 0.010000, 0.010000, 0.010000;;,
      10;3; 0.010000, 0.010000, 0.010000;;,
      11;3; 0.010000, 0.010000, 0.010000;;,
      12;3; 0.010000, 0.010000, 0.010000;;,
      13;3; 0.010000, 0.010000, 0.010000;;,
      14;3; 0.010000, 0.010000, 0.010000;;,
      15;3; 0.010000, 0.010000, 0.010000;;,
      16;3; 0.010000, 0.010000, 0.010000;;,
      17;3; 0.010000, 0.010000, 0.010000;;,
      18;3; 0.010000, 0.010000, 0.010000;;,
      19;3; 0.010000, 0.010000, 0.010000;;,
      20;3; 0.010000, 0.010000, 0.010000;;,
      21;3; 0.010000, 0.010000, 0.010000;;,
      22;3; 0.010000, 0.010000, 0.010000;;,
      23;3; 0.010000, 0.010000, 0.010000;;,
      24;3; 0.010000, 0.010000, 0.010000;;,
      25;3; 0.010000, 0.010000, 0.010000;;,
      26;3; 0.010000, 0.010000, 0.010000;;,
      27;3; 0.010000, 0.010000, 0.010000;;,
      28;3; 0.010000, 0.010000, 0.010000;;,
      29;3; 0.010000, 0.010000, 0.010000;;,
      30;3; 0.010000, 0.010000, 0.010000;;,
      31;3; 0.010000, 0.010000, 0.010000;;,
      32;3; 0.010000, 0.010000, 0.010000;;,
      33;3; 0.010000, 0.010000, 0.010000;;,
      34;3; 0.010000, 0.010000, 0.010000;;,
      35;3; 0.010000, 0.010000, 0.010000;;,
      36;3; 0.010000, 0.010000, 0.010000;;,
      37;3; 0.010000, 0.010000, 0.010000;;,
      38;3; 0.010000, 0.010000, 0.010000;;,
      39;3; 0.010000, 0.010000, 0.010000;;,
      40;3; 0.010000, 0.010000, 0.010000;;,
      41;3; 0.010000, 0.010000, 0.010000;;,
      42;3; 0.010000, 0.010000, 0.010000;;,
      43;3; 0.010000, 0.010000, 0.010000;;,
      44;3; 0.010000, 0.010000, 0.010000;;,
      45;3; 0.010000, 0.010000, 0.010000;;,
      46;3; 0.010000, 0.010000, 0.010000;;,
      47;3; 0.010000, 0.010000, 0.010000;;,
      48;3; 0.010000, 0.010000, 0.010000;;,
      49;3; 0.010000, 0.010000, 0.010000;;,
      50;3; 0.010000, 0.010000, 0.010000;;,
      51;3; 0.010000, 0.010000, 0.010000;;,
      52;3; 0.010000, 0.010000, 0.010000;;,
      53;3; 0.010000, 0.010000, 0.010000;;,
      54;3; 0.010000, 0.010000, 0.010000;;,
      55;3; 0.010000, 0.010000, 0.010000;;,
      56;3; 0.010000, 0.010000, 0.010000;;,
      57;3; 0.010000, 0.010000, 0.010000;;,
      58;3; 0.010000, 0.010000, 0.010000;;,
      59;3; 0.010000, 0.010000, 0.010000;;,
      60;3; 0.010000, 0.010000, 0.010000;;,
      61;3; 0.010000, 0.010000, 0.010000;;,
      62;3; 0.010000, 0.010000, 0.010000;;,
      63;3; 0.010000, 0.010000, 0.010000;;,
      64;3; 0.010000, 0.010000, 0.010000;;,
      65;3; 0.010000, 0.010000, 0.010000;;,
      66;3; 0.010000, 0.010000, 0.010000;;,
      67;3; 0.010000, 0.010000, 0.010000;;,
      68;3; 0.010000, 0.010000, 0.010000;;,
      69;3; 0.010000, 0.010000, 0.010000;;,
      70;3; 0.010000, 0.010000, 0.010000;;,
      71;3; 0.010000, 0.010000, 0.010000;;,
      72;3; 0.010000, 0.010000, 0.010000;;,
      73;3; 0.010000, 0.010000, 0.010000;;,
      74;3; 0.010000, 0.010000, 0.010000;;,
      75;3; 0.010000, 0.010000, 0.010000;;,
      76;3; 0.010000, 0.010000, 0.010000;;,
      77;3; 0.010000, 0.010000, 0.010000;;,
      78;3; 0.010000, 0.010000, 0.010000;;,
      79;3; 0.010000, 0.010000, 0.010000;;,
      80;3; 0.010000, 0.010000, 0.010000;;,
      81;3; 0.010000, 0.010000, 0.010000;;,
      82;3; 0.010000, 0.010000, 0.010000;;,
      83;3; 0.010000, 0.010000, 0.010000;;,
      84;3; 0.010000, 0.010000, 0.010000;;,
      85;3; 0.010000, 0.010000, 0.010000;;,
      86;3; 0.010000, 0.010000, 0.010000;;,
      87;3; 0.010000, 0.010000, 0.010000;;,
      88;3; 0.010000, 0.010000, 0.010000;;,
      89;3; 0.010000, 0.010000, 0.010000;;,
      90;3; 0.010000, 0.010000, 0.010000;;,
      91;3; 0.010000, 0.010000, 0.010000;;,
      92;3; 0.010000, 0.010000, 0.010000;;,
      93;3; 0.010000, 0.010000, 0.010000;;,
      94;3; 0.010000, 0.010000, 0.010000;;,
      95;3; 0.010000, 0.010000, 0.010000;;,
      96;3; 0.010000, 0.010000, 0.010000;;,
      97;3; 0.010000, 0.010000, 0.010000;;,
      98;3; 0.010000, 0.010000, 0.010000;;,
      99;3; 0.010000, 0.010000, 0.010000;;,
      100;3; 0.010000, 0.010000, 0.010000;;,
      101;3; 0.010000, 0.010000, 0.010000;;,
      102;3; 0.010000, 0.010000, 0.010000;;,
      103;3; 0.010000, 0.010000, 0.010000;;,
      104;3; 0.010000, 0.010000, 0.010000;;,
      105;3; 0.010000, 0.010000, 0.010000;;,
      106;3; 0.010000, 0.010000, 0.010000;;,
      107;3; 0.010000, 0.010000, 0.010000;;,
      108;3; 0.010000, 0.010000, 0.010000;;,
      109;3; 0.010000, 0.010000, 0.010000;;,
      110;3; 0.010000, 0.010000, 0.010000;;,
      111;3; 0.010000, 0.010000, 0.010000;;;
    }
    AnimationKey { // Position
      2;
      112;
      0;3; 0.000000, 0.000000, 0.000000;;,
      1;3; 0.000000, 0.000000, 0.000000;;,
      2;3; 0.000000, 0.000000, 0.000000;;,
      3;3; 0.000000, 0.000000, 0.000000;;,
      4;3; 0.000000, 0.000000, 0.000000;;,
      5;3; 0.000000, 0.000000, 0.000000;;,
      6;3; 0.000000, 0.000000, 0.000000;;,
      7;3; 0.000000, 0.000000, 0.000000;;,
      8;3; 0.000000, 0.000000, 0.000000;;,
      9;3; 0.000000, 0.000000, 0.000000;;,
      10;3; 0.000000, 0.000000, 0.000000;;,
      11;3; 0.000000, 0.000000, 0.000000;;,
      12;3; 0.000000, 0.000000, 0.000000;;,
      13;3; 0.000000, 0.000000, 0.000000;;,
      14;3; 0.000000, 0.000000, 0.000000;;,
      15;3; 0.000000, 0.000000, 0.000000;;,
      16;3; 0.000000, 0.000000, 0.000000;;,
      17;3; 0.000000, 0.000000, 0.000000;;,
      18;3; 0.000000, 0.000000, 0.000000;;,
      19;3; 0.000000, 0.000000, 0.000000;;,
      20;3; 0.000000, 0.000000, 0.000000;;,
      21;3; 0.000000, 0.000000, 0.000000;;,
      22;3; 0.000000, 0.000000, 0.000000;;,
      23;3; 0.000000, 0.000000, 0.000000;;,
      24;3; 0.000000, 0.000000, 0.000000;;,
      25;3; 0.000000, 0.000000, 0.000000;;,
      26;3; 0.000000, 0.000000, 0.000000;;,
      27;3; 0.000000, 0.000000, 0.000000;;,
      28;3; 0.000000, 0.000000, 0.000000;;,
      29;3; 0.000000, 0.000000, 0.000000;;,
      30;3; 0.000000, 0.000000, 0.000000;;,
      31;3; 0.000000, 0.000000, 0.000000;;,
      32;3; 0.000000, 0.000000, 0.000000;;,
      33;3; 0.000000, 0.000000, 0.000000;;,
      34;3; 0.000000, 0.000000, 0.000000;;,
      35;3; 0.000000, 0.000000, 0.000000;;,
      36;3; 0.000000, 0.000000, 0.000000;;,
      37;3; 0.000000, 0.000000, 0.000000;;,
      38;3; 0.000000, 0.000000, 0.000000;;,
      39;3; 0.000000, 0.000000, 0.000000;;,
      40;3; 0.000000, 0.000000, 0.000000;;,
      41;3; 0.000000, 0.000000, 0.000000;;,
      42;3; 0.000000, 0.000000, 0.000000;;,
      43;3; 0.000000, 0.000000, 0.000000;;,
      44;3; 0.000000, 0.000000, 0.000000;;,
      45;3; 0.000000, 0.000000, 0.000000;;,
      46;3; 0.000000, 0.000000, 0.000000;;,
      47;3; 0.000000, 0.000000, 0.000000;;,
      48;3; 0.000000, 0.000000, 0.000000;;,
      49;3; 0.000000, 0.000000, 0.000000;;,
      50;3; 0.000000, 0.000000, 0.000000;;,
      51;3; 0.000000, 0.000000, 0.000000;;,
      52;3; 0.000000, 0.000000, 0.000000;;,
      53;3; 0.000000, 0.000000, 0.000000;;,
      54;3; 0.000000, 0.000000, 0.000000;;,
      55;3; 0.000000, 0.000000, 0.000000;;,
      56;3; 0.000000, 0.000000, 0.000000;;,
      57;3; 0.000000, 0.000000, 0.000000;;,
      58;3; 0.000000, 0.000000, 0.000000;;,
      59;3; 0.000000, 0.000000, 0.000000;;,
      60;3; 0.000000, 0.000000, 0.000000;;,
      61;3; 0.000000, 0.000000, 0.000000;;,
      62;3; 0.000000, 0.000000, 0.000000;;,
      63;3; 0.000000, 0.000000, 0.000000;;,
      64;3; 0.000000, 0.000000, 0.000000;;,
      65;3; 0.000000, 0.000000, 0.000000;;,
      66;3; 0.000000, 0.000000, 0.000000;;,
      67;3; 0.000000, 0.000000, 0.000000;;,
      68;3; 0.000000, 0.000000, 0.000000;;,
      69;3; 0.000000, 0.000000, 0.000000;;,
      70;3; 0.000000, 0.000000, 0.000000;;,
      71;3; 0.000000, 0.000000, 0.000000;;,
      72;3; 0.000000, 0.000000, 0.000000;;,
      73;3; 0.000000, 0.000000, 0.000000;;,
      74;3; 0.000000, 0.000000, 0.000000;;,
      75;3; 0.000000, 0.000000, 0.000000;;,
      76;3; 0.000000, 0.000000, 0.000000;;,
      77;3; 0.000000, 0.000000, 0.000000;;,
      78;3; 0.000000, 0.000000, 0.000000;;,
      79;3; 0.000000, 0.000000, 0.000000;;,
      80;3; 0.000000, 0.000000, 0.000000;;,
      81;3; 0.000000, 0.000000, 0.000000;;,
      82;3; 0.000000, 0.000000, 0.000000;;,
      83;3; 0.000000, 0.000000, 0.000000;;,
      84;3; 0.000000, 0.000000, 0.000000;;,
      85;3; 0.000000, 0.000000, 0.000000;;,
      86;3; 0.000000, 0.000000, 0.000000;;,
      87;3; 0.000000, 0.000000, 0.000000;;,
      88;3; 0.000000, 0.000000, 0.000000;;,
      89;3; 0.000000, 0.000000, 0.000000;;,
      90;3; 0.000000, 0.000000, 0.000000;;,
      91;3; 0.000000, 0.000000, 0.000000;;,
      92;3; 0.000000, 0.000000, 0.000000;;,
      93;3; 0.000000, 0.000000, 0.000000;;,
      94;3; 0.000000, 0.000000, 0.000000;;,
      95;3; 0.000000, 0.000000, 0.000000;;,
      96;3; 0.000000, 0.000000, 0.000000;;,
      97;3; 0.000000, 0.000000, 0.000000;;,
      98;3; 0.000000, 0.000000, 0.000000;;,
      99;3; 0.000000, 0.000000, 0.000000;;,
      100;3; 0.000000, 0.000000, 0.000000;;,
      101;3; 0.000000, 0.000000, 0.000000;;,
      102;3; 0.000000, 0.000000, 0.000000;;,
      103;3; 0.000000, 0.000000, 0.000000;;,
      104;3; 0.000000, 0.000000, 0.000000;;,
      105;3; 0.000000, 0.000000, 0.000000;;,
      106;3; 0.000000, 0.000000, 0.000000;;,
      107;3; 0.000000, 0.000000, 0.000000;;,
      108;3; 0.000000, 0.000000, 0.000000;;,
      109;3; 0.000000, 0.000000, 0.000000;;,
      110;3; 0.000000, 0.000000, 0.000000;;,
      111;3; 0.000000, 0.000000, 0.000000;;;
    }
  }
  Animation {
    {Armature_mixamorig_Hips}
    AnimationKey { // Rotation
      0;
      112;
      0;4;-0.999932,-0.002140,-0.006465,-0.009489;;,
      1;4;-0.999932, 0.002145,-0.006507,-0.009462;;,
      2;4;-0.999905, 0.007624,-0.006521,-0.009428;;,
      3;4;-0.999838, 0.013877,-0.006483,-0.009491;;,
      4;4;-0.999724, 0.020485,-0.006426,-0.009555;;,
      5;4;-0.999568, 0.027029,-0.006359,-0.009616;;,
      6;4;-0.999386, 0.033090,-0.006293,-0.009671;;,
      7;4;-0.999202, 0.038249,-0.006234,-0.009715;;,
      8;4;-0.999035, 0.042369,-0.006187,-0.009749;;,
      9;4;-0.998844, 0.046673,-0.006131,-0.009777;;,
      10;4;-0.998637, 0.050908,-0.006068,-0.009803;;,
      11;4;-0.998445, 0.054537,-0.006007,-0.009822;;,
      12;4;-0.998338, 0.056475,-0.005976,-0.009855;;,
      13;4;-0.998442, 0.054577,-0.005970,-0.009936;;,
      14;4;-0.998667, 0.050276,-0.005994,-0.010015;;,
      15;4;-0.999052, 0.041906,-0.006075,-0.010091;;,
      16;4;-0.998400, 0.053858,-0.010596,-0.013584;;,
      17;4;-0.997517, 0.067939,-0.008366,-0.016547;;,
      18;4;-0.995985, 0.089021, 0.005963,-0.007320;;,
      19;4;-0.995615, 0.092233, 0.013603, 0.007658;;,
      20;4;-0.997188, 0.073293, 0.013803, 0.007346;;,
      21;4;-0.998171, 0.058493, 0.014062, 0.006024;;,
      22;4;-0.998308, 0.055529, 0.016098, 0.006134;;,
      23;4;-0.998433, 0.050505, 0.023993, 0.002360;;,
      24;4;-0.998131, 0.044496, 0.041795,-0.002634;;,
      25;4;-0.996824, 0.052512, 0.059664,-0.005016;;,
      26;4;-0.995133, 0.074986, 0.063915,-0.001456;;,
      27;4;-0.993445, 0.096176, 0.061623, 0.004484;;,
      28;4;-0.992100, 0.107883, 0.063467, 0.008405;;,
      29;4;-0.991374, 0.114185, 0.063150, 0.012342;;,
      30;4;-0.991357, 0.112963, 0.065014, 0.014944;;,
      31;4;-0.991679, 0.108708, 0.066982, 0.016372;;,
      32;4;-0.992275, 0.102240, 0.068225, 0.016829;;,
      33;4;-0.993049, 0.094519, 0.068135, 0.016664;;,
      34;4;-0.993771, 0.087325, 0.067261, 0.016444;;,
      35;4;-0.994155, 0.082922, 0.067070, 0.016786;;,
      36;4;-0.993948, 0.083472, 0.069067, 0.018179;;,
      37;4;-0.993016, 0.089938, 0.073443, 0.020898;;,
      38;4;-0.991511, 0.100935, 0.078045, 0.025057;;,
      39;4;-0.989939, 0.113129, 0.079321, 0.030509;;,
      40;4;-0.988755, 0.123855, 0.075372, 0.036636;;,
      41;4;-0.987813, 0.133275, 0.068393, 0.042255;;,
      42;4;-0.986701, 0.142463, 0.063476, 0.045793;;,
      43;4;-0.985696, 0.148945, 0.064050, 0.046010;;,
      44;4;-0.985957, 0.146364, 0.068122, 0.042718;;,
      45;4;-0.988294, 0.130835, 0.069396, 0.036630;;,
      46;4;-0.991814, 0.107525, 0.062598, 0.028723;;,
      47;4;-0.994612, 0.089896, 0.047735, 0.019664;;,
      48;4;-0.995258, 0.092034, 0.029825, 0.010076;;,
      49;4;-0.992597, 0.120524, 0.014931, 0.001281;;,
      50;4;-0.984296, 0.176330, 0.006761,-0.004738;;,
      51;4;-0.976393, 0.215970, 0.003669, 0.000751;;,
      52;4;-0.975856, 0.218344, 0.003151, 0.004561;;,
      53;4;-0.976643, 0.214739, 0.005057, 0.005509;;,
      54;4;-0.978320, 0.206613, 0.013496, 0.004437;;,
      55;4;-0.976725, 0.213876, 0.016087,-0.002629;;,
      56;4;-0.974025, 0.224943, 0.023886,-0.010298;;,
      57;4;-0.971593, 0.233575, 0.033366,-0.018325;;,
      58;4;-0.968406, 0.244920, 0.040545,-0.023660;;,
      59;4;-0.965848, 0.253388, 0.048198,-0.024680;;,
      60;4;-0.963028, 0.262880, 0.052751,-0.026261;;,
      61;4;-0.959907, 0.273467, 0.054674,-0.028367;;,
      62;4;-0.957615, 0.280826, 0.057578,-0.028212;;,
      63;4;-0.956892, 0.282928, 0.060045,-0.026540;;,
      64;4;-0.957515, 0.280881, 0.060415,-0.024907;;,
      65;4;-0.958887, 0.276737, 0.058624,-0.022720;;,
      66;4;-0.960306, 0.272755, 0.054891,-0.020089;;,
      67;4;-0.962497, 0.266217, 0.049581,-0.016436;;,
      68;4;-0.965942, 0.255110, 0.041952,-0.010709;;,
      69;4;-0.969601, 0.242711, 0.030942,-0.002866;;,
      70;4;-0.973809, 0.226340, 0.019406, 0.009411;;,
      71;4;-0.977723, 0.208711, 0.007362, 0.021055;;,
      72;4;-0.981191, 0.190506,-0.006383, 0.030497;;,
      73;4;-0.984235, 0.171437,-0.022085, 0.037471;;,
      74;4;-0.986897, 0.150926,-0.037327, 0.043148;;,
      75;4;-0.989338, 0.129060,-0.047575, 0.047852;;,
      76;4;-0.991749, 0.107150,-0.050251, 0.049273;;,
      77;4;-0.994081, 0.086933,-0.047593, 0.044512;;,
      78;4;-0.996069, 0.068871,-0.043757, 0.034489;;,
      79;4;-0.997524, 0.051980,-0.040255, 0.024952;;,
      80;4;-0.998499, 0.035544,-0.035520, 0.021801;;,
      81;4;-0.999082, 0.020249,-0.027609, 0.025754;;,
      82;4;-0.999306, 0.007826,-0.016536, 0.032450;;,
      83;4;-0.999293,-0.000224,-0.004503, 0.037328;;,
      84;4;-0.999224,-0.003741, 0.005188, 0.038852;;,
      85;4;-0.999248,-0.003962, 0.009297, 0.037440;;,
      86;4;-0.999431,-0.002869, 0.006111, 0.033050;;,
      87;4;-0.999684,-0.002515,-0.002840, 0.024844;;,
      88;4;-0.999821,-0.003779,-0.011531, 0.014484;;,
      89;4;-0.999850,-0.005921,-0.015972, 0.003275;;,
      90;4;-0.999870,-0.007107,-0.013256,-0.005876;;,
      91;4;-0.999931,-0.005305,-0.002375,-0.010165;;,
      92;4;-0.999937,-0.001748,-0.000957,-0.011099;;,
      93;4;-0.999909,-0.001810,-0.002665,-0.013120;;,
      94;4;-0.999941, 0.000475,-0.000104,-0.010851;;,
      95;4;-0.999953, 0.004162, 0.003772,-0.007893;;,
      96;4;-0.999939, 0.007407, 0.007147,-0.003928;;,
      97;4;-0.999885, 0.010362, 0.010888, 0.001937;;,
      98;4;-0.999816, 0.012275, 0.013979, 0.004703;;,
      99;4;-0.999779, 0.013362, 0.015590, 0.004464;;,
      100;4;-0.999750, 0.013970, 0.017017, 0.003819;;,
      101;4;-0.999731, 0.013703, 0.018622, 0.001991;;,
      102;4;-0.999734, 0.012915, 0.019117,-0.000569;;,
      103;4;-0.999763, 0.012100, 0.017970,-0.002161;;,
      104;4;-0.999808, 0.011374, 0.015550,-0.003594;;,
      105;4;-0.999847, 0.010462, 0.012950,-0.005296;;,
      106;4;-0.999882, 0.009151, 0.010665,-0.006188;;,
      107;4;-0.999920, 0.007241, 0.007891,-0.006713;;,
      108;4;-0.999949, 0.004525, 0.005203,-0.007447;;,
      109;4;-0.999962, 0.001725, 0.002818,-0.008093;;,
      110;4;-0.999962,-0.000617, 0.000737,-0.008634;;,
      111;4;-0.999953,-0.002202,-0.000000,-0.009475;;;
    }
    AnimationKey { // Scale
      1;
      112;
      0;3; 1.000000, 1.000000, 1.000000;;,
      1;3; 1.000000, 1.000000, 1.000000;;,
      2;3; 1.000000, 1.000000, 1.000000;;,
      3;3; 1.000000, 1.000000, 1.000000;;,
      4;3; 1.000000, 1.000000, 1.000000;;,
      5;3; 1.000000, 1.000000, 1.000000;;,
      6;3; 1.000000, 1.000000, 1.000000;;,
      7;3; 1.000000, 1.000000, 1.000000;;,
      8;3; 1.000000, 1.000000, 1.000000;;,
      9;3; 1.000000, 1.000000, 1.000000;;,
      10;3; 1.000000, 1.000000, 1.000000;;,
      11;3; 1.000000, 1.000000, 1.000000;;,
      12;3; 1.000000, 1.000000, 1.000000;;,
      13;3; 1.000000, 1.000000, 1.000000;;,
      14;3; 1.000000, 1.000000, 1.000000;;,
      15;3; 1.000000, 1.000000, 1.000000;;,
      16;3; 1.000000, 1.000000, 1.000000;;,
      17;3; 1.000000, 1.000000, 1.000000;;,
      18;3; 1.000000, 1.000000, 1.000000;;,
      19;3; 1.000000, 1.000000, 1.000000;;,
      20;3; 1.000000, 1.000000, 1.000000;;,
      21;3; 1.000000, 1.000000, 1.000000;;,
      22;3; 1.000000, 1.000000, 1.000000;;,
      23;3; 1.000000, 1.000000, 1.000000;;,
      24;3; 1.000000, 1.000000, 1.000000;;,
      25;3; 1.000000, 1.000000, 1.000000;;,
      26;3; 1.000000, 1.000000, 1.000000;;,
      27;3; 1.000000, 1.000000, 1.000000;;,
      28;3; 1.000000, 1.000000, 1.000000;;,
      29;3; 1.000000, 1.000000, 1.000000;;,
      30;3; 1.000000, 1.000000, 1.000000;;,
      31;3; 1.000000, 1.000000, 1.000000;;,
      32;3; 1.000000, 1.000000, 1.000000;;,
