xof 0303txt 0032

template XSkinMeshHeader {
  <3cf169ce-ff7c-44ab-93c0-f78f62d172e2>
  WORD nMaxSkinWeightsPerVertex;
  WORD nMaxSkinWeightsPerFace;
  WORD nBones;
}

template SkinWeights {
  <6f0d123b-bad2-4167-a0d0-80224f25fabb>
  STRING transformNodeName;
  DWORD nWeights;
  array DWORD vertexIndices[nWeights];
  array float weights[nWeights];
  Matrix4x4 matrixOffset;
}

Frame Root {
  FrameTransformMatrix {
     1.000000, 0.000000, 0.000000, 0.000000,
     0.000000,-0.000000,-1.000000, 0.000000,
     0.000000, 1.000000,-0.000000, 0.000000,
     0.000000, 0.000000, 0.000000, 1.000000;;
  }
  Frame root {
    FrameTransformMatrix {
       0.100000, 0.000000, 0.000000, 0.000000,
       0.000000,-0.000000, 0.100000, 0.000000,
       0.000000,-0.100000,-0.000000, 0.000000,
       0.000000, 0.000000, 0.000000, 1.000000;;
    }
    Frame root_Hips {
      FrameTransformMatrix {
         0.984178,-0.170732, 0.047374, 0.000000,
         0.075340, 0.161245,-0.984035, 0.000000,
         0.160367, 0.972034, 0.171557, 0.000000,
        -0.011295,68.606812, 0.939319, 1.000000;;
      }
      Frame root_BagHead {
        FrameTransformMatrix {
           0.000000,-0.000000, 1.000000, 0.000000,
           1.000000, 0.000000,-0.000000, 0.000000,
           0.000000, 1.000000, 0.000000, 0.000000,
          -0.000001, 7.465902, 4.000004, 1.000000;;
        }
        Frame root_BagFastenerHead {
          FrameTransformMatrix {
             1.000000, 0.000000,-0.000000, 0.000000,
             0.000000, 1.000000, 0.000000, 0.000000,
             0.000000, 0.000000, 1.000000, 0.000000,
             5.209194,12.639001, 4.420901, 1.000000;;
          }
        } // End of root_BagFastenerHead
        Frame root_BagNeck {
          FrameTransformMatrix {
             0.000000, 1.000000,-0.000000, 0.000000,
            -1.000000,-0.000000,-0.000000, 0.000000,
            -0.000000, 0.000000, 1.000000, 0.000000,
            -15.400010, 0.000001,10.699999, 1.000000;;
          }
          Frame root_BagFastenerNeck {
            FrameTransformMatrix {
               1.000000,-0.000000,-0.000000, 0.000000,
               0.000000, 1.000000,-0.000000, 0.000000,
              -0.000000, 0.000000, 1.000000, 0.000000,
               0.000000, 0.699998,-1.599999, 1.000000;;
            }
          } // End of root_BagFastenerNeck
          Frame root_BagLeftHand01 {
            FrameTransformMatrix {
               0.000000,-1.000000,-0.000000, 0.000000,
               1.000000, 0.000000, 0.000000, 0.000000,
              -0.000000,-0.000000, 1.000000, 0.000000,
               4.400000, 1.700001, 0.600001, 1.000000;;
            }
            Frame root_BagLeftHand02 {
              FrameTransformMatrix {
                 1.000000, 0.000001,-0.000000, 0.000000,
                -0.000001, 1.000000,-0.000000, 0.000000,
                -0.000000, 0.000000, 1.000000, 0.000000,
                -2.200003, 2.700001, 0.600002, 1.000000;;
              }
            } // End of root_BagLeftHand02
          } // End of root_BagLeftHand01
          Frame root_BagRightHand01 {
            FrameTransformMatrix {
               0.000000, 1.000000,-0.000000, 0.000000,
              -1.000000, 0.000000,-0.000000, 0.000000,
              -0.000000, 0.000000, 1.000000, 0.000000,
              -4.400000, 1.700001, 0.600001, 1.000000;;
            }
            Frame root_BagRightHand02 {
              FrameTransformMatrix {
                 1.000000,-0.000001,-0.000000, 0.000000,
                 0.000001, 1.000000,-0.000000, 0.000000,
                 0.000000, 0.000000, 1.000000, 0.000000,
                 2.200001, 2.700001, 0.599999, 1.000000;;
              }
            } // End of root_BagRightHand02
          } // End of root_BagRightHand01
          Frame root_BagSpine {
            FrameTransformMatrix {
               1.000000,-0.000000,-0.000000, 0.000000,
               0.000000, 1.000000,-0.000000, 0.000000,
              -0.000000, 0.000000, 1.000000, 0.000000,
              -0.000000, 3.099996, 1.299999, 1.000000;;
            }
            Frame root_BagHip {
              FrameTransformMatrix {
                 0.000000,-1.000000,-0.000000, 0.000000,
                 1.000000,-0.000000, 0.000000, 0.000000,
                -0.000000,-0.000000, 1.000000, 0.000000,
                 0.000000, 4.000006, 1.799999, 1.000000;;
              }
              Frame root_BagLeftLeg01 {
                FrameTransformMatrix {
                   0.000000, 1.000000,-0.000000, 0.000000,
                  -1.000000,-0.000000,-0.000000, 0.000000,
                  -0.000000, 0.000000, 1.000000, 0.000000,
                  -2.700004, 3.000002, 0.799999, 1.000000;;
                }
                Frame root_BagLeftLeg02 {
                  FrameTransformMatrix {
                     1.000000,-0.000000, 0.000000, 0.000000,
                    -0.000000, 1.000000,-0.000000, 0.000000,
                    -0.000000, 0.000000, 1.000000, 0.000000,
                     1.000001, 2.500005, 1.800001, 1.000000;;
                  }
                } // End of root_BagLeftLeg02
              } // End of root_BagLeftLeg01
              Frame root_BagRightLeg01 {
                FrameTransformMatrix {
                   0.000000, 1.000000,-0.000000, 0.000000,
                  -1.000000, 0.000000,-0.000000, 0.000000,
                  -0.000000, 0.000000, 1.000000, 0.000000,
                  -2.700004,-2.999999, 0.799999, 1.000000;;
                }
                Frame root_BagRightLeg02 {
                  FrameTransformMatrix {
                     1.000000, 0.000000, 0.000000, 0.000000,
                    -0.000000, 1.000000, 0.000000, 0.000000,
                     0.000000,-0.000000, 1.000000, 0.000000,
                    -1.000001, 2.499996, 1.799999, 1.000000;;
                  }
                } // End of root_BagRightLeg02
              } // End of root_BagRightLeg01
            } // End of root_BagHip
          } // End of root_BagSpine
        } // End of root_BagNeck
      } // End of root_BagHead
      Frame root_LeftUpLeg {
        FrameTransformMatrix {
           0.979598, 0.076368, 0.185892, 0.000000,
           0.093075,-0.992205,-0.082862, 0.000000,
           0.178115, 0.098473,-0.979070, 0.000000,
           6.499999, 0.500001,-3.499997, 1.000000;;
        }
        Frame root_LeftLeg {
          FrameTransformMatrix {
             0.999918, 0.011403, 0.005901, 0.000000,
             0.003041,-0.656899, 0.753973, 0.000000,
             0.012474,-0.753893,-0.656879, 0.000000,
            -0.000001,27.500004, 0.999999, 1.000000;;
          }
          Frame root_BootsLeft01 {
            FrameTransformMatrix {
               1.000000,-0.000000, 0.000000, 0.000000,
               0.000000,-1.000000,-0.000000, 0.000000,
               0.000000, 0.000000,-1.000000, 0.000000,
               0.473099,22.674492, 3.399999, 1.000000;;
            }
            Frame root_BootsLeft02 {
              FrameTransformMatrix {
                 1.000000, 0.000000, 0.000000, 0.000000,
                 0.000000, 1.000000, 0.000000, 0.000000,
                -0.000000,-0.000000, 1.000000, 0.000000,
                -0.000000, 3.999999, 0.000003, 1.000000;;
              }
            } // End of root_BootsLeft02
          } // End of root_BootsLeft01
          Frame root_LeftFoot {
            FrameTransformMatrix {
               0.998948, 0.039058, 0.024012, 0.000000,
              -0.005656, 0.624694,-0.780849, 0.000000,
              -0.045498, 0.779892, 0.624258, 0.000000,
              -0.000001,35.499996, 2.500000, 1.000000;;
            }
            Frame root_LeftToe {
              FrameTransformMatrix {
                 1.000000, 0.000000, 0.000000, 0.000000,
                 0.000000, 1.000000, 0.000000, 0.000000,
                 0.000000, 0.000000, 1.000000, 0.000000,
                 0.000000, 9.500003, 8.500001, 1.000000;;
              }
            } // End of root_LeftToe
          } // End of root_LeftFoot
        } // End of root_LeftLeg
      } // End of root_LeftUpLeg
      Frame root_RightUpLeg {
        FrameTransformMatrix {
           0.945521, 0.005146, 0.325520, 0.000000,
           0.293124,-0.448535,-0.844331, 0.000000,
           0.141662, 0.893750,-0.425608, 0.000000,
          -6.500000, 0.500001,-3.499995, 1.000000;;
        }
        Frame root_RightLeg {
          FrameTransformMatrix {
             0.995419, 0.051663, 0.080448, 0.000000,
            -0.092985, 0.718857, 0.688911, 0.000000,
            -0.022239,-0.693235, 0.720368, 0.000000,
            -0.000001,27.500000, 1.000000, 1.000000;;
          }
          Frame root_BootsRight01 {
            FrameTransformMatrix {
               1.000000, 0.000000,-0.000000, 0.000000,
               0.000000, 1.000000,-0.000000, 0.000000,
               0.000000, 0.000000, 1.000000, 0.000000,
              -0.473100,22.674500, 3.400001, 1.000000;;
            }
            Frame root_BootsRight02 {
              FrameTransformMatrix {
                 1.000000,-0.000000, 0.000000, 0.000000,
                 0.000000, 1.000000, 0.000000, 0.000000,
                 0.000000,-0.000000, 1.000000, 0.000000,
                 0.000000, 3.999999, 0.000001, 1.000000;;
              }
            } // End of root_BootsRight02
          } // End of root_BootsRight01
          Frame root_RightFoot {
            FrameTransformMatrix {
               0.996264, 0.085199,-0.014129, 0.000000,
               0.024733,-0.438218,-0.898528, 0.000000,
              -0.082746, 0.894822,-0.438688, 0.000000,
               0.000000,35.499996, 2.500000, 1.000000;;
            }
            Frame root_RightToe {
              FrameTransformMatrix {
                 1.000000, 0.000000,-0.000000, 0.000000,
                 0.000000, 1.000000,-0.000000, 0.000000,
                 0.000000, 0.000000, 1.000000, 0.000000,
                 0.000000, 9.500001, 8.499999, 1.000000;;
              }
            } // End of root_RightToe
          } // End of root_RightFoot
        } // End of root_RightLeg
      } // End of root_RightUpLeg
      Frame root_Spine {
        FrameTransformMatrix {
           0.992371, 0.056836, 0.109405, 0.000000,
          -0.107017,-0.043492, 0.993305, 0.000000,
           0.061214,-0.997436,-0.037078, 0.000000,
           0.000000,-1.500000, 8.999997, 1.000000;;
        }
        Frame root_Spine01 {
          FrameTransformMatrix {
             1.000000,-0.000000, 0.000000, 0.000000,
             0.000000,-0.000000, 1.000000, 0.000000,
             0.000000,-1.000000,-0.000000, 0.000000,
            -0.000000, 9.000010, 0.499999, 1.000000;;
          }
          Frame root_FastenerFront {
            FrameTransformMatrix {
               1.000000, 0.000000, 0.000000, 0.000000,
               0.000000, 1.000000, 0.000000, 0.000000,
               0.000000,-0.000000, 1.000000, 0.000000,
               2.772100, 6.631000, 3.900296, 1.000000;;
            }
          } // End of root_FastenerFront
          Frame root_LeftBust {
            FrameTransformMatrix {
               1.000000, 0.000000, 0.000000, 0.000000,
               0.000000, 1.000000, 0.000000, 0.000000,
               0.000000,-0.000000, 1.000000, 0.000000,
               5.670899, 3.040499,-6.273201, 1.000000;;
            }
          } // End of root_LeftBust
          Frame root_RightBust {
            FrameTransformMatrix {
               1.000000, 0.000000,-0.000000, 0.000000,
              -0.000000,-1.000000,-0.000000, 0.000000,
              -0.000000, 0.000000,-1.000000, 0.000000,
              -5.670900, 3.040499,-6.273003, 1.000000;;
            }
          } // End of root_RightBust
          Frame root_Spine02 {
            FrameTransformMatrix {
               1.000000, 0.000000, 0.000000, 0.000000,
              -0.000000, 0.000000,-1.000000, 0.000000,
               0.000000, 1.000000, 0.000000, 0.000000,
              -0.000000,-2.500000,-9.499996, 1.000000;;
            }
            Frame root_HoodMain01 {
              FrameTransformMatrix {
                 1.000000,-0.000000, 0.000000, 0.000000,
                 0.000000,-1.000000,-0.000000, 0.000000,
                 0.000000, 0.000000,-1.000000, 0.000000,
                -0.000000, 1.000011,-9.465900, 1.000000;;
              }
              Frame root_HoodMain02 {
                FrameTransformMatrix {
                   1.000000, 0.000000, 0.000000, 0.000000,
                   0.000000, 1.000000,-0.000000, 0.000000,
                  -0.000000,-0.000000, 1.000000, 0.000000,
                   0.000000, 4.099989,-0.300000, 1.000000;;
                }
              } // End of root_HoodMain02
            } // End of root_HoodMain01
            Frame root_HoodSubCenter {
              FrameTransformMatrix {
                 1.000000,-0.000000, 0.000000, 0.000000,
                -0.000000, 1.000000, 0.000000, 0.000000,
                 0.000000,-0.000000, 1.000000, 0.000000,
                 0.000000, 3.500003,-14.765898, 1.000000;;
              }
            } // End of root_HoodSubCenter
            Frame root_HoodSubLeftA01 {
              FrameTransformMatrix {
                 1.000000,-0.000000, 0.000000, 0.000000,
                -0.000000, 1.000000, 0.000000, 0.000000,
                 0.000000,-0.000000, 1.000000, 0.000000,
                 3.699999, 4.100006,-14.265899, 1.000000;;
              }
            } // End of root_HoodSubLeftA01
            Frame root_HoodSubLeftB01 {
              FrameTransformMatrix {
                 1.000000,-0.000000, 0.000000, 0.000000,
                -0.000000, 1.000000, 0.000000, 0.000000,
                 0.000000,-0.000000, 1.000000, 0.000000,
                 6.500000, 4.699995,-12.565898, 1.000000;;
              }
            } // End of root_HoodSubLeftB01
            Frame root_HoodSubRightA01 {
              FrameTransformMatrix {
                 1.000000,-0.000000,-0.000000, 0.000000,
                 0.000000,-1.000000, 0.000000, 0.000000,
                -0.000000,-0.000000,-1.000000, 0.000000,
                -3.700000, 4.100008,-14.265898, 1.000000;;
              }
            } // End of root_HoodSubRightA01
            Frame root_HoodSubRightB01 {
              FrameTransformMatrix {
                 1.000000,-0.000000,-0.000000, 0.000000,
                 0.000000,-1.000000, 0.000000, 0.000000,
                -0.000000,-0.000000,-1.000000, 0.000000,
                -6.500000, 4.700006,-12.565897, 1.000000;;
              }
            } // End of root_HoodSubRightB01
            Frame root_LeftShoulder {
              FrameTransformMatrix {
                 0.112687, 0.963145, 0.244240, 0.000000,
                 0.974499,-0.155130, 0.162130, 0.000000,
                 0.194043, 0.219742,-0.956065, 0.000000,
                 5.000000, 4.499998,-3.999999, 1.000000;;
              }
              Frame root_LeftArm {
                FrameTransformMatrix {
                   0.488852, 0.872321,-0.008929, 0.000000,
                  -0.747783, 0.424288, 0.510686, 0.000000,
                   0.449271,-0.242973, 0.859721, 0.000000,
                  -1.000013, 5.000000,-0.000004, 1.000000;;
                }
                Frame root_LeftForeArm {
                  FrameTransformMatrix {
                     0.997578, 0.046208, 0.051983, 0.000000,
                     0.046209, 0.118281,-0.991904, 0.000000,
                    -0.051983, 0.991904, 0.115859, 0.000000,
                     0.000001,18.000008, 0.000001, 1.000000;;
                  }
                  Frame root_LeftHand {
                    FrameTransformMatrix {
                       0.954922, 0.175658,-0.239309, 0.000000,
                      -0.175464, 0.984233, 0.022288, 0.000000,
                       0.239451, 0.020707, 0.970688, 0.000000,
                      -0.000002,20.499996, 0.000003, 1.000000;;
                    }
                    Frame root_LeftHandIndex1 {
                      FrameTransformMatrix {
                         0.144953, 0.988837, 0.034499, 0.000000,
                        -0.986068, 0.141496, 0.087458, 0.000000,
                         0.081601,-0.046696, 0.995571, 0.000000,
                         0.099998, 8.500001,-3.100004, 1.000000;;
                      }
                      Frame root_LeftHandIndex2 {
                        FrameTransformMatrix {
                           0.376973, 0.923825, 0.066621, 0.000000,
                          -0.924630, 0.371132, 0.085555, 0.000000,
                           0.054313,-0.093852, 0.994104, 0.000000,
                          -0.000003, 2.600002, 0.000001, 1.000000;;
                        }
                        Frame root_LeftHandIndex3 {
                          FrameTransformMatrix {
                             1.000000, 0.000000, 0.000000, 0.000000,
                            -0.000000, 1.000000, 0.000000, 0.000000,
                             0.000000, 0.000000, 1.000000, 0.000000,
                             0.000000, 2.999998,-0.000002, 1.000000;;
                          }
                        } // End of root_LeftHandIndex3
                      } // End of root_LeftHandIndex2
                    } // End of root_LeftHandIndex1
                    Frame root_LeftHandMiddle1 {
                      FrameTransformMatrix {
                         0.093755, 0.994864, 0.038163, 0.000000,
                        -0.991775, 0.089972, 0.091033, 0.000000,
                         0.087132,-0.046384, 0.995116, 0.000000,
                         0.499998, 8.500007,-1.200001, 1.000000;;
                      }
                      Frame root_LeftHandMiddle2 {
                        FrameTransformMatrix {
                           0.549249, 0.834049, 0.051845, 0.000000,
                          -0.834813, 0.544845, 0.078932, 0.000000,
                           0.037586,-0.086635, 0.995531, 0.000000,
                          -0.000007, 3.000003,-0.000002, 1.000000;;
                        }
                        Frame root_LeftHandMiddle3 {
                          FrameTransformMatrix {
                             1.000000,-0.000000,-0.000000, 0.000000,
                             0.000000, 1.000000, 0.000000, 0.000000,
                             0.000000,-0.000000, 1.000000, 0.000000,
                             0.000001, 3.000000, 0.000003, 1.000000;;
                          }
                        } // End of root_LeftHandMiddle3
                      } // End of root_LeftHandMiddle2
                    } // End of root_LeftHandMiddle1
                    Frame root_LeftHandPinky1 {
                      FrameTransformMatrix {
                        -0.091333, 0.993957, 0.060882, 0.000000,
                        -0.990773,-0.096848, 0.094807, 0.000000,
                         0.100130,-0.051662, 0.993632, 0.000000,
                        -0.000007, 7.800001, 2.599995, 1.000000;;
                      }
                      Frame root_LeftHandPinky2 {
                        FrameTransformMatrix {
                           0.398152, 0.915561, 0.056773, 0.000000,
                          -0.916266, 0.393968, 0.072426, 0.000000,
                           0.043943,-0.080856, 0.995757, 0.000000,
                           0.000003, 2.500000,-0.000002, 1.000000;;
                        }
                        Frame root_LeftHandPinky3 {
                          FrameTransformMatrix {
                             1.000000,-0.000000,-0.000000, 0.000000,
                             0.000000, 1.000000,-0.000000, 0.000000,
                             0.000000,-0.000000, 1.000000, 0.000000,
                             0.000003, 2.285403,-0.000002, 1.000000;;
                          }
                        } // End of root_LeftHandPinky3
                      } // End of root_LeftHandPinky2
                    } // End of root_LeftHandPinky1
                    Frame root_LeftHandRing1 {
                      FrameTransformMatrix {
                         0.116952, 0.992480, 0.036123, 0.000000,
                        -0.991021, 0.114253, 0.069445, 0.000000,
                         0.064796,-0.043920, 0.996931, 0.000000,
                         0.399997, 8.300004, 0.799998, 1.000000;;
                      }
                      Frame root_LeftHandRing2 {
                        FrameTransformMatrix {
                           0.395718, 0.917118, 0.047969, 0.000000,
                          -0.916378, 0.390880, 0.086391, 0.000000,
                           0.060481,-0.078144, 0.995106, 0.000000,
                           0.000005, 2.911000,-0.000001, 1.000000;;
                        }
                        Frame root_LeftHandRing3 {
                          FrameTransformMatrix {
                             1.000000,-0.000000, 0.000000, 0.000000,
                             0.000000, 1.000000, 0.000000, 0.000000,
                             0.000000, 0.000000, 1.000000, 0.000000,
                             0.000003, 2.760386, 0.000002, 1.000000;;
                          }
                        } // End of root_LeftHandRing3
                      } // End of root_LeftHandRing2
                    } // End of root_LeftHandRing1
                    Frame root_LeftHandThumb1 {
                      FrameTransformMatrix {
                        -0.134629,-0.586396,-0.798758, 0.000000,
                        -0.351192, 0.782008,-0.514906, 0.000000,
                         0.926574, 0.211196,-0.311218, 0.000000,
                        -1.100002, 3.100005,-3.600002, 1.000000;;
                      }
                      Frame root_LeftHandThumb2 {
                        FrameTransformMatrix {
                           0.825344, 0.213395, 0.522752, 0.000000,
                          -0.310028, 0.945055, 0.103700, 0.000000,
                          -0.471900,-0.247656, 0.846154, 0.000000,
                          -0.000013, 3.200004, 0.000003, 1.000000;;
                        }
                        Frame root_LeftHandThumb3 {
                          FrameTransformMatrix {
                             1.000000,-0.000001, 0.000000, 0.000000,
                             0.000001, 1.000000, 0.000002, 0.000000,
                            -0.000000,-0.000002, 1.000000, 0.000000,
                             0.000002, 3.400001, 0.000000, 1.000000;;
                          }
                        } // End of root_LeftHandThumb3
                      } // End of root_LeftHandThumb2
                    } // End of root_LeftHandThumb1
                  } // End of root_LeftHand
                } // End of root_LeftForeArm
              } // End of root_LeftArm
            } // End of root_LeftShoulder
            Frame root_Neck {
              FrameTransformMatrix {
                 0.998408, 0.051860, 0.022172, 0.000000,
                -0.052948, 0.997260, 0.051668, 0.000000,
                -0.019431,-0.052759, 0.998418, 0.000000,
                 0.000000, 6.300003,-1.599998, 1.000000;;
              }
              Frame root_Head {
                FrameTransformMatrix {
                   0.997838, 0.009211,-0.065075, 0.000000,
                  -0.031672, 0.934967,-0.353317, 0.000000,
                   0.057589, 0.354614, 0.933238, 0.000000,
                  -0.000000, 4.700002, 0.700001, 1.000000;;
                }
                Frame root_Hair {
                  FrameTransformMatrix {
                     0.000000, 1.000000, 0.000000, 0.000000,
                     1.000000,-0.000000,-0.000000, 0.000000,
                    -0.000000, 0.000000,-1.000000, 0.000000,
                    -0.000000,10.499996,-1.999999, 1.000000;;
                  }
                  Frame root_HairBackA01 {
                    FrameTransformMatrix {
                       1.000000,-0.000000, 0.000000, 0.000000,
                       0.000000, 1.000000,-0.000000, 0.000000,
                      -0.000000,-0.000000, 1.000000, 0.000000,
                       8.999990,10.799999, 6.465903, 1.000000;;
                    }
                    Frame root_HairBackA02 {
                      FrameTransformMatrix {
                         1.000000,-0.000000,-0.000000, 0.000000,
                         0.000000, 1.000000,-0.000000, 0.000000,
                         0.000000, 0.000000, 1.000000, 0.000000,
                         1.999998, 4.500000, 3.199999, 1.000000;;
                      }
                      Frame root_HairBackA03 {
                        FrameTransformMatrix {
                           1.000000,-0.000000,-0.000000, 0.000000,
                          -0.000000, 1.000000,-0.000000, 0.000000,
                           0.000000, 0.000000, 1.000000, 0.000000,
                           0.399977, 4.300003, 2.900000, 1.000000;;
                        }
                        Frame root_HairBackA04 {
                          FrameTransformMatrix {
                             1.000000,-0.000001, 0.000000, 0.000000,
                             0.000001, 1.000000, 0.000000, 0.000000,
                             0.000000,-0.000000, 1.000000, 0.000000,
                            -0.000005, 4.400003, 3.300000, 1.000000;;
                          }
                        } // End of root_HairBackA04
                      } // End of root_HairBackA03
                    } // End of root_HairBackA02
                  } // End of root_HairBackA01
                  Frame root_HairBackB01 {
                    FrameTransformMatrix {
                       0.000000, 1.000000,-0.000000, 0.000000,
                      -1.000000, 0.000000,-0.000000, 0.000000,
                      -0.000000, 0.000000, 1.000000, 0.000000,
                       1.599989,13.600000, 6.865901, 1.000000;;
                    }
                    Frame root_HairBackB02 {
                      FrameTransformMatrix {
                         1.000000, 0.000000, 0.000000, 0.000000,
                        -0.000000, 1.000000, 0.000000, 0.000000,
                        -0.000000,-0.000000, 1.000000, 0.000000,
                         0.099999, 4.500010,-0.800002, 1.000000;;
                      }
                      Frame root_HairBackB03 {
                        FrameTransformMatrix {
                           1.000000,-0.000000,-0.000000, 0.000000,
                           0.000000, 1.000000,-0.000000, 0.000000,
                          -0.000000,-0.000000, 1.000000, 0.000000,
                           0.699999, 5.700002, 0.199999, 1.000000;;
                        }
                        Frame root_HairBackB04 {
                          FrameTransformMatrix {
                             1.000000, 0.000000,-0.000000, 0.000000,
                             0.000000, 1.000000, 0.000000, 0.000000,
                             0.000000,-0.000000, 1.000000, 0.000000,
                             1.500001, 4.199999, 1.100001, 1.000000;;
                          }
                        } // End of root_HairBackB04
                      } // End of root_HairBackB03
                    } // End of root_HairBackB02
                  } // End of root_HairBackB01
                  Frame root_HairBackC01 {
                    FrameTransformMatrix {
                       0.000000, 1.000000,-0.000000, 0.000000,
                      -1.000000, 0.000000,-0.000000, 0.000000,
                       0.000000, 0.000000, 1.000000, 0.000000,
                       1.599995,12.500000, 9.265901, 1.000000;;
                    }
                    Frame root_HairBackC02 {
                      FrameTransformMatrix {
                         1.000000, 0.000000,-0.000000, 0.000000,
                         0.000000, 1.000000,-0.000000, 0.000000,
                         0.000000, 0.000000, 1.000000, 0.000000,
                         1.600004, 4.300018,-0.199999, 1.000000;;
                      }
                      Frame root_HairBackC03 {
                        FrameTransformMatrix {
                           1.000000, 0.000000, 0.000000, 0.000000,
                           0.000000, 1.000000, 0.000000, 0.000000,
                          -0.000000,-0.000000, 1.000000, 0.000000,
                           1.700000, 4.000010, 0.200001, 1.000000;;
                        }
                        Frame root_HairBackC04 {
                          FrameTransformMatrix {
                            -0.000001,-1.000000,-0.000000, 0.000000,
                             1.000000,-0.000001, 0.000000, 0.000000,
                            -0.000000,-0.000000, 1.000000, 0.000000,
                             2.900000, 3.899995, 1.399999, 1.000000;;
                          }
                          Frame root_HairBackC05 {
                            FrameTransformMatrix {
                               1.000000, 0.000001, 0.000000, 0.000000,
                              -0.000001, 1.000000,-0.000000, 0.000000,
                              -0.000000, 0.000000, 1.000000, 0.000000,
                              -2.400009, 4.200003, 2.300000, 1.000000;;
                            }
                            Frame root_HairBackC06 {
                              FrameTransformMatrix {
                                 1.000000,-0.000000, 0.000000, 0.000000,
                                 0.000000, 1.000000,-0.000000, 0.000000,
                                -0.000000, 0.000000, 1.000000, 0.000000,
                                -0.300013, 5.300001, 3.399999, 1.000000;;
                              }
                              Frame root_HairBackC07 {
                                FrameTransformMatrix {
                                   1.000000,-0.000000, 0.000000, 0.000000,
                                   0.000000, 1.000000, 0.000000, 0.000000,
                                   0.000000,-0.000000, 1.000000, 0.000000,
                                   2.500004, 3.299996, 1.899999, 1.000000;;
                                }
                              } // End of root_HairBackC07
                            } // End of root_HairBackC06
                          } // End of root_HairBackC05
                        } // End of root_HairBackC04
                      } // End of root_HairBackC03
                    } // End of root_HairBackC02
                  } // End of root_HairBackC01
                  Frame root_HairBackD01 {
                    FrameTransformMatrix {
                       0.000000, 1.000000,-0.000000, 0.000000,
                      -1.000000, 0.000000,-0.000000, 0.000000,
                       0.000000, 0.000000, 1.000000, 0.000000,
                       1.999992,15.200002, 9.365901, 1.000000;;
                    }
                    Frame root_HairBackD02 {
                      FrameTransformMatrix {
                         1.000000,-0.000000,-0.000000, 0.000000,
                         0.000000, 1.000000,-0.000000, 0.000000,
                        -0.000000, 0.000000, 1.000000, 0.000000,
                         0.600002, 3.099998, 0.800000, 1.000000;;
                      }
                      Frame root_HairBackD03 {
                        FrameTransformMatrix {
                          -0.000000,-1.000000,-0.000000, 0.000000,
                           1.000000, 0.000000, 0.000000, 0.000000,
                          -0.000000,-0.000000, 1.000000, 0.000000,
                           1.599999, 2.400009, 1.100001, 1.000000;;
                        }
                        Frame root_HairBackD04 {
                          FrameTransformMatrix {
                             1.000000,-0.000000,-0.000000, 0.000000,
                             0.000000, 1.000000,-0.000000, 0.000000,
                             0.000000, 0.000000, 1.000000, 0.000000,
                            -1.599998, 2.000000, 1.500001, 1.000000;;
                          }
                        } // End of root_HairBackD04
                      } // End of root_HairBackD03
                    } // End of root_HairBackD02
                  } // End of root_HairBackD01
                  Frame root_HairLeftA01 {
                    FrameTransformMatrix {
                       0.000000, 1.000000,-0.000000, 0.000000,
                      -1.000000, 0.000000,-0.000000, 0.000000,
                      -0.000000, 0.000000, 1.000000, 0.000000,
                      -8.200008, 8.399999,-1.934102, 1.000000;;
                    }
                    Frame root_HairLeftA02 {
                      FrameTransformMatrix {
                         1.000000, 0.000000,-0.000000, 0.000000,
                         0.000000, 1.000000, 0.000000, 0.000000,
                        -0.000000,-0.000000, 1.000000, 0.000000,
                        -1.100000, 3.300003,-1.399999, 1.000000;;
                      }
                    } // End of root_HairLeftA02
                  } // End of root_HairLeftA01
                  Frame root_HairLeftB01 {
                    FrameTransformMatrix {
                       0.000000, 1.000000,-0.000000, 0.000000,
                      -1.000000, 0.000000,-0.000000, 0.000000,
                      -0.000000, 0.000000, 1.000000, 0.000000,
                      -5.700004, 9.299999,-3.634101, 1.000000;;
                    }
                    Frame root_HairLeftB02 {
                      FrameTransformMatrix {
                         1.000000, 0.000000, 0.000000, 0.000000,
                        -0.000000, 1.000000, 0.000000, 0.000000,
                        -0.000000,-0.000000, 1.000000, 0.000000,
                        -1.500000, 2.100005,-1.700000, 1.000000;;
                      }
                    } // End of root_HairLeftB02
                  } // End of root_HairLeftB01
                  Frame root_HairLeftC01 {
                    FrameTransformMatrix {
                       1.000000,-0.000000, 0.000000, 0.000000,
                       0.000000, 1.000000,-0.000000, 0.000000,
                      -0.000000,-0.000000, 1.000000, 0.000000,
                      -4.900014, 7.299999,-6.634101, 1.000000;;
                    }
                  } // End of root_HairLeftC01
                  Frame root_HairRightA01 {
                    FrameTransformMatrix {
                       0.000000, 1.000000, 0.000000, 0.000000,
                      -1.000000, 0.000000,-0.000000, 0.000000,
                      -0.000000,-0.000000, 1.000000, 0.000000,
                      -8.200002,-8.400007,-1.934101, 1.000000;;
                    }
                    Frame root_HairRightA02 {
                      FrameTransformMatrix {
                         1.000000, 0.000000,-0.000000, 0.000000,
                        -0.000000, 1.000000,-0.000000, 0.000000,
                        -0.000000, 0.000000, 1.000000, 0.000000,
                         1.100000, 3.300015,-1.399998, 1.000000;;
                      }
                    } // End of root_HairRightA02
                  } // End of root_HairRightA01
                  Frame root_HairRightB01 {
                    FrameTransformMatrix {
                       0.000001, 1.000000, 0.000000, 0.000000,
                      -1.000000, 0.000001,-0.000000, 0.000000,
                      -0.000000,-0.000000, 1.000000, 0.000000,
                      -5.700003,-9.300010,-3.634101, 1.000000;;
                    }
                    Frame root_HairRightB02 {
                      FrameTransformMatrix {
                         1.000000, 0.000001, 0.000000, 0.000000,
                        -0.000000, 1.000000,-0.000000, 0.000000,
                        -0.000000, 0.000000, 1.000000, 0.000000,
                         1.500000, 2.099995,-1.700002, 1.000000;;
                      }
                    } // End of root_HairRightB02
                  } // End of root_HairRightB01
                  Frame root_HairRightC01 {
                    FrameTransformMatrix {
                      -1.000000,-0.000000,-0.000000, 0.000000,
                       0.000000, 1.000000,-0.000000, 0.000000,
                       0.000000, 0.000000,-1.000000, 0.000000,
                      -4.900011,-7.300008,-6.634101, 1.000000;;
                    }
                  } // End of root_HairRightC01
                } // End of root_Hair
                Frame root_LeftEye {
                  FrameTransformMatrix {
                     1.000000, 0.000000,-0.000000, 0.000000,
                    -0.000000, 1.000000, 0.000000, 0.000000,
                     0.000000,-0.000000, 1.000000, 0.000000,
                     4.251600, 7.363196, 4.000000, 1.000000;;
                  }
                } // End of root_LeftEye
                Frame root_RightEye {
                  FrameTransformMatrix {
                     1.000000, 0.000000,-0.000000, 0.000000,
                     0.000000,-1.000000, 0.000000, 0.000000,
                    -0.000000,-0.000000,-1.000000, 0.000000,
                    -4.251600, 7.362993, 3.999999, 1.000000;;
                  }
                } // End of root_RightEye
              } // End of root_Head
            } // End of root_Neck
            Frame root_RightShoulder {
              FrameTransformMatrix {
                 0.277616,-0.947812,-0.156786, 0.000000,
                -0.945612,-0.298398, 0.129523, 0.000000,
                -0.169548, 0.112301,-0.979103, 0.000000,
                -5.000000, 4.500006,-3.999998, 1.000000;;
              }
              Frame root_RightArm {
                FrameTransformMatrix {
                   0.795750,-0.536535, 0.280914, 0.000000,
                   0.604231, 0.734807,-0.308162, 0.000000,
                  -0.041078, 0.414957, 0.908913, 0.000000,
                   1.000011, 5.000000, 0.000001, 1.000000;;
                }
                Frame root_RightForeArm {
                  FrameTransformMatrix {
                     0.997584,-0.046099,-0.051970, 0.000000,
                    -0.046097, 0.120405,-0.991654, 0.000000,
                     0.051972, 0.991654, 0.117989, 0.000000,
                     0.000007,18.000006,-0.000002, 1.000000;;
                  }
                  Frame root_RightHand {
                    FrameTransformMatrix {
                       0.937859, 0.282379,-0.201698, 0.000000,
                      -0.303301, 0.949440,-0.081072, 0.000000,
                       0.168607, 0.137209, 0.976087, 0.000000,
                      -0.000002,20.500000, 0.000004, 1.000000;;
                    }
                    Frame root_RightHandIndex1 {
                      FrameTransformMatrix {
                         0.535652,-0.843500, 0.039805, 0.000000,
                         0.843096, 0.536863, 0.031100, 0.000000,
                        -0.047603, 0.016901, 0.998723, 0.000000,
                        -0.099992, 8.500003,-3.099990, 1.000000;;
                      }
                      Frame root_RightHandIndex2 {
                        FrameTransformMatrix {
                           0.519620,-0.852738,-0.053232, 0.000000,
                           0.853367, 0.514926, 0.081338, 0.000000,
                          -0.041950,-0.087691, 0.995264, 0.000000,
                           0.000004, 2.599999, 0.000004, 1.000000;;
                        }
                        Frame root_RightHandIndex3 {
                          FrameTransformMatrix {
                             1.000000,-0.000000,-0.000000, 0.000000,
                             0.000000, 1.000000,-0.000000, 0.000000,
                            -0.000000,-0.000000, 1.000000, 0.000000,
                            -0.000000, 2.999996, 0.000004, 1.000000;;
                          }
                        } // End of root_RightHandIndex3
                      } // End of root_RightHandIndex2
                    } // End of root_RightHandIndex1
                    Frame root_RightHandMiddle1 {
                      FrameTransformMatrix {
