xof 0303txt 0032

template XSkinMeshHeader {
  <3cf169ce-ff7c-44ab-93c0-f78f62d172e2>
  WORD nMaxSkinWeightsPerVertex;
  WORD nMaxSkinWeightsPerFace;
  WORD nBones;
}

template SkinWeights {
  <6f0d123b-bad2-4167-a0d0-80224f25fabb>
  STRING transformNodeName;
  DWORD nWeights;
  array DWORD vertexIndices[nWeights];
  array float weights[nWeights];
  Matrix4x4 matrixOffset;
}

Frame Root {
  FrameTransformMatrix {
     1.000000, 0.000000, 0.000000, 0.000000,
     0.000000,-0.000000,-1.000000, 0.000000,
     0.000000, 1.000000,-0.000000, 0.000000,
     0.000000, 0.000000, 0.000000, 1.000000;;
  }
  Frame root {
    FrameTransformMatrix {
       0.100000, 0.000000, 0.000000, 0.000000,
       0.000000,-0.000000, 0.100000, 0.000000,
       0.000000,-0.100000,-0.000000, 0.000000,
       0.000000, 0.000000, 0.000000, 1.000000;;
    }
    Frame root_Hips {
      FrameTransformMatrix {
         0.982037,-0.074299,-0.173443, 0.000000,
        -0.174274,-0.004797,-0.984685, 0.000000,
         0.072329, 0.997224,-0.017659, 0.000000,
         0.055239,74.593307, 0.602730, 1.000000;;
      }
      Frame root_BagHead {
        FrameTransformMatrix {
           0.000000,-0.000000, 1.000000, 0.000000,
           1.000000,-0.000000, 0.000000, 0.000000,
          -0.000000, 1.000000, 0.000000, 0.000000,
          -0.000000, 7.465900, 4.000001, 1.000000;;
        }
        Frame root_BagFastenerHead {
          FrameTransformMatrix {
             1.000000,-0.000000,-0.000000, 0.000000,
            -0.000000, 1.000000,-0.000000, 0.000000,
             0.000000, 0.000000, 1.000000, 0.000000,
             5.209205,12.638999, 4.420900, 1.000000;;
          }
        } // End of root_BagFastenerHead
        Frame root_BagNeck {
          FrameTransformMatrix {
            -0.000000, 1.000000,-0.000000, 0.000000,
            -1.000000, 0.000000, 0.000000, 0.000000,
             0.000000, 0.000000, 1.000000, 0.000000,
            -15.400001, 0.000000,10.699999, 1.000000;;
          }
          Frame root_BagFastenerNeck {
            FrameTransformMatrix {
               1.000000,-0.000000,-0.000000, 0.000000,
               0.000000, 1.000000,-0.000000, 0.000000,
               0.000000, 0.000000, 1.000000, 0.000000,
               0.000000, 0.699998,-1.600002, 1.000000;;
            }
          } // End of root_BagFastenerNeck
          Frame root_BagLeftHand01 {
            FrameTransformMatrix {
              -0.000000,-1.000000,-0.000000, 0.000000,
               1.000000,-0.000000, 0.000000, 0.000000,
              -0.000000,-0.000000, 1.000000, 0.000000,
               4.400000, 1.700002, 0.599998, 1.000000;;
            }
            Frame root_BagLeftHand02 {
              FrameTransformMatrix {
                 1.000000, 0.000001, 0.000000, 0.000000,
                -0.000001, 1.000000,-0.000000, 0.000000,
                 0.000000, 0.000000, 1.000000, 0.000000,
                -2.200003, 2.700000, 0.599999, 1.000000;;
              }
            } // End of root_BagLeftHand02
          } // End of root_BagLeftHand01
          Frame root_BagRightHand01 {
            FrameTransformMatrix {
               0.000000, 1.000000,-0.000000, 0.000000,
              -1.000000, 0.000000,-0.000000, 0.000000,
              -0.000000, 0.000000, 1.000000, 0.000000,
              -4.400000, 1.700002, 0.599998, 1.000000;;
            }
            Frame root_BagRightHand02 {
              FrameTransformMatrix {
                 1.000000,-0.000001, 0.000000, 0.000000,
                 0.000001, 1.000000,-0.000000, 0.000000,
                -0.000000, 0.000000, 1.000000, 0.000000,
                 2.200004, 2.700000, 0.600001, 1.000000;;
              }
            } // End of root_BagRightHand02
          } // End of root_BagRightHand01
          Frame root_BagSpine {
            FrameTransformMatrix {
               1.000000,-0.000000,-0.000000, 0.000000,
               0.000000, 1.000000,-0.000000, 0.000000,
               0.000000, 0.000000, 1.000000, 0.000000,
               0.000000, 3.100000, 1.299998, 1.000000;;
            }
            Frame root_BagHip {
              FrameTransformMatrix {
                 0.000000,-1.000000,-0.000000, 0.000000,
                 1.000000,-0.000000, 0.000000, 0.000000,
                -0.000000,-0.000000, 1.000000, 0.000000,
                -0.000000, 3.999998, 1.799999, 1.000000;;
              }
              Frame root_BagLeftLeg01 {
                FrameTransformMatrix {
                   0.000000, 1.000000,-0.000000, 0.000000,
                  -1.000000,-0.000000,-0.000000, 0.000000,
                  -0.000000, 0.000000, 1.000000, 0.000000,
                  -2.700001, 3.000000, 0.800000, 1.000000;;
                }
                Frame root_BagLeftLeg02 {
                  FrameTransformMatrix {
                     1.000000,-0.000000,-0.000000, 0.000000,
                    -0.000000, 1.000000, 0.000000, 0.000000,
                    -0.000000, 0.000000, 1.000000, 0.000000,
                     1.000000, 2.500005, 1.799997, 1.000000;;
                  }
                } // End of root_BagLeftLeg02
              } // End of root_BagLeftLeg01
              Frame root_BagRightLeg01 {
                FrameTransformMatrix {
                   0.000000, 1.000000,-0.000000, 0.000000,
                  -1.000000, 0.000000,-0.000000, 0.000000,
                  -0.000000, 0.000000, 1.000000, 0.000000,
                  -2.700002,-3.000000, 0.800001, 1.000000;;
                }
                Frame root_BagRightLeg02 {
                  FrameTransformMatrix {
                     1.000000, 0.000000, 0.000000, 0.000000,
                    -0.000000, 1.000000, 0.000000, 0.000000,
                    -0.000000,-0.000000, 1.000000, 0.000000,
                    -1.000001, 2.500000, 1.799999, 1.000000;;
                  }
                } // End of root_BagRightLeg02
              } // End of root_BagRightLeg01
            } // End of root_BagHip
          } // End of root_BagSpine
        } // End of root_BagNeck
      } // End of root_BagHead
      Frame root_LeftUpLeg {
        FrameTransformMatrix {
           0.999114,-0.001523, 0.042065, 0.000000,
           0.035322,-0.513220,-0.857530, 0.000000,
           0.022895, 0.858255,-0.512712, 0.000000,
           6.500000, 0.500000,-3.500000, 1.000000;;
        }
        Frame root_LeftLeg {
          FrameTransformMatrix {
             0.992023,-0.084165,-0.093850, 0.000000,
             0.120783, 0.421426, 0.898783, 0.000000,
            -0.036095,-0.902949, 0.428230, 0.000000,
             0.000000,27.499996, 0.999998, 1.000000;;
          }
          Frame root_BootsLeft01 {
            FrameTransformMatrix {
               1.000000, 0.000000, 0.000000, 0.000000,
               0.000000,-1.000000,-0.000000, 0.000000,
               0.000000,-0.000000,-1.000000, 0.000000,
               0.473099,22.674496, 3.400002, 1.000000;;
            }
            Frame root_BootsLeft02 {
              FrameTransformMatrix {
                 1.000000,-0.000000, 0.000000, 0.000000,
                -0.000000, 1.000000, 0.000000, 0.000000,
                -0.000000,-0.000000, 1.000000, 0.000000,
                -0.000001, 4.000000, 0.000000, 1.000000;;
              }
            } // End of root_BootsLeft02
          } // End of root_BootsLeft01
          Frame root_LeftFoot {
            FrameTransformMatrix {
               0.999828, 0.017823, 0.005042, 0.000000,
               0.002068, 0.163082,-0.986610, 0.000000,
              -0.018406, 0.986452, 0.163017, 0.000000,
              -0.000001,35.500000, 2.500002, 1.000000;;
            }
            Frame root_LeftToe {
              FrameTransformMatrix {
                 1.000000, 0.000000,-0.000000, 0.000000,
                 0.000000, 1.000000, 0.000000, 0.000000,
                 0.000000,-0.000000, 1.000000, 0.000000,
                -0.000000, 9.499999, 8.499999, 1.000000;;
              }
            } // End of root_LeftToe
          } // End of root_LeftFoot
        } // End of root_LeftLeg
      } // End of root_LeftUpLeg
      Frame root_RightUpLeg {
        FrameTransformMatrix {
           0.962206,-0.192373, 0.192750, 0.000000,
           0.152245,-0.206855,-0.966454, 0.000000,
           0.225791, 0.959273,-0.169749, 0.000000,
          -6.500000, 0.500000,-3.499999, 1.000000;;
        }
        Frame root_RightLeg {
          FrameTransformMatrix {
             0.999045, 0.022900, 0.037219, 0.000000,
            -0.032217, 0.961405, 0.273245, 0.000000,
            -0.029525,-0.274183, 0.961224, 0.000000,
            -0.000001,27.499996, 1.000000, 1.000000;;
          }
          Frame root_BootsRight01 {
            FrameTransformMatrix {
               1.000000, 0.000000, 0.000000, 0.000000,
              -0.000000, 1.000000,-0.000000, 0.000000,
               0.000000, 0.000000, 1.000000, 0.000000,
              -0.473099,22.674494, 3.400000, 1.000000;;
            }
            Frame root_BootsRight02 {
              FrameTransformMatrix {
                 1.000000,-0.000000, 0.000000, 0.000000,
                 0.000000, 1.000000, 0.000000, 0.000000,
                 0.000000,-0.000000, 1.000000, 0.000000,
                 0.000000, 4.000000,-0.000000, 1.000000;;
              }
            } // End of root_BootsRight02
          } // End of root_BootsRight01
          Frame root_RightFoot {
            FrameTransformMatrix {
               0.993098, 0.069561,-0.094435, 0.000000,
              -0.088985,-0.077676,-0.992999, 0.000000,
              -0.076409, 0.994549,-0.070950, 0.000000,
               0.000001,35.499992, 2.500000, 1.000000;;
            }
            Frame root_RightToe {
              FrameTransformMatrix {
                 1.000000,-0.000000, 0.000000, 0.000000,
                 0.000000, 1.000000,-0.000000, 0.000000,
                -0.000000, 0.000000, 1.000000, 0.000000,
                -0.000000, 9.500001, 8.500000, 1.000000;;
              }
            } // End of root_RightToe
          } // End of root_RightFoot
        } // End of root_RightLeg
      } // End of root_RightUpLeg
      Frame root_Spine {
        FrameTransformMatrix {
           0.998539,-0.015095, 0.051884, 0.000000,
          -0.052514,-0.044835, 0.997613, 0.000000,
          -0.012733,-0.998880,-0.045562, 0.000000,
          -0.000000,-1.500000, 8.999995, 1.000000;;
        }
        Frame root_Spine01 {
          FrameTransformMatrix {
             1.000000, 0.000000,-0.000000, 0.000000,
             0.000000,-0.000000, 1.000000, 0.000000,
            -0.000000,-1.000000,-0.000000, 0.000000,
             0.000000, 9.000011, 0.500000, 1.000000;;
          }
          Frame root_FastenerFront {
            FrameTransformMatrix {
               1.000000,-0.000000,-0.000000, 0.000000,
               0.000000, 1.000000, 0.000000, 0.000000,
              -0.000000,-0.000000, 1.000000, 0.000000,
               2.772100, 6.631001, 3.900293, 1.000000;;
            }
          } // End of root_FastenerFront
          Frame root_LeftBust {
            FrameTransformMatrix {
               1.000000,-0.000000,-0.000000, 0.000000,
               0.000000, 1.000000, 0.000000, 0.000000,
              -0.000000,-0.000000, 1.000000, 0.000000,
               5.670900, 3.040500,-6.273199, 1.000000;;
            }
          } // End of root_LeftBust
          Frame root_RightBust {
            FrameTransformMatrix {
               1.000000,-0.000000,-0.000000, 0.000000,
              -0.000000,-1.000000,-0.000000, 0.000000,
              -0.000000, 0.000000,-1.000000, 0.000000,
              -5.670899, 3.040500,-6.273010, 1.000000;;
            }
          } // End of root_RightBust
          Frame root_Spine02 {
            FrameTransformMatrix {
               1.000000,-0.000000,-0.000000, 0.000000,
               0.000000, 0.000000,-1.000000, 0.000000,
               0.000000, 1.000000, 0.000000, 0.000000,
               0.000000,-2.499999,-9.499997, 1.000000;;
            }
            Frame root_HoodMain01 {
              FrameTransformMatrix {
                 1.000000, 0.000000, 0.000000, 0.000000,
                -0.000000,-1.000000,-0.000000, 0.000000,
                 0.000000, 0.000000,-1.000000, 0.000000,
                 0.000000, 0.999998,-9.465900, 1.000000;;
              }
              Frame root_HoodMain02 {
                FrameTransformMatrix {
                   1.000000,-0.000000, 0.000000, 0.000000,
                  -0.000000, 1.000000, 0.000000, 0.000000,
                  -0.000000,-0.000000, 1.000000, 0.000000,
                   0.000000, 4.100005,-0.300001, 1.000000;;
                }
              } // End of root_HoodMain02
            } // End of root_HoodMain01
            Frame root_HoodSubCenter {
              FrameTransformMatrix {
                 1.000000, 0.000000,-0.000000, 0.000000,
                 0.000000, 1.000000, 0.000000, 0.000000,
                 0.000000,-0.000000, 1.000000, 0.000000,
                -0.000000, 3.499994,-14.765900, 1.000000;;
              }
            } // End of root_HoodSubCenter
            Frame root_HoodSubLeftA01 {
              FrameTransformMatrix {
                 1.000000, 0.000000,-0.000000, 0.000000,
                 0.000000, 1.000000, 0.000000, 0.000000,
                 0.000000,-0.000000, 1.000000, 0.000000,
                 3.700000, 4.099990,-14.265900, 1.000000;;
              }
            } // End of root_HoodSubLeftA01
            Frame root_HoodSubLeftB01 {
              FrameTransformMatrix {
                 1.000000, 0.000000,-0.000000, 0.000000,
                 0.000000, 1.000000, 0.000000, 0.000000,
                 0.000000,-0.000000, 1.000000, 0.000000,
                 6.500000, 4.699997,-12.565900, 1.000000;;
              }
            } // End of root_HoodSubLeftB01
            Frame root_HoodSubRightA01 {
              FrameTransformMatrix {
                 1.000000, 0.000000,-0.000000, 0.000000,
                -0.000000,-1.000000, 0.000000, 0.000000,
                -0.000000,-0.000000,-1.000000, 0.000000,
                -3.700000, 4.099992,-14.265899, 1.000000;;
              }
            } // End of root_HoodSubRightA01
            Frame root_HoodSubRightB01 {
              FrameTransformMatrix {
                 1.000000, 0.000000,-0.000000, 0.000000,
                -0.000000,-1.000000, 0.000000, 0.000000,
                -0.000000,-0.000000,-1.000000, 0.000000,
                -6.500000, 4.699995,-12.565900, 1.000000;;
              }
            } // End of root_HoodSubRightB01
            Frame root_LeftShoulder {
              FrameTransformMatrix {
                -0.096714, 0.991413, 0.088009, 0.000000,
                 0.898638, 0.048964, 0.435950, 0.000000,
                 0.427898, 0.121251,-0.895657, 0.000000,
                 4.999999, 4.499995,-4.000000, 1.000000;;
              }
              Frame root_LeftArm {
                FrameTransformMatrix {
                   0.308056, 0.949154, 0.064865, 0.000000,
                  -0.950898, 0.305044, 0.052361, 0.000000,
                   0.029912,-0.077810, 0.996519, 0.000000,
                  -1.000004, 5.000000, 0.000001, 1.000000;;
                }
                Frame root_LeftForeArm {
                  FrameTransformMatrix {
                     0.997879, 0.020180, 0.061890, 0.000000,
                     0.020180, 0.807997,-0.588841, 0.000000,
                    -0.061890, 0.588841, 0.805876, 0.000000,
                     0.000000,17.999996,-0.000002, 1.000000;;
                  }
                  Frame root_LeftHand {
                    FrameTransformMatrix {
                       0.950042,-0.039346,-0.309631, 0.000000,
                      -0.040922, 0.967756,-0.248541, 0.000000,
                       0.309426, 0.248795, 0.917800, 0.000000,
                      -0.000001,20.499998, 0.000001, 1.000000;;
                    }
                    Frame root_LeftHandIndex1 {
                      FrameTransformMatrix {
                         0.991883,-0.127041, 0.005340, 0.000000,
                         0.127070, 0.988846,-0.077697, 0.000000,
                         0.004590, 0.077745, 0.996963, 0.000000,
                         0.100002, 8.499998,-3.099998, 1.000000;;
                      }
                      Frame root_LeftHandIndex2 {
                        FrameTransformMatrix {
                           0.957112, 0.289622, 0.007407, 0.000000,
                          -0.289689, 0.956351, 0.038389, 0.000000,
                           0.004034,-0.038888, 0.999235, 0.000000,
                          -0.000002, 2.600000, 0.000007, 1.000000;;
                        }
                        Frame root_LeftHandIndex3 {
                          FrameTransformMatrix {
                             1.000000, 0.000000, 0.000000, 0.000000,
                            -0.000000, 1.000000, 0.000000, 0.000000,
                            -0.000000,-0.000000, 1.000000, 0.000000,
                            -0.000004, 3.000002,-0.000002, 1.000000;;
                          }
                        } // End of root_LeftHandIndex3
                      } // End of root_LeftHandIndex2
                    } // End of root_LeftHandIndex1
                    Frame root_LeftHandMiddle1 {
                      FrameTransformMatrix {
                         0.973610, 0.227931,-0.011433, 0.000000,
                        -0.228036, 0.973611,-0.008961, 0.000000,
                         0.009088, 0.011332, 0.999894, 0.000000,
                         0.500000, 8.500003,-1.199999, 1.000000;;
                      }
                      Frame root_LeftHandMiddle2 {
                        FrameTransformMatrix {
                           0.890047, 0.455577, 0.016298, 0.000000,
                          -0.455777, 0.888583, 0.051838, 0.000000,
                           0.009134,-0.053567, 0.998522, 0.000000,
                           0.000004, 3.000002,-0.000007, 1.000000;;
                        }
                        Frame root_LeftHandMiddle3 {
                          FrameTransformMatrix {
                             1.000000,-0.000000, 0.000000, 0.000000,
                             0.000000, 1.000000, 0.000000, 0.000000,
                             0.000000, 0.000000, 1.000000, 0.000000,
                             0.000001, 2.999996,-0.000003, 1.000000;;
                          }
                        } // End of root_LeftHandMiddle3
                      } // End of root_LeftHandMiddle2
                    } // End of root_LeftHandMiddle1
                    Frame root_LeftHandPinky1 {
                      FrameTransformMatrix {
                         0.885917, 0.463679,-0.012340, 0.000000,
                        -0.460017, 0.881709, 0.104758, 0.000000,
                         0.059454,-0.087131, 0.994421, 0.000000,
                        -0.000005, 7.800004, 2.600004, 1.000000;;
                      }
                      Frame root_LeftHandPinky2 {
                        FrameTransformMatrix {
                           0.873613, 0.486433, 0.013530, 0.000000,
                          -0.486575, 0.872809, 0.038067, 0.000000,
                           0.006708,-0.039839, 0.999184, 0.000000,
                           0.000001, 2.500001, 0.000000, 1.000000;;
                        }
                        Frame root_LeftHandPinky3 {
                          FrameTransformMatrix {
                             1.000000,-0.000000,-0.000000, 0.000000,
                             0.000000, 1.000000, 0.000000, 0.000000,
                             0.000000,-0.000000, 1.000000, 0.000000,
                            -0.000002, 2.285392, 0.000001, 1.000000;;
                          }
                        } // End of root_LeftHandPinky3
                      } // End of root_LeftHandPinky2
                    } // End of root_LeftHandPinky1
                    Frame root_LeftHandRing1 {
                      FrameTransformMatrix {
                         0.856620, 0.515851,-0.010011, 0.000000,
                        -0.515893, 0.856651,-0.001934, 0.000000,
                         0.007578, 0.006821, 0.999948, 0.000000,
                         0.400003, 8.300001, 0.800001, 1.000000;;
                      }
                      Frame root_LeftHandRing2 {
                        FrameTransformMatrix {
                           0.955328, 0.295534, 0.002642, 0.000000,
                          -0.295469, 0.954839, 0.031321, 0.000000,
                           0.006734,-0.030702, 0.999506, 0.000000,
                           0.000001, 2.911002, 0.000004, 1.000000;;
                        }
                        Frame root_LeftHandRing3 {
                          FrameTransformMatrix {
                             1.000000,-0.000000,-0.000000, 0.000000,
                             0.000000, 1.000000, 0.000000, 0.000000,
                            -0.000000,-0.000000, 1.000000, 0.000000,
                             0.000002, 2.760397, 0.000003, 1.000000;;
                          }
                        } // End of root_LeftHandRing3
                      } // End of root_LeftHandRing2
                    } // End of root_LeftHandRing1
                    Frame root_LeftHandThumb1 {
                      FrameTransformMatrix {
                        -0.485065,-0.442149,-0.754465, 0.000000,
                        -0.245332, 0.896917,-0.367902, 0.000000,
                         0.839360, 0.006638,-0.543536, 0.000000,
                        -1.099999, 3.099999,-3.600000, 1.000000;;
                      }
                      Frame root_LeftHandThumb2 {
                        FrameTransformMatrix {
                           0.602210, 0.187222, 0.776074, 0.000000,
                          -0.155997, 0.980969,-0.115603, 0.000000,
                          -0.782949,-0.051448, 0.619955, 0.000000,
                           0.000000, 3.199997, 0.000003, 1.000000;;
                        }
                        Frame root_LeftHandThumb3 {
                          FrameTransformMatrix {
                             1.000000,-0.000001, 0.000000, 0.000000,
                             0.000001, 1.000000, 0.000002, 0.000000,
                            -0.000000,-0.000002, 1.000000, 0.000000,
                            -0.000001, 3.400000, 0.000003, 1.000000;;
                          }
                        } // End of root_LeftHandThumb3
                      } // End of root_LeftHandThumb2
                    } // End of root_LeftHandThumb1
                  } // End of root_LeftHand
                } // End of root_LeftForeArm
              } // End of root_LeftArm
            } // End of root_LeftShoulder
            Frame root_Neck {
              FrameTransformMatrix {
                 0.994861, 0.003368, 0.101191, 0.000000,
                 0.004742, 0.996800,-0.079795, 0.000000,
                -0.101136, 0.079865, 0.991662, 0.000000,
                 0.000000, 6.299994,-1.600000, 1.000000;;
              }
              Frame root_Head {
                FrameTransformMatrix {
                   0.997739, 0.006991, 0.066850, 0.000000,
                  -0.005402, 0.999700,-0.023911, 0.000000,
                  -0.066997, 0.023496, 0.997477, 0.000000,
                   0.000000, 4.699993, 0.700000, 1.000000;;
                }
                Frame root_Hair {
                  FrameTransformMatrix {
                     0.000000, 1.000000, 0.000000, 0.000000,
                     1.000000, 0.000000,-0.000000, 0.000000,
                    -0.000000, 0.000000,-1.000000, 0.000000,
                    -0.000000,10.500011,-2.000000, 1.000000;;
                  }
                  Frame root_HairBackA01 {
                    FrameTransformMatrix {
                       1.000000,-0.000000, 0.000000, 0.000000,
                      -0.000000, 1.000000,-0.000000, 0.000000,
                      -0.000000, 0.000000, 1.000000, 0.000000,
                       9.000004,10.800000, 6.465902, 1.000000;;
                    }
                    Frame root_HairBackA02 {
                      FrameTransformMatrix {
                         1.000000, 0.000000,-0.000000, 0.000000,
                        -0.000000, 1.000000, 0.000000, 0.000000,
                        -0.000000, 0.000000, 1.000000, 0.000000,
                         1.999999, 4.500002, 3.200000, 1.000000;;
                      }
                      Frame root_HairBackA03 {
                        FrameTransformMatrix {
                           1.000000, 0.000000,-0.000000, 0.000000,
                           0.000000, 1.000000, 0.000000, 0.000000,
                          -0.000000, 0.000000, 1.000000, 0.000000,
                           0.399997, 4.300004, 2.899999, 1.000000;;
                        }
                        Frame root_HairBackA04 {
                          FrameTransformMatrix {
                             1.000000,-0.000001, 0.000000, 0.000000,
                             0.000001, 1.000000, 0.000000, 0.000000,
                            -0.000000,-0.000000, 1.000000, 0.000000,
                            -0.000005, 4.400001, 3.299998, 1.000000;;
                          }
                        } // End of root_HairBackA04
                      } // End of root_HairBackA03
                    } // End of root_HairBackA02
                  } // End of root_HairBackA01
                  Frame root_HairBackB01 {
                    FrameTransformMatrix {
                       0.000000, 1.000000,-0.000000, 0.000000,
                      -1.000000, 0.000000,-0.000000, 0.000000,
                      -0.000000, 0.000000, 1.000000, 0.000000,
                       1.599996,13.600001, 6.865900, 1.000000;;
                    }
                    Frame root_HairBackB02 {
                      FrameTransformMatrix {
                         1.000000, 0.000000,-0.000000, 0.000000,
                        -0.000000, 1.000000, 0.000000, 0.000000,
                        -0.000000,-0.000000, 1.000000, 0.000000,
                         0.100001, 4.500001,-0.800000, 1.000000;;
                      }
                      Frame root_HairBackB03 {
                        FrameTransformMatrix {
                           1.000000,-0.000000,-0.000000, 0.000000,
                           0.000000, 1.000000,-0.000000, 0.000000,
                           0.000000, 0.000000, 1.000000, 0.000000,
                           0.700000, 5.699995, 0.200000, 1.000000;;
                        }
                        Frame root_HairBackB04 {
                          FrameTransformMatrix {
                             1.000000, 0.000000,-0.000000, 0.000000,
                            -0.000000, 1.000000, 0.000000, 0.000000,
                            -0.000000,-0.000000, 1.000000, 0.000000,
                             1.500000, 4.199988, 1.100001, 1.000000;;
                          }
                        } // End of root_HairBackB04
                      } // End of root_HairBackB03
                    } // End of root_HairBackB02
                  } // End of root_HairBackB01
                  Frame root_HairBackC01 {
                    FrameTransformMatrix {
                       0.000000, 1.000000,-0.000000, 0.000000,
                      -1.000000, 0.000000,-0.000000, 0.000000,
                      -0.000000, 0.000000, 1.000000, 0.000000,
                       1.599998,12.500000, 9.265902, 1.000000;;
                    }
                    Frame root_HairBackC02 {
                      FrameTransformMatrix {
                         1.000000, 0.000000,-0.000000, 0.000000,
                        -0.000000, 1.000000,-0.000000, 0.000000,
                        -0.000000, 0.000000, 1.000000, 0.000000,
                         1.600001, 4.300002,-0.200000, 1.000000;;
                      }
                      Frame root_HairBackC03 {
                        FrameTransformMatrix {
                           1.000000, 0.000000,-0.000000, 0.000000,
                           0.000000, 1.000000, 0.000000, 0.000000,
                           0.000000, 0.000000, 1.000000, 0.000000,
                           1.700001, 3.999986, 0.200000, 1.000000;;
                        }
                        Frame root_HairBackC04 {
                          FrameTransformMatrix {
                            -0.000001,-1.000000,-0.000000, 0.000000,
                             1.000000,-0.000001, 0.000000, 0.000000,
                            -0.000000,-0.000000, 1.000000, 0.000000,
                             2.900000, 3.899994, 1.400001, 1.000000;;
                          }
                          Frame root_HairBackC05 {
                            FrameTransformMatrix {
                               1.000000, 0.000001,-0.000000, 0.000000,
                              -0.000001, 1.000000,-0.000000, 0.000000,
                              -0.000000, 0.000000, 1.000000, 0.000000,
                              -2.399999, 4.200001, 2.299999, 1.000000;;
                            }
                            Frame root_HairBackC06 {
                              FrameTransformMatrix {
                                 1.000000,-0.000000, 0.000000, 0.000000,
                                -0.000000, 1.000000,-0.000000, 0.000000,
                                -0.000000, 0.000000, 1.000000, 0.000000,
                                -0.300009, 5.300001, 3.400002, 1.000000;;
                              }
                              Frame root_HairBackC07 {
                                FrameTransformMatrix {
                                   1.000000,-0.000000, 0.000000, 0.000000,
                                   0.000000, 1.000000, 0.000000, 0.000000,
                                  -0.000000,-0.000000, 1.000000, 0.000000,
                                   2.499998, 3.299998, 1.900002, 1.000000;;
                                }
                              } // End of root_HairBackC07
                            } // End of root_HairBackC06
                          } // End of root_HairBackC05
                        } // End of root_HairBackC04
                      } // End of root_HairBackC03
                    } // End of root_HairBackC02
                  } // End of root_HairBackC01
                  Frame root_HairBackD01 {
                    FrameTransformMatrix {
                       0.000000, 1.000000,-0.000000, 0.000000,
                      -1.000000, 0.000000,-0.000000, 0.000000,
                      -0.000000, 0.000000, 1.000000, 0.000000,
                       1.999999,15.200002, 9.365901, 1.000000;;
                    }
                    Frame root_HairBackD02 {
                      FrameTransformMatrix {
                         1.000000,-0.000000,-0.000000, 0.000000,
                         0.000000, 1.000000,-0.000000, 0.000000,
                         0.000000, 0.000000, 1.000000, 0.000000,
                         0.600003, 3.099997, 0.800000, 1.000000;;
                      }
                      Frame root_HairBackD03 {
                        FrameTransformMatrix {
                           0.000000,-1.000000,-0.000000, 0.000000,
                           1.000000, 0.000000, 0.000000, 0.000000,
                          -0.000000,-0.000000, 1.000000, 0.000000,
                           1.599999, 2.400001, 1.100002, 1.000000;;
                        }
                        Frame root_HairBackD04 {
                          FrameTransformMatrix {
                             1.000000, 0.000000,-0.000000, 0.000000,
                            -0.000000, 1.000000,-0.000000, 0.000000,
                             0.000000, 0.000000, 1.000000, 0.000000,
                            -1.599990, 2.000000, 1.500000, 1.000000;;
                          }
                        } // End of root_HairBackD04
                      } // End of root_HairBackD03
                    } // End of root_HairBackD02
                  } // End of root_HairBackD01
                  Frame root_HairLeftA01 {
                    FrameTransformMatrix {
                       0.000000, 1.000000,-0.000000, 0.000000,
                      -1.000000, 0.000000,-0.000000, 0.000000,
                      -0.000000, 0.000000, 1.000000, 0.000000,
                      -8.199994, 8.399999,-1.934101, 1.000000;;
                    }
                    Frame root_HairLeftA02 {
                      FrameTransformMatrix {
                         1.000000, 0.000000,-0.000000, 0.000000,
                         0.000000, 1.000000, 0.000000, 0.000000,
                        -0.000000, 0.000000, 1.000000, 0.000000,
                        -1.100001, 3.299993,-1.400001, 1.000000;;
                      }
                    } // End of root_HairLeftA02
                  } // End of root_HairLeftA01
                  Frame root_HairLeftB01 {
                    FrameTransformMatrix {
                       0.000000, 1.000000,-0.000000, 0.000000,
                      -1.000000, 0.000000,-0.000000, 0.000000,
                      -0.000000, 0.000000, 1.000000, 0.000000,
                      -5.699994, 9.300001,-3.634101, 1.000000;;
                    }
                    Frame root_HairLeftB02 {
                      FrameTransformMatrix {
                         1.000000, 0.000000,-0.000000, 0.000000,
                        -0.000000, 1.000000, 0.000000, 0.000000,
                        -0.000000, 0.000000, 1.000000, 0.000000,
                        -1.500000, 2.099992,-1.700001, 1.000000;;
                      }
                    } // End of root_HairLeftB02
                  } // End of root_HairLeftB01
                  Frame root_HairLeftC01 {
                    FrameTransformMatrix {
                       1.000000,-0.000000, 0.000000, 0.000000,
                      -0.000000, 1.000000,-0.000000, 0.000000,
                      -0.000000, 0.000000, 1.000000, 0.000000,
                      -4.899997, 7.299999,-6.634101, 1.000000;;
                    }
                  } // End of root_HairLeftC01
                  Frame root_HairRightA01 {
                    FrameTransformMatrix {
                       0.000000, 1.000000, 0.000000, 0.000000,
                      -1.000000, 0.000000,-0.000000, 0.000000,
                      -0.000000,-0.000000, 1.000000, 0.000000,
                      -8.199999,-8.400006,-1.934101, 1.000000;;
                    }
                    Frame root_HairRightA02 {
                      FrameTransformMatrix {
                         1.000000, 0.000000,-0.000000, 0.000000,
                        -0.000000, 1.000000,-0.000000, 0.000000,
                         0.000000, 0.000000, 1.000000, 0.000000,
                         1.100000, 3.299996,-1.400001, 1.000000;;
                      }
                    } // End of root_HairRightA02
                  } // End of root_HairRightA01
                  Frame root_HairRightB01 {
                    FrameTransformMatrix {
                       0.000001, 1.000000, 0.000000, 0.000000,
                      -1.000000, 0.000001,-0.000000, 0.000000,
                      -0.000000,-0.000000, 1.000000, 0.000000,
                      -5.700004,-9.300007,-3.634100, 1.000000;;
                    }
                    Frame root_HairRightB02 {
                      FrameTransformMatrix {
                         1.000000, 0.000001,-0.000000, 0.000000,
                        -0.000001, 1.000000,-0.000000, 0.000000,
                        -0.000000, 0.000000, 1.000000, 0.000000,
                         1.500001, 2.099997,-1.700000, 1.000000;;
                      }
                    } // End of root_HairRightB02
                  } // End of root_HairRightB01
                  Frame root_HairRightC01 {
                    FrameTransformMatrix {
                      -1.000000,-0.000000,-0.000000, 0.000000,
                      -0.000000, 1.000000,-0.000000, 0.000000,
                       0.000000,-0.000000,-1.000000, 0.000000,
                      -4.900009,-7.300007,-6.634101, 1.000000;;
                    }
                  } // End of root_HairRightC01
                } // End of root_Hair
                Frame root_LeftEye {
                  FrameTransformMatrix {
                     1.000000, 0.000000,-0.000000, 0.000000,
                    -0.000000, 1.000000,-0.000000, 0.000000,
                     0.000000, 0.000000, 1.000000, 0.000000,
                     4.251599, 7.363201, 4.000000, 1.000000;;
                  }
                } // End of root_LeftEye
                Frame root_RightEye {
                  FrameTransformMatrix {
                     1.000000, 0.000000,-0.000000, 0.000000,
                     0.000000,-1.000000, 0.000000, 0.000000,
                    -0.000000,-0.000000,-1.000000, 0.000000,
                    -4.251600, 7.363005, 4.000000, 1.000000;;
                  }
                } // End of root_RightEye
              } // End of root_Head
            } // End of root_Neck
            Frame root_RightShoulder {
              FrameTransformMatrix {
                 0.089013,-0.995345, 0.036943, 0.000000,
                -0.995970,-0.088538, 0.014297, 0.000000,
                -0.010959,-0.038067,-0.999215, 0.000000,
                -5.000000, 4.499995,-4.000000, 1.000000;;
              }
              Frame root_RightArm {
                FrameTransformMatrix {
                   0.347301,-0.932264, 0.101316, 0.000000,
                   0.858806, 0.359591, 0.364891, 0.000000,
                  -0.376607,-0.039717, 0.925521, 0.000000,
                   0.999999, 5.000000,-0.000000, 1.000000;;
                }
                Frame root_RightForeArm {
                  FrameTransformMatrix {
                     0.998287,-0.016296,-0.056189, 0.000000,
                    -0.016297, 0.844947,-0.534602, 0.000000,
                     0.056189, 0.534602, 0.843234, 0.000000,
                    -0.000002,18.000004,-0.000002, 1.000000;;
                  }
                  Frame root_RightHand {
                    FrameTransformMatrix {
                       0.885118,-0.114958, 0.450945, 0.000000,
                       0.131373, 0.991320,-0.005145, 0.000000,
                      -0.446439, 0.063796, 0.892537, 0.000000,
                       0.000009,20.500019, 0.000002, 1.000000;;
                    }
                    Frame root_RightHandIndex1 {
                      FrameTransformMatrix {
                         0.991475,-0.130260,-0.003096, 0.000000,
                         0.128168, 0.979278,-0.156804, 0.000000,
                         0.023457, 0.155070, 0.987625, 0.000000,
                        -0.099998, 8.499997,-3.100000, 1.000000;;
                      }
                      Frame root_RightHandIndex2 {
                        FrameTransformMatrix {
                           0.892873,-0.450051,-0.015208, 0.000000,
                           0.450205, 0.891441, 0.051458, 0.000000,
                          -0.009602,-0.052792, 0.998559, 0.000000,
                          -0.000000, 2.600000,-0.000000, 1.000000;;
                        }
                        Frame root_RightHandIndex3 {
                          FrameTransformMatrix {
                             1.000000,-0.000000,-0.000000, 0.000000,
                             0.000000, 1.000000, 0.000000, 0.000000,
                             0.000000, 0.000000, 1.000000, 0.000000,
                             0.000001, 3.000000,-0.000001, 1.000000;;
                          }
                        } // End of root_RightHandIndex3
                      } // End of root_RightHandIndex2
                    } // End of root_RightHandIndex1
                    Frame root_RightHandMiddle1 {
                      FrameTransformMatrix {
