xof 0303txt 0032

template XSkinMeshHeader {
  <3cf169ce-ff7c-44ab-93c0-f78f62d172e2>
  WORD nMaxSkinWeightsPerVertex;
  WORD nMaxSkinWeightsPerFace;
  WORD nBones;
}

template SkinWeights {
  <6f0d123b-bad2-4167-a0d0-80224f25fabb>
  STRING transformNodeName;
  DWORD nWeights;
  array DWORD vertexIndices[nWeights];
  array float weights[nWeights];
  Matrix4x4 matrixOffset;
}

Frame Root {
  FrameTransformMatrix {
     1.000000, 0.000000, 0.000000, 0.000000,
     0.000000,-0.000000,-1.000000, 0.000000,
     0.000000, 1.000000,-0.000000, 0.000000,
     0.000000, 0.000000, 0.000000, 1.000000;;
  }
  Frame root {
    FrameTransformMatrix {
       0.100000, 0.000000, 0.000000, 0.000000,
       0.000000,-0.000000, 0.100000, 0.000000,
       0.000000,-0.100000,-0.000000, 0.000000,
       0.000000, 0.000000, 0.000000, 1.000000;;
    }
    Frame root_Hips {
      FrameTransformMatrix {
         0.980432,-0.057562, 0.188255, 0.000000,
         0.195016, 0.414554,-0.888884, 0.000000,
        -0.026876, 0.908202, 0.417667, 0.000000,
         0.031659,59.779819,-0.015367, 1.000000;;
      }
      Frame root_BagHead {
        FrameTransformMatrix {
           0.000000,-0.000000, 1.000000, 0.000000,
           1.000000,-0.000000,-0.000000, 0.000000,
           0.000000, 1.000000, 0.000000, 0.000000,
           0.000000, 7.465898, 4.000002, 1.000000;;
        }
        Frame root_BagFastenerHead {
          FrameTransformMatrix {
             1.000000, 0.000000, 0.000000, 0.000000,
            -0.000000, 1.000000, 0.000000, 0.000000,
             0.000000,-0.000000, 1.000000, 0.000000,
             5.209200,12.638998, 4.420903, 1.000000;;
          }
        } // End of root_BagFastenerHead
        Frame root_BagNeck {
          FrameTransformMatrix {
            -0.000000, 1.000000,-0.000000, 0.000000,
            -1.000000,-0.000000,-0.000000, 0.000000,
            -0.000000, 0.000000, 1.000000, 0.000000,
            -15.400002,-0.000001,10.699999, 1.000000;;
          }
          Frame root_BagFastenerNeck {
            FrameTransformMatrix {
               1.000000, 0.000000, 0.000000, 0.000000,
               0.000000, 1.000000,-0.000000, 0.000000,
              -0.000000, 0.000000, 1.000000, 0.000000,
               0.000000, 0.700003,-1.599998, 1.000000;;
            }
          } // End of root_BagFastenerNeck
          Frame root_BagLeftHand01 {
            FrameTransformMatrix {
               0.000000,-1.000000, 0.000000, 0.000000,
               1.000000, 0.000000, 0.000000, 0.000000,
              -0.000000,-0.000000, 1.000000, 0.000000,
               4.400000, 1.700004, 0.600002, 1.000000;;
            }
            Frame root_BagLeftHand02 {
              FrameTransformMatrix {
                 1.000000, 0.000001, 0.000000, 0.000000,
                -0.000001, 1.000000,-0.000000, 0.000000,
                -0.000000, 0.000000, 1.000000, 0.000000,
                -2.199996, 2.700000, 0.600001, 1.000000;;
              }
            } // End of root_BagLeftHand02
          } // End of root_BagLeftHand01
          Frame root_BagRightHand01 {
            FrameTransformMatrix {
               0.000000, 1.000000,-0.000000, 0.000000,
              -1.000000, 0.000000,-0.000000, 0.000000,
              -0.000000, 0.000000, 1.000000, 0.000000,
              -4.400000, 1.700002, 0.600000, 1.000000;;
            }
            Frame root_BagRightHand02 {
              FrameTransformMatrix {
                 1.000000,-0.000001,-0.000000, 0.000000,
                 0.000001, 1.000000,-0.000000, 0.000000,
                -0.000000, 0.000000, 1.000000, 0.000000,
                 2.199997, 2.700001, 0.600001, 1.000000;;
              }
            } // End of root_BagRightHand02
          } // End of root_BagRightHand01
          Frame root_BagSpine {
            FrameTransformMatrix {
               1.000000, 0.000000, 0.000000, 0.000000,
               0.000000, 1.000000,-0.000000, 0.000000,
              -0.000000, 0.000000, 1.000000, 0.000000,
               0.000000, 3.099998, 1.299999, 1.000000;;
            }
            Frame root_BagHip {
              FrameTransformMatrix {
                 0.000000,-1.000000,-0.000000, 0.000000,
                 1.000000, 0.000000, 0.000000, 0.000000,
                -0.000000,-0.000000, 1.000000, 0.000000,
                 0.000000, 4.000003, 1.800000, 1.000000;;
              }
              Frame root_BagLeftLeg01 {
                FrameTransformMatrix {
                  -0.000000, 1.000000,-0.000000, 0.000000,
                  -1.000000,-0.000000,-0.000000, 0.000000,
                  -0.000000, 0.000000, 1.000000, 0.000000,
                  -2.699999, 3.000000, 0.799997, 1.000000;;
                }
                Frame root_BagLeftLeg02 {
                  FrameTransformMatrix {
                     1.000000, 0.000000, 0.000000, 0.000000,
                     0.000000, 1.000000,-0.000000, 0.000000,
                    -0.000000,-0.000000, 1.000000, 0.000000,
                     0.999999, 2.499997, 1.799996, 1.000000;;
                  }
                } // End of root_BagLeftLeg02
              } // End of root_BagLeftLeg01
              Frame root_BagRightLeg01 {
                FrameTransformMatrix {
                   0.000000, 1.000000,-0.000000, 0.000000,
                  -1.000000, 0.000000,-0.000000, 0.000000,
                  -0.000000, 0.000000, 1.000000, 0.000000,
                  -2.700000,-3.000000, 0.799995, 1.000000;;
                }
                Frame root_BagRightLeg02 {
                  FrameTransformMatrix {
                     1.000000, 0.000000,-0.000000, 0.000000,
                    -0.000000, 1.000000, 0.000000, 0.000000,
                     0.000000,-0.000000, 1.000000, 0.000000,
                    -1.000000, 2.500002, 1.799997, 1.000000;;
                  }
                } // End of root_BagRightLeg02
              } // End of root_BagRightLeg01
            } // End of root_BagHip
          } // End of root_BagSpine
        } // End of root_BagNeck
      } // End of root_BagHead
      Frame root_LeftUpLeg {
        FrameTransformMatrix {
           0.991692, 0.126449,-0.023599, 0.000000,
           0.126115,-0.991900,-0.015176, 0.000000,
          -0.025327, 0.012073,-0.999606, 0.000000,
           6.500000, 0.499999,-3.499997, 1.000000;;
        }
        Frame root_LeftLeg {
          FrameTransformMatrix {
             0.998189, 0.011519, 0.059047, 0.000000,
            -0.053587,-0.275860, 0.959703, 0.000000,
             0.027343,-0.961129,-0.274743, 0.000000,
             0.000000,27.499998, 0.999998, 1.000000;;
          }
          Frame root_BootsLeft01 {
            FrameTransformMatrix {
               1.000000, 0.000000, 0.000000, 0.000000,
              -0.000000,-1.000000,-0.000000, 0.000000,
               0.000000,-0.000000,-1.000000, 0.000000,
               0.473100,22.674500, 3.400001, 1.000000;;
            }
            Frame root_BootsLeft02 {
              FrameTransformMatrix {
                 1.000000, 0.000000, 0.000000, 0.000000,
                 0.000000, 1.000000, 0.000000, 0.000000,
                -0.000000, 0.000000, 1.000000, 0.000000,
                 0.000000, 3.999999,-0.000001, 1.000000;;
              }
            } // End of root_BootsLeft02
          } // End of root_BootsLeft01
          Frame root_LeftFoot {
            FrameTransformMatrix {
               0.988298, 0.139680, 0.061282, 0.000000,
               0.049886, 0.083683,-0.995243, 0.000000,
              -0.144144, 0.986654, 0.075736, 0.000000,
              -0.000000,35.500000, 2.499999, 1.000000;;
            }
            Frame root_LeftToe {
              FrameTransformMatrix {
                 1.000000, 0.000000,-0.000000, 0.000000,
                 0.000000, 1.000000,-0.000000, 0.000000,
                -0.000000, 0.000000, 1.000000, 0.000000,
                 0.000000, 9.500001, 8.500000, 1.000000;;
              }
            } // End of root_LeftToe
          } // End of root_LeftFoot
        } // End of root_LeftLeg
      } // End of root_LeftUpLeg
      Frame root_RightUpLeg {
        FrameTransformMatrix {
           0.995928,-0.018438, 0.088250, 0.000000,
          -0.002540,-0.984213,-0.176967, 0.000000,
           0.090119, 0.176022,-0.980252, 0.000000,
          -6.500000, 0.499999,-3.500000, 1.000000;;
        }
        Frame root_RightLeg {
          FrameTransformMatrix {
             0.998819,-0.022766,-0.042916, 0.000000,
             0.046279, 0.177186, 0.983089, 0.000000,
            -0.014776,-0.983914, 0.178031, 0.000000,
             0.000001,27.499996, 1.000001, 1.000000;;
          }
          Frame root_BootsRight01 {
            FrameTransformMatrix {
               1.000000,-0.000000,-0.000000, 0.000000,
               0.000000, 1.000000,-0.000000, 0.000000,
               0.000000, 0.000000, 1.000000, 0.000000,
              -0.473099,22.674496, 3.400001, 1.000000;;
            }
            Frame root_BootsRight02 {
              FrameTransformMatrix {
                 1.000000, 0.000000,-0.000000, 0.000000,
                 0.000000, 1.000000, 0.000000, 0.000000,
                 0.000000,-0.000000, 1.000000, 0.000000,
                -0.000000, 4.000002,-0.000001, 1.000000;;
              }
            } // End of root_BootsRight02
          } // End of root_BootsRight01
          Frame root_RightFoot {
            FrameTransformMatrix {
               0.996301, 0.081667, 0.026738, 0.000000,
               0.058006,-0.409565,-0.910435, 0.000000,
              -0.063402, 0.908618,-0.412787, 0.000000,
               0.000001,35.499992, 2.500001, 1.000000;;
            }
            Frame root_RightToe {
              FrameTransformMatrix {
                 1.000000, 0.000000,-0.000000, 0.000000,
                -0.000000, 1.000000,-0.000000, 0.000000,
                 0.000000, 0.000000, 1.000000, 0.000000,
                -0.000000, 9.500001, 8.499998, 1.000000;;
              }
            } // End of root_RightToe
          } // End of root_RightFoot
        } // End of root_RightLeg
      } // End of root_RightUpLeg
      Frame root_Spine {
        FrameTransformMatrix {
           0.999398, 0.005318, 0.034296, 0.000000,
          -0.034204,-0.016664, 0.999276, 0.000000,
           0.005885,-0.999847,-0.016472, 0.000000,
          -0.000000,-1.500001, 9.000002, 1.000000;;
        }
        Frame root_Spine01 {
          FrameTransformMatrix {
             1.000000,-0.000000, 0.000000, 0.000000,
            -0.000000,-0.000000, 1.000000, 0.000000,
            -0.000000,-1.000000, 0.000000, 0.000000,
             0.000000, 9.000009, 0.499998, 1.000000;;
          }
          Frame root_FastenerFront {
            FrameTransformMatrix {
               1.000000, 0.000000, 0.000000, 0.000000,
              -0.000000, 1.000000, 0.000000, 0.000000,
              -0.000000, 0.000000, 1.000000, 0.000000,
               2.772100, 6.631002, 3.900306, 1.000000;;
            }
          } // End of root_FastenerFront
          Frame root_LeftBust {
            FrameTransformMatrix {
               1.000000, 0.000000, 0.000000, 0.000000,
              -0.000000, 1.000000, 0.000000, 0.000000,
              -0.000000, 0.000000, 1.000000, 0.000000,
               5.670899, 3.040500,-6.273199, 1.000000;;
            }
          } // End of root_LeftBust
          Frame root_RightBust {
            FrameTransformMatrix {
               1.000000,-0.000000,-0.000000, 0.000000,
               0.000000,-1.000000,-0.000000, 0.000000,
              -0.000000,-0.000000,-1.000000, 0.000000,
              -5.670900, 3.040501,-6.273003, 1.000000;;
            }
          } // End of root_RightBust
          Frame root_Spine02 {
            FrameTransformMatrix {
               1.000000, 0.000000, 0.000000, 0.000000,
               0.000000,-0.000000,-1.000000, 0.000000,
              -0.000000, 1.000000, 0.000000, 0.000000,
               0.000000,-2.499999,-9.499992, 1.000000;;
            }
            Frame root_HoodMain01 {
              FrameTransformMatrix {
                 1.000000,-0.000000, 0.000000, 0.000000,
                -0.000000,-1.000000, 0.000000, 0.000000,
                 0.000000, 0.000000,-1.000000, 0.000000,
                 0.000001, 1.000005,-9.465903, 1.000000;;
              }
              Frame root_HoodMain02 {
                FrameTransformMatrix {
                   1.000000,-0.000000, 0.000000, 0.000000,
                   0.000000, 1.000000,-0.000000, 0.000000,
                  -0.000000,-0.000000, 1.000000, 0.000000,
                   0.000000, 4.099992,-0.299997, 1.000000;;
                }
              } // End of root_HoodMain02
            } // End of root_HoodMain01
            Frame root_HoodSubCenter {
              FrameTransformMatrix {
                 1.000000,-0.000000, 0.000000, 0.000000,
                 0.000000, 1.000000,-0.000000, 0.000000,
                -0.000000,-0.000000, 1.000000, 0.000000,
                 0.000001, 3.500001,-14.765903, 1.000000;;
              }
            } // End of root_HoodSubCenter
            Frame root_HoodSubLeftA01 {
              FrameTransformMatrix {
                 1.000000,-0.000000, 0.000000, 0.000000,
                 0.000000, 1.000000,-0.000000, 0.000000,
                -0.000000,-0.000000, 1.000000, 0.000000,
                 3.700002, 4.100001,-14.265903, 1.000000;;
              }
            } // End of root_HoodSubLeftA01
            Frame root_HoodSubLeftB01 {
              FrameTransformMatrix {
                 1.000000,-0.000000, 0.000000, 0.000000,
                 0.000000, 1.000000,-0.000000, 0.000000,
                -0.000000,-0.000000, 1.000000, 0.000000,
                 6.500002, 4.699995,-12.565904, 1.000000;;
              }
            } // End of root_HoodSubLeftB01
            Frame root_HoodSubRightA01 {
              FrameTransformMatrix {
                 1.000000,-0.000000,-0.000000, 0.000000,
                 0.000000,-1.000000, 0.000000, 0.000000,
                -0.000000,-0.000000,-1.000000, 0.000000,
                -3.699999, 4.100000,-14.265902, 1.000000;;
              }
            } // End of root_HoodSubRightA01
            Frame root_HoodSubRightB01 {
              FrameTransformMatrix {
                 1.000000,-0.000000,-0.000000, 0.000000,
                 0.000000,-1.000000, 0.000000, 0.000000,
                -0.000000,-0.000000,-1.000000, 0.000000,
                -6.500000, 4.700000,-12.565900, 1.000000;;
              }
            } // End of root_HoodSubRightB01
            Frame root_LeftShoulder {
              FrameTransformMatrix {
                 0.083459, 0.649018, 0.756181, 0.000000,
                 0.975062,-0.209779, 0.072433, 0.000000,
                 0.205641, 0.731278,-0.650341, 0.000000,
                 5.000002, 4.499994,-4.000001, 1.000000;;
              }
              Frame root_LeftArm {
                FrameTransformMatrix {
                   0.699519, 0.624251, 0.347828, 0.000000,
                  -0.461553, 0.766266,-0.446995, 0.000000,
                  -0.545566, 0.152141, 0.824143, 0.000000,
                  -1.000002, 5.000003,-0.000004, 1.000000;;
                }
                Frame root_LeftForeArm {
                  FrameTransformMatrix {
                     0.994651,-0.057326,-0.085921, 0.000000,
                    -0.052530, 0.435486,-0.898662, 0.000000,
                     0.088934, 0.898368, 0.430145, 0.000000,
                     0.000001,18.000002,-0.000000, 1.000000;;
                  }
                  Frame root_LeftHand {
                    FrameTransformMatrix {
                       0.660993,-0.422064,-0.620444, 0.000000,
                       0.644984, 0.742137, 0.182289, 0.000000,
                       0.383517,-0.520668, 0.762771, 0.000000,
                      -0.000001,20.500004, 0.000003, 1.000000;;
                    }
                    Frame root_LeftHandIndex1 {
                      FrameTransformMatrix {
                         0.992508, 0.079450, 0.092823, 0.000000,
                        -0.070113, 0.992528,-0.099862, 0.000000,
                        -0.100063, 0.092606, 0.990662, 0.000000,
                         0.099998, 8.500002,-3.100003, 1.000000;;
                      }
                      Frame root_LeftHandIndex2 {
                        FrameTransformMatrix {
                           0.968944, 0.247271, 0.002174, 0.000000,
                          -0.247275, 0.968943, 0.002228, 0.000000,
                          -0.001556,-0.002697, 0.999995, 0.000000,
                           0.000001, 2.599996, 0.000001, 1.000000;;
                        }
                        Frame root_LeftHandIndex3 {
                          FrameTransformMatrix {
                             1.000000, 0.000000,-0.000000, 0.000000,
                            -0.000000, 1.000000, 0.000000, 0.000000,
                             0.000000, 0.000000, 1.000000, 0.000000,
                             0.000003, 3.000000, 0.000000, 1.000000;;
                          }
                        } // End of root_LeftHandIndex3
                      } // End of root_LeftHandIndex2
                    } // End of root_LeftHandIndex1
                    Frame root_LeftHandMiddle1 {
                      FrameTransformMatrix {
                         0.999966,-0.005497, 0.006052, 0.000000,
                         0.005611, 0.999806,-0.018888, 0.000000,
                        -0.005947, 0.018921, 0.999803, 0.000000,
                         0.499999, 8.500004,-1.200002, 1.000000;;
                      }
                      Frame root_LeftHandMiddle2 {
                        FrameTransformMatrix {
                           0.977952, 0.208813,-0.002545, 0.000000,
                          -0.208822, 0.977758,-0.019581, 0.000000,
                          -0.001601, 0.019681, 0.999805, 0.000000,
                           0.000003, 3.000002, 0.000002, 1.000000;;
                        }
                        Frame root_LeftHandMiddle3 {
                          FrameTransformMatrix {
                             1.000000,-0.000000, 0.000000, 0.000000,
                             0.000000, 1.000000,-0.000000, 0.000000,
                             0.000000, 0.000000, 1.000000, 0.000000,
                             0.000004, 3.000006,-0.000001, 1.000000;;
                          }
                        } // End of root_LeftHandMiddle3
                      } // End of root_LeftHandMiddle2
                    } // End of root_LeftHandMiddle1
                    Frame root_LeftHandPinky1 {
                      FrameTransformMatrix {
                         0.968304, 0.249774, 0.000663, 0.000000,
                        -0.249009, 0.965123, 0.080817, 0.000000,
                         0.019546,-0.078421, 0.996729, 0.000000,
                        -0.000001, 7.799998, 2.599997, 1.000000;;
                      }
                      Frame root_LeftHandPinky2 {
                        FrameTransformMatrix {
                           0.995964, 0.089669, 0.003891, 0.000000,
                          -0.089614, 0.995898,-0.012527, 0.000000,
                          -0.004998, 0.012128, 0.999914, 0.000000,
                          -0.000002, 2.499994, 0.000000, 1.000000;;
                        }
                        Frame root_LeftHandPinky3 {
                          FrameTransformMatrix {
                             1.000000,-0.000000,-0.000000, 0.000000,
                             0.000000, 1.000000, 0.000000, 0.000000,
                             0.000000, 0.000000, 1.000000, 0.000000,
                            -0.000005, 2.285404, 0.000000, 1.000000;;
                          }
                        } // End of root_LeftHandPinky3
                      } // End of root_LeftHandPinky2
                    } // End of root_LeftHandPinky1
                    Frame root_LeftHandRing1 {
                      FrameTransformMatrix {
                         0.999898,-0.010824,-0.009324, 0.000000,
                         0.010792, 0.999936,-0.003454, 0.000000,
                         0.009360, 0.003353, 0.999950, 0.000000,
                         0.400001, 8.300001, 0.800001, 1.000000;;
                      }
                      Frame root_LeftHandRing2 {
                        FrameTransformMatrix {
                           0.947930, 0.318440,-0.005053, 0.000000,
                          -0.318457, 0.947549,-0.027114, 0.000000,
                          -0.003846, 0.027311, 0.999620, 0.000000,
                          -0.000000, 2.911007, 0.000000, 1.000000;;
                        }
                        Frame root_LeftHandRing3 {
                          FrameTransformMatrix {
                             1.000000,-0.000000,-0.000000, 0.000000,
                             0.000000, 1.000000, 0.000000, 0.000000,
                             0.000000,-0.000000, 1.000000, 0.000000,
                            -0.000002, 2.760396, 0.000000, 1.000000;;
                          }
                        } // End of root_LeftHandRing3
                      } // End of root_LeftHandRing2
                    } // End of root_LeftHandRing1
                    Frame root_LeftHandThumb1 {
                      FrameTransformMatrix {
                         0.082880,-0.461740,-0.883135, 0.000000,
                        -0.347551, 0.817152,-0.459858, 0.000000,
                         0.933991, 0.345048,-0.092752, 0.000000,
                        -1.099999, 3.100002,-3.600001, 1.000000;;
                      }
                      Frame root_LeftHandThumb2 {
                        FrameTransformMatrix {
                           0.760299, 0.035525, 0.648601, 0.000000,
                          -0.003242, 0.998698,-0.050901, 0.000000,
                          -0.649565, 0.036597, 0.759424, 0.000000,
                          -0.000003, 3.199998,-0.000002, 1.000000;;
                        }
                        Frame root_LeftHandThumb3 {
                          FrameTransformMatrix {
                             1.000000,-0.000001, 0.000000, 0.000000,
                             0.000001, 1.000000, 0.000002, 0.000000,
                            -0.000000,-0.000002, 1.000000, 0.000000,
                             0.000001, 3.399999, 0.000002, 1.000000;;
                          }
                        } // End of root_LeftHandThumb3
                      } // End of root_LeftHandThumb2
                    } // End of root_LeftHandThumb1
                  } // End of root_LeftHand
                } // End of root_LeftForeArm
              } // End of root_LeftArm
            } // End of root_LeftShoulder
            Frame root_Neck {
              FrameTransformMatrix {
                 0.998213,-0.042238, 0.042270, 0.000000,
                -0.007942, 0.607323, 0.794415, 0.000000,
                -0.059226,-0.793332, 0.605902, 0.000000,
                 0.000001, 6.300002,-1.599999, 1.000000;;
              }
              Frame root_Head {
                FrameTransformMatrix {
                   0.988664,-0.083013,-0.125113, 0.000000,
                  -0.064672, 0.516575,-0.853796, 0.000000,
                   0.135507, 0.852208, 0.505350, 0.000000,
                   0.000000, 4.699998, 0.700004, 1.000000;;
                }
                Frame root_Hair {
                  FrameTransformMatrix {
                     0.000000, 1.000000, 0.000000, 0.000000,
                     1.000000, 0.000000, 0.000000, 0.000000,
                     0.000000, 0.000000,-1.000000, 0.000000,
                    -0.000000,10.500011,-1.999996, 1.000000;;
                  }
                  Frame root_HairBackA01 {
                    FrameTransformMatrix {
                       1.000000, 0.000000, 0.000000, 0.000000,
                       0.000000, 1.000000,-0.000000, 0.000000,
                      -0.000000, 0.000000, 1.000000, 0.000000,
                       8.999990,10.799997, 6.465908, 1.000000;;
                    }
                    Frame root_HairBackA02 {
                      FrameTransformMatrix {
                         1.000000, 0.000000, 0.000000, 0.000000,
                         0.000000, 1.000000,-0.000000, 0.000000,
                        -0.000000,-0.000000, 1.000000, 0.000000,
                         2.000006, 4.500001, 3.200002, 1.000000;;
                      }
                      Frame root_HairBackA03 {
                        FrameTransformMatrix {
                           1.000000, 0.000000, 0.000000, 0.000000,
                           0.000000, 1.000000,-0.000000, 0.000000,
                          -0.000000,-0.000000, 1.000000, 0.000000,
                           0.400000, 4.300000, 2.900000, 1.000000;;
                        }
                        Frame root_HairBackA04 {
                          FrameTransformMatrix {
                             1.000000,-0.000001, 0.000000, 0.000000,
                             0.000001, 1.000000, 0.000000, 0.000000,
                            -0.000000,-0.000000, 1.000000, 0.000000,
                            -0.000017, 4.399998, 3.300000, 1.000000;;
                          }
                        } // End of root_HairBackA04
                      } // End of root_HairBackA03
                    } // End of root_HairBackA02
                  } // End of root_HairBackA01
                  Frame root_HairBackB01 {
                    FrameTransformMatrix {
                       0.000000, 1.000000,-0.000000, 0.000000,
                      -1.000000, 0.000000,-0.000000, 0.000000,
                      -0.000000, 0.000000, 1.000000, 0.000000,
                       1.599984,13.599999, 6.865904, 1.000000;;
                    }
                    Frame root_HairBackB02 {
                      FrameTransformMatrix {
                         1.000000, 0.000000,-0.000000, 0.000000,
                        -0.000000, 1.000000, 0.000000, 0.000000,
                         0.000000,-0.000000, 1.000000, 0.000000,
                         0.100000, 4.500008,-0.799999, 1.000000;;
                      }
                      Frame root_HairBackB03 {
                        FrameTransformMatrix {
                           1.000000,-0.000000,-0.000000, 0.000000,
                           0.000000, 1.000000,-0.000000, 0.000000,
                           0.000000,-0.000000, 1.000000, 0.000000,
                           0.699998, 5.699992, 0.200002, 1.000000;;
                        }
                        Frame root_HairBackB04 {
                          FrameTransformMatrix {
                             1.000000, 0.000000,-0.000000, 0.000000,
                             0.000000, 1.000000, 0.000000, 0.000000,
                             0.000000,-0.000000, 1.000000, 0.000000,
                             1.500002, 4.199996, 1.100003, 1.000000;;
                          }
                        } // End of root_HairBackB04
                      } // End of root_HairBackB03
                    } // End of root_HairBackB02
                  } // End of root_HairBackB01
                  Frame root_HairBackC01 {
                    FrameTransformMatrix {
                       0.000000, 1.000000,-0.000000, 0.000000,
                      -1.000000, 0.000000, 0.000000, 0.000000,
                      -0.000000, 0.000000, 1.000000, 0.000000,
                       1.599983,12.499998, 9.265906, 1.000000;;
                    }
                    Frame root_HairBackC02 {
                      FrameTransformMatrix {
                         1.000000, 0.000000,-0.000000, 0.000000,
                         0.000000, 1.000000,-0.000000, 0.000000,
                        -0.000000, 0.000000, 1.000000, 0.000000,
                         1.600001, 4.300000,-0.199997, 1.000000;;
                      }
                      Frame root_HairBackC03 {
                        FrameTransformMatrix {
                           1.000000, 0.000000,-0.000000, 0.000000,
                          -0.000000, 1.000000,-0.000000, 0.000000,
                           0.000000,-0.000000, 1.000000, 0.000000,
                           1.700003, 3.999987, 0.200003, 1.000000;;
                        }
                        Frame root_HairBackC04 {
                          FrameTransformMatrix {
                            -0.000001,-1.000000,-0.000000, 0.000000,
                             1.000000,-0.000001, 0.000000, 0.000000,
                            -0.000000,-0.000000, 1.000000, 0.000000,
                             2.900001, 3.900006, 1.399997, 1.000000;;
                          }
                          Frame root_HairBackC05 {
                            FrameTransformMatrix {
                               1.000000, 0.000001, 0.000000, 0.000000,
                              -0.000001, 1.000000,-0.000000, 0.000000,
                              -0.000000, 0.000000, 1.000000, 0.000000,
                              -2.400001, 4.200001, 2.299999, 1.000000;;
                            }
                            Frame root_HairBackC06 {
                              FrameTransformMatrix {
                                 1.000000, 0.000000, 0.000000, 0.000000,
                                 0.000000, 1.000000,-0.000000, 0.000000,
                                -0.000000, 0.000000, 1.000000, 0.000000,
                                -0.300015, 5.299997, 3.400003, 1.000000;;
                              }
                              Frame root_HairBackC07 {
                                FrameTransformMatrix {
                                   1.000000,-0.000000, 0.000000, 0.000000,
                                   0.000000, 1.000000, 0.000000, 0.000000,
                                  -0.000000,-0.000000, 1.000000, 0.000000,
                                   2.500007, 3.299998, 1.899997, 1.000000;;
                                }
                              } // End of root_HairBackC07
                            } // End of root_HairBackC06
                          } // End of root_HairBackC05
                        } // End of root_HairBackC04
                      } // End of root_HairBackC03
                    } // End of root_HairBackC02
                  } // End of root_HairBackC01
                  Frame root_HairBackD01 {
                    FrameTransformMatrix {
                       0.000000, 1.000000,-0.000000, 0.000000,
                      -1.000000, 0.000000, 0.000000, 0.000000,
                      -0.000000, 0.000000, 1.000000, 0.000000,
                       1.999988,15.200000, 9.365906, 1.000000;;
                    }
                    Frame root_HairBackD02 {
                      FrameTransformMatrix {
                         1.000000,-0.000000,-0.000000, 0.000000,
                         0.000000, 1.000000,-0.000000, 0.000000,
                         0.000000, 0.000000, 1.000000, 0.000000,
                         0.600001, 3.099997, 0.800002, 1.000000;;
                      }
                      Frame root_HairBackD03 {
                        FrameTransformMatrix {
                           0.000000,-1.000000,-0.000000, 0.000000,
                           1.000000,-0.000000, 0.000000, 0.000000,
                          -0.000000,-0.000000, 1.000000, 0.000000,
                           1.599999, 2.399987, 1.100002, 1.000000;;
                        }
                        Frame root_HairBackD04 {
                          FrameTransformMatrix {
                             1.000000,-0.000000,-0.000000, 0.000000,
                            -0.000000, 1.000000,-0.000000, 0.000000,
                            -0.000000, 0.000000, 1.000000, 0.000000,
                            -1.599995, 1.999999, 1.499999, 1.000000;;
                          }
                        } // End of root_HairBackD04
                      } // End of root_HairBackD03
                    } // End of root_HairBackD02
                  } // End of root_HairBackD01
                  Frame root_HairLeftA01 {
                    FrameTransformMatrix {
                       0.000000, 1.000000,-0.000000, 0.000000,
                      -1.000000, 0.000000,-0.000000, 0.000000,
                      -0.000000, 0.000000, 1.000000, 0.000000,
                      -8.200006, 8.399998,-1.934098, 1.000000;;
                    }
                    Frame root_HairLeftA02 {
                      FrameTransformMatrix {
                         1.000000,-0.000000,-0.000000, 0.000000,
                         0.000000, 1.000000,-0.000000, 0.000000,
                         0.000000, 0.000000, 1.000000, 0.000000,
                        -1.100000, 3.299995,-1.399996, 1.000000;;
                      }
                    } // End of root_HairLeftA02
                  } // End of root_HairLeftA01
                  Frame root_HairLeftB01 {
                    FrameTransformMatrix {
                       0.000000, 1.000000,-0.000000, 0.000000,
                      -1.000000, 0.000000,-0.000000, 0.000000,
                      -0.000000, 0.000000, 1.000000, 0.000000,
                      -5.700008, 9.299998,-3.634098, 1.000000;;
                    }
                    Frame root_HairLeftB02 {
                      FrameTransformMatrix {
                         1.000000, 0.000000,-0.000000, 0.000000,
                        -0.000000, 1.000000,-0.000000, 0.000000,
                         0.000000,-0.000000, 1.000000, 0.000000,
                        -1.500002, 2.100003,-1.699998, 1.000000;;
                      }
                    } // End of root_HairLeftB02
                  } // End of root_HairLeftB01
                  Frame root_HairLeftC01 {
                    FrameTransformMatrix {
                       1.000000, 0.000000, 0.000000, 0.000000,
                       0.000000, 1.000000,-0.000000, 0.000000,
                      -0.000000, 0.000000, 1.000000, 0.000000,
                      -4.900016, 7.299998,-6.634098, 1.000000;;
                    }
                  } // End of root_HairLeftC01
                  Frame root_HairRightA01 {
                    FrameTransformMatrix {
                       0.000000, 1.000000, 0.000000, 0.000000,
                      -1.000000, 0.000000,-0.000000, 0.000000,
                      -0.000000,-0.000000, 1.000000, 0.000000,
                      -8.200006,-8.400005,-1.934096, 1.000000;;
                    }
                    Frame root_HairRightA02 {
                      FrameTransformMatrix {
                         1.000000, 0.000000,-0.000000, 0.000000,
                        -0.000000, 1.000000,-0.000000, 0.000000,
                         0.000000, 0.000000, 1.000000, 0.000000,
                         1.100001, 3.300001,-1.400002, 1.000000;;
                      }
                    } // End of root_HairRightA02
                  } // End of root_HairRightA01
                  Frame root_HairRightB01 {
                    FrameTransformMatrix {
                       0.000001, 1.000000, 0.000000, 0.000000,
                      -1.000000, 0.000001,-0.000000, 0.000000,
                      -0.000000,-0.000000, 1.000000, 0.000000,
                      -5.700012,-9.300008,-3.634099, 1.000000;;
                    }
                    Frame root_HairRightB02 {
                      FrameTransformMatrix {
                         1.000000, 0.000001,-0.000000, 0.000000,
                        -0.000001, 1.000000,-0.000000, 0.000000,
                         0.000000, 0.000000, 1.000000, 0.000000,
                         1.500000, 2.099992,-1.699999, 1.000000;;
                      }
                    } // End of root_HairRightB02
                  } // End of root_HairRightB01
                  Frame root_HairRightC01 {
                    FrameTransformMatrix {
                      -1.000000,-0.000000,-0.000000, 0.000000,
                       0.000000, 1.000000,-0.000000, 0.000000,
                       0.000000, 0.000000,-1.000000, 0.000000,
                      -4.900013,-7.300007,-6.634097, 1.000000;;
                    }
                  } // End of root_HairRightC01
                } // End of root_Hair
                Frame root_LeftEye {
                  FrameTransformMatrix {
                     1.000000, 0.000000,-0.000000, 0.000000,
                     0.000000, 1.000000, 0.000000, 0.000000,
                     0.000000, 0.000000, 1.000000, 0.000000,
                     4.251600, 7.363202, 4.000004, 1.000000;;
                  }
                } // End of root_LeftEye
                Frame root_RightEye {
                  FrameTransformMatrix {
                     1.000000, 0.000000,-0.000000, 0.000000,
                    -0.000000,-1.000000, 0.000000, 0.000000,
                    -0.000000,-0.000000,-1.000000, 0.000000,
                    -4.251600, 7.363003, 4.000002, 1.000000;;
                  }
                } // End of root_RightEye
              } // End of root_Head
            } // End of root_Neck
            Frame root_RightShoulder {
              FrameTransformMatrix {
                 0.249894,-0.651740,-0.716092, 0.000000,
                -0.968047,-0.152155,-0.199336, 0.000000,
                 0.020959, 0.743023,-0.668937, 0.000000,
                -4.999999, 4.500000,-4.000001, 1.000000;;
              }
              Frame root_RightArm {
                FrameTransformMatrix {
                   0.705021,-0.620435,-0.343519, 0.000000,
                   0.531860, 0.782981,-0.322592, 0.000000,
                   0.469116, 0.044730, 0.882003, 0.000000,
                   0.999998, 5.000002, 0.000006, 1.000000;;
                }
                Frame root_RightForeArm {
                  FrameTransformMatrix {
                     0.995591, 0.048280, 0.080428, 0.000000,
                     0.042729, 0.529867,-0.847003, 0.000000,
                    -0.083509, 0.846705, 0.525468, 0.000000,
                    -0.000002,18.000000, 0.000010, 1.000000;;
                  }
                  Frame root_RightHand {
                    FrameTransformMatrix {
                       0.900739,-0.092053, 0.424494, 0.000000,
                       0.046536, 0.992112, 0.116398, 0.000000,
                      -0.431861,-0.085090, 0.897918, 0.000000,
                       0.000005,20.500002,-0.000001, 1.000000;;
                    }
                    Frame root_RightHandIndex1 {
                      FrameTransformMatrix {
                         0.991444, 0.094308,-0.090250, 0.000000,
                        -0.113153, 0.965630,-0.233996, 0.000000,
                         0.065081, 0.242206, 0.968039, 0.000000,
                        -0.099993, 8.499997,-3.100002, 1.000000;;
                      }
                      Frame root_RightHandIndex2 {
                        FrameTransformMatrix {
                           0.917263,-0.398268,-0.003285, 0.000000,
                           0.398232, 0.917248,-0.008156, 0.000000,
                           0.006261, 0.006173, 0.999961, 0.000000,
                           0.000004, 2.599998, 0.000000, 1.000000;;
                        }
                        Frame root_RightHandIndex3 {
                          FrameTransformMatrix {
                             1.000000,-0.000000,-0.000000, 0.000000,
                             0.000000, 1.000000,-0.000000, 0.000000,
                             0.000000, 0.000000, 1.000000, 0.000000,
                             0.000002, 2.999999,-0.000004, 1.000000;;
                          }
                        } // End of root_RightHandIndex3
                      } // End of root_RightHandIndex2
                    } // End of root_RightHandIndex1
                    Frame root_RightHandMiddle1 {
                      FrameTransformMatrix {
