xof 0303txt 0032

template XSkinMeshHeader {
  <3cf169ce-ff7c-44ab-93c0-f78f62d172e2>
  WORD nMaxSkinWeightsPerVertex;
  WORD nMaxSkinWeightsPerFace;
  WORD nBones;
}

template SkinWeights {
  <6f0d123b-bad2-4167-a0d0-80224f25fabb>
  STRING transformNodeName;
  DWORD nWeights;
  array DWORD vertexIndices[nWeights];
  array float weights[nWeights];
  Matrix4x4 matrixOffset;
}

Frame Root {
  FrameTransformMatrix {
     1.000000, 0.000000, 0.000000, 0.000000,
     0.000000,-0.000000,-1.000000, 0.000000,
     0.000000, 1.000000,-0.000000, 0.000000,
     0.000000, 0.000000, 0.000000, 1.000000;;
  }
  Frame root {
    FrameTransformMatrix {
       0.100000, 0.000000, 0.000000, 0.000000,
       0.000000,-0.000000, 0.100000, 0.000000,
       0.000000,-0.100000,-0.000000, 0.000000,
       0.000000, 0.000000, 0.000000, 1.000000;;
    }
    Frame root_Hips {
      FrameTransformMatrix {
         0.995760,-0.088212,-0.026106, 0.000000,
        -0.027584,-0.015580,-0.999498, 0.000000,
         0.087761, 0.995980,-0.017948, 0.000000,
        -0.142887,74.339462, 0.508679, 1.000000;;
      }
      Frame root_BagHead {
        FrameTransformMatrix {
          -0.000000,-0.000000, 1.000000, 0.000000,
           1.000000,-0.000000,-0.000000, 0.000000,
           0.000000, 1.000000, 0.000000, 0.000000,
          -0.000001, 7.465900, 4.000007, 1.000000;;
        }
        Frame root_BagFastenerHead {
          FrameTransformMatrix {
             1.000000,-0.000000,-0.000000, 0.000000,
            -0.000000, 1.000000, 0.000000, 0.000000,
             0.000000, 0.000000, 1.000000, 0.000000,
             5.209189,12.638999, 4.420900, 1.000000;;
          }
        } // End of root_BagFastenerHead
        Frame root_BagNeck {
          FrameTransformMatrix {
            -0.000000, 1.000000,-0.000000, 0.000000,
            -1.000000, 0.000000,-0.000000, 0.000000,
             0.000000, 0.000000, 1.000000, 0.000000,
            -15.400007,-0.000000,10.699998, 1.000000;;
          }
          Frame root_BagFastenerNeck {
            FrameTransformMatrix {
               1.000000, 0.000000, 0.000000, 0.000000,
               0.000000, 1.000000,-0.000000, 0.000000,
               0.000000, 0.000000, 1.000000, 0.000000,
              -0.000000, 0.699995,-1.600000, 1.000000;;
            }
          } // End of root_BagFastenerNeck
          Frame root_BagLeftHand01 {
            FrameTransformMatrix {
              -0.000000,-1.000000,-0.000000, 0.000000,
               1.000000, 0.000000, 0.000000, 0.000000,
              -0.000000,-0.000000, 1.000000, 0.000000,
               4.400000, 1.699995, 0.600002, 1.000000;;
            }
            Frame root_BagLeftHand02 {
              FrameTransformMatrix {
                 1.000000, 0.000001,-0.000000, 0.000000,
                -0.000001, 1.000000,-0.000000, 0.000000,
                 0.000000, 0.000000, 1.000000, 0.000000,
                -2.199997, 2.700000, 0.600001, 1.000000;;
              }
            } // End of root_BagLeftHand02
          } // End of root_BagLeftHand01
          Frame root_BagRightHand01 {
            FrameTransformMatrix {
               0.000000, 1.000000,-0.000000, 0.000000,
              -1.000000, 0.000000,-0.000000, 0.000000,
              -0.000000, 0.000000, 1.000000, 0.000000,
              -4.400001, 1.699993, 0.599999, 1.000000;;
            }
            Frame root_BagRightHand02 {
              FrameTransformMatrix {
                 1.000000,-0.000001,-0.000000, 0.000000,
                 0.000001, 1.000000,-0.000000, 0.000000,
                -0.000000, 0.000000, 1.000000, 0.000000,
                 2.200000, 2.700000, 0.599999, 1.000000;;
              }
            } // End of root_BagRightHand02
          } // End of root_BagRightHand01
          Frame root_BagSpine {
            FrameTransformMatrix {
               1.000000, 0.000000, 0.000000, 0.000000,
               0.000000, 1.000000,-0.000000, 0.000000,
               0.000000, 0.000000, 1.000000, 0.000000,
              -0.000001, 3.099991, 1.299999, 1.000000;;
            }
            Frame root_BagHip {
              FrameTransformMatrix {
                -0.000000,-1.000000,-0.000000, 0.000000,
                 1.000000, 0.000000, 0.000000, 0.000000,
                -0.000000,-0.000000, 1.000000, 0.000000,
                -0.000001, 3.999997, 1.799998, 1.000000;;
              }
              Frame root_BagLeftLeg01 {
                FrameTransformMatrix {
                  -0.000000, 1.000000,-0.000000, 0.000000,
                  -1.000000, 0.000000,-0.000000, 0.000000,
                  -0.000000, 0.000000, 1.000000, 0.000000,
                  -2.699998, 3.000000, 0.799997, 1.000000;;
                }
                Frame root_BagLeftLeg02 {
                  FrameTransformMatrix {
                     1.000000, 0.000000, 0.000000, 0.000000,
                     0.000000, 1.000000, 0.000000, 0.000000,
                     0.000000, 0.000000, 1.000000, 0.000000,
                     1.000000, 2.500000, 1.800000, 1.000000;;
                  }
                } // End of root_BagLeftLeg02
              } // End of root_BagLeftLeg01
              Frame root_BagRightLeg01 {
                FrameTransformMatrix {
                   0.000000, 1.000000,-0.000000, 0.000000,
                  -1.000000, 0.000000,-0.000000, 0.000000,
                  -0.000000, 0.000000, 1.000000, 0.000000,
                  -2.699998,-3.000000, 0.799996, 1.000000;;
                }
                Frame root_BagRightLeg02 {
                  FrameTransformMatrix {
                     1.000000, 0.000000, 0.000000, 0.000000,
                    -0.000000, 1.000000, 0.000000, 0.000000,
                     0.000000,-0.000000, 1.000000, 0.000000,
                    -1.000000, 2.499999, 1.800003, 1.000000;;
                  }
                } // End of root_BagRightLeg02
              } // End of root_BagRightLeg01
            } // End of root_BagHip
          } // End of root_BagSpine
        } // End of root_BagNeck
      } // End of root_BagHead
      Frame root_LeftUpLeg {
        FrameTransformMatrix {
           0.944889, 0.260821, 0.197882, 0.000000,
           0.279085,-0.325697,-0.903345, 0.000000,
          -0.171162, 0.908787,-0.380539, 0.000000,
           6.500000, 0.500000,-3.499992, 1.000000;;
        }
        Frame root_LeftLeg {
          FrameTransformMatrix {
             0.985042,-0.103970, 0.137412, 0.000000,
             0.041386, 0.916864, 0.397050, 0.000000,
            -0.167269,-0.385424, 0.907452, 0.000000,
             0.000003,27.499998, 1.000001, 1.000000;;
          }
          Frame root_BootsLeft01 {
            FrameTransformMatrix {
               1.000000, 0.000000, 0.000000, 0.000000,
              -0.000000,-1.000000, 0.000000, 0.000000,
               0.000000,-0.000000,-1.000000, 0.000000,
               0.473098,22.674503, 3.400001, 1.000000;;
            }
            Frame root_BootsLeft02 {
              FrameTransformMatrix {
                 1.000000,-0.000000, 0.000000, 0.000000,
                -0.000000, 1.000000,-0.000000, 0.000000,
                -0.000000,-0.000000, 1.000000, 0.000000,
                -0.000001, 4.000001,-0.000001, 1.000000;;
              }
            } // End of root_BootsLeft02
          } // End of root_BootsLeft01
          Frame root_LeftFoot {
            FrameTransformMatrix {
               0.986896, 0.151015, 0.056837, 0.000000,
               0.055103, 0.015648,-0.998358, 0.000000,
              -0.151656, 0.988408, 0.007121, 0.000000,
              -0.000000,35.500004, 2.500000, 1.000000;;
            }
            Frame root_LeftToe {
              FrameTransformMatrix {
                 1.000000, 0.000000,-0.000000, 0.000000,
                 0.000000, 1.000000, 0.000000, 0.000000,
                 0.000000, 0.000000, 1.000000, 0.000000,
                 0.000002, 9.500001, 8.500001, 1.000000;;
              }
            } // End of root_LeftToe
          } // End of root_LeftFoot
        } // End of root_LeftLeg
      } // End of root_LeftUpLeg
      Frame root_RightUpLeg {
        FrameTransformMatrix {
           0.979876,-0.080234, 0.182774, 0.000000,
           0.178720,-0.055156,-0.982353, 0.000000,
           0.088900, 0.995249,-0.039707, 0.000000,
          -6.500000, 0.500000,-3.499998, 1.000000;;
        }
        Frame root_RightLeg {
          FrameTransformMatrix {
             0.994503,-0.040905,-0.096391, 0.000000,
             0.056816, 0.984046, 0.168598, 0.000000,
             0.087957,-0.173148, 0.980960, 0.000000,
            -0.000000,27.500006, 1.000000, 1.000000;;
          }
          Frame root_BootsRight01 {
            FrameTransformMatrix {
               1.000000, 0.000000, 0.000000, 0.000000,
               0.000000, 1.000000,-0.000000, 0.000000,
               0.000000, 0.000000, 1.000000, 0.000000,
              -0.473100,22.674498, 3.400000, 1.000000;;
            }
            Frame root_BootsRight02 {
              FrameTransformMatrix {
                 1.000000, 0.000000, 0.000000, 0.000000,
                 0.000000, 1.000000, 0.000000, 0.000000,
                 0.000000,-0.000000, 1.000000, 0.000000,
                 0.000000, 4.000000, 0.000000, 1.000000;;
              }
            } // End of root_BootsRight02
          } // End of root_BootsRight01
          Frame root_RightFoot {
            FrameTransformMatrix {
               0.989607, 0.143780,-0.002148, 0.000000,
               0.014972,-0.117883,-0.992915, 0.000000,
              -0.143014, 0.982563,-0.118811, 0.000000,
               0.000000,35.499996, 2.500000, 1.000000;;
            }
            Frame root_RightToe {
              FrameTransformMatrix {
                 1.000000, 0.000000,-0.000000, 0.000000,
                 0.000000, 1.000000,-0.000000, 0.000000,
                 0.000000, 0.000000, 1.000000, 0.000000,
                -0.000000, 9.500001, 8.499999, 1.000000;;
              }
            } // End of root_RightToe
          } // End of root_RightFoot
        } // End of root_RightLeg
      } // End of root_RightUpLeg
      Frame root_Spine {
        FrameTransformMatrix {
           0.998672,-0.022109, 0.046523, 0.000000,
          -0.046999,-0.021520, 0.998663, 0.000000,
          -0.021078,-0.999524,-0.022530, 0.000000,
          -0.000000,-1.500000, 9.000003, 1.000000;;
        }
        Frame root_Spine01 {
          FrameTransformMatrix {
             1.000000, 0.000000, 0.000000, 0.000000,
            -0.000000, 0.000000, 1.000000, 0.000000,
             0.000000,-1.000000,-0.000000, 0.000000,
            -0.000000, 8.999998, 0.500000, 1.000000;;
          }
          Frame root_FastenerFront {
            FrameTransformMatrix {
               1.000000, 0.000000,-0.000000, 0.000000,
              -0.000000, 1.000000,-0.000000, 0.000000,
               0.000000,-0.000000, 1.000000, 0.000000,
               2.772099, 6.631001, 3.900293, 1.000000;;
            }
          } // End of root_FastenerFront
          Frame root_LeftBust {
            FrameTransformMatrix {
               1.000000, 0.000000,-0.000000, 0.000000,
              -0.000000, 1.000000,-0.000000, 0.000000,
               0.000000,-0.000000, 1.000000, 0.000000,
               5.670899, 3.040500,-6.273203, 1.000000;;
            }
          } // End of root_LeftBust
          Frame root_RightBust {
            FrameTransformMatrix {
               1.000000, 0.000000,-0.000000, 0.000000,
               0.000000,-1.000000, 0.000000, 0.000000,
              -0.000000, 0.000000,-1.000000, 0.000000,
              -5.670900, 3.040500,-6.273007, 1.000000;;
            }
          } // End of root_RightBust
          Frame root_Spine02 {
            FrameTransformMatrix {
               1.000000, 0.000000,-0.000000, 0.000000,
              -0.000000, 0.000000,-1.000000, 0.000000,
              -0.000000, 1.000000,-0.000000, 0.000000,
              -0.000000,-2.500000,-9.500010, 1.000000;;
            }
            Frame root_HoodMain01 {
              FrameTransformMatrix {
                 1.000000, 0.000000, 0.000000, 0.000000,
                 0.000000,-1.000000,-0.000000, 0.000000,
                 0.000000,-0.000000,-1.000000, 0.000000,
                -0.000001, 0.999992,-9.465899, 1.000000;;
              }
              Frame root_HoodMain02 {
                FrameTransformMatrix {
                   1.000000,-0.000000, 0.000000, 0.000000,
                   0.000000, 1.000000, 0.000000, 0.000000,
                  -0.000000,-0.000000, 1.000000, 0.000000,
                  -0.000001, 4.099994,-0.300000, 1.000000;;
                }
              } // End of root_HoodMain02
            } // End of root_HoodMain01
            Frame root_HoodSubCenter {
              FrameTransformMatrix {
                 1.000000, 0.000000, 0.000000, 0.000000,
                -0.000000, 1.000000, 0.000000, 0.000000,
                -0.000000, 0.000000, 1.000000, 0.000000,
                -0.000001, 3.499998,-14.765901, 1.000000;;
              }
            } // End of root_HoodSubCenter
            Frame root_HoodSubLeftA01 {
              FrameTransformMatrix {
                 1.000000, 0.000000, 0.000000, 0.000000,
                -0.000000, 1.000000, 0.000000, 0.000000,
                -0.000000, 0.000000, 1.000000, 0.000000,
                 3.700000, 4.100000,-14.265900, 1.000000;;
              }
            } // End of root_HoodSubLeftA01
            Frame root_HoodSubLeftB01 {
              FrameTransformMatrix {
                 1.000000, 0.000000, 0.000000, 0.000000,
                -0.000000, 1.000000, 0.000000, 0.000000,
                -0.000000, 0.000000, 1.000000, 0.000000,
                 6.499999, 4.700001,-12.565901, 1.000000;;
              }
            } // End of root_HoodSubLeftB01
            Frame root_HoodSubRightA01 {
              FrameTransformMatrix {
                 1.000000,-0.000000,-0.000000, 0.000000,
                 0.000000,-1.000000, 0.000000, 0.000000,
                -0.000000,-0.000000,-1.000000, 0.000000,
                -3.700000, 4.099996,-14.265899, 1.000000;;
              }
            } // End of root_HoodSubRightA01
            Frame root_HoodSubRightB01 {
              FrameTransformMatrix {
                 1.000000,-0.000000,-0.000000, 0.000000,
                 0.000000,-1.000000, 0.000000, 0.000000,
                -0.000000,-0.000000,-1.000000, 0.000000,
                -6.500000, 4.699994,-12.565899, 1.000000;;
              }
            } // End of root_HoodSubRightB01
            Frame root_LeftShoulder {
              FrameTransformMatrix {
                -0.133971, 0.985387, 0.105189, 0.000000,
                 0.970264, 0.108836, 0.216198, 0.000000,
                 0.201590, 0.131025,-0.970667, 0.000000,
                 4.999999, 4.499999,-4.000000, 1.000000;;
              }
              Frame root_LeftArm {
                FrameTransformMatrix {
                   0.180209, 0.982532, 0.046431, 0.000000,
                  -0.981047, 0.176118, 0.080801, 0.000000,
                   0.071212,-0.060112, 0.995648, 0.000000,
                  -1.000003, 5.000000, 0.000000, 1.000000;;
                }
                Frame root_LeftForeArm {
                  FrameTransformMatrix {
                     0.999777, 0.002659, 0.020961, 0.000000,
                     0.002658, 0.968341,-0.249615, 0.000000,
                    -0.020961, 0.249615, 0.968118, 0.000000,
                     0.000001,18.000006, 0.000002, 1.000000;;
                  }
                  Frame root_LeftHand {
                    FrameTransformMatrix {
                       0.867008, 0.213178, 0.450391, 0.000000,
                      -0.290843, 0.950424, 0.110024, 0.000000,
                      -0.404608,-0.226385, 0.886026, 0.000000,
                       0.000004,20.499985,-0.000001, 1.000000;;
                    }
                    Frame root_LeftHandIndex1 {
                      FrameTransformMatrix {
                         0.996851, 0.078802,-0.008821, 0.000000,
                        -0.079190, 0.995053,-0.059990, 0.000000,
                         0.004050, 0.060500, 0.998160, 0.000000,
                         0.099996, 8.500003,-3.099998, 1.000000;;
                      }
                      Frame root_LeftHandIndex2 {
                        FrameTransformMatrix {
                           0.936122, 0.351530, 0.010087, 0.000000,
                          -0.351626, 0.935130, 0.043485, 0.000000,
                           0.005854,-0.044254, 0.999003, 0.000000,
                          -0.000001, 2.599997,-0.000000, 1.000000;;
                        }
                        Frame root_LeftHandIndex3 {
                          FrameTransformMatrix {
                             1.000000, 0.000000, 0.000000, 0.000000,
                            -0.000000, 1.000000,-0.000000, 0.000000,
                             0.000000, 0.000000, 1.000000, 0.000000,
                             0.000002, 2.999999, 0.000000, 1.000000;;
                          }
                        } // End of root_LeftHandIndex3
                      } // End of root_LeftHandIndex2
                    } // End of root_LeftHandIndex1
                    Frame root_LeftHandMiddle1 {
                      FrameTransformMatrix {
                         0.976241, 0.216339,-0.012291, 0.000000,
                        -0.216200, 0.976278, 0.011765, 0.000000,
                         0.014545,-0.008828, 0.999855, 0.000000,
                         0.499998, 8.500005,-1.199999, 1.000000;;
                      }
                      Frame root_LeftHandMiddle2 {
                        FrameTransformMatrix {
                           0.834801, 0.550088, 0.022600, 0.000000,
                          -0.550382, 0.832819, 0.059089, 0.000000,
                           0.013682,-0.061766, 0.997997, 0.000000,
                           0.000001, 2.999998, 0.000000, 1.000000;;
                        }
                        Frame root_LeftHandMiddle3 {
                          FrameTransformMatrix {
                             1.000000, 0.000000,-0.000000, 0.000000,
                             0.000000, 1.000000,-0.000000, 0.000000,
                             0.000000,-0.000000, 1.000000, 0.000000,
                            -0.000004, 3.000003, 0.000000, 1.000000;;
                          }
                        } // End of root_LeftHandMiddle3
                      } // End of root_LeftHandMiddle2
                    } // End of root_LeftHandMiddle1
                    Frame root_LeftHandPinky1 {
                      FrameTransformMatrix {
                         0.841284, 0.540563,-0.005674, 0.000000,
                        -0.532988, 0.831157, 0.158433, 0.000000,
                         0.090360,-0.130263, 0.987353, 0.000000,
                        -0.000005, 7.799999, 2.600000, 1.000000;;
                      }
                      Frame root_LeftHandPinky2 {
                        FrameTransformMatrix {
                           0.699348, 0.714161, 0.029763, 0.000000,
                          -0.714508, 0.697324, 0.056721, 0.000000,
                           0.019753,-0.060933, 0.997947, 0.000000,
                           0.000002, 2.499997,-0.000000, 1.000000;;
                        }
                        Frame root_LeftHandPinky3 {
                          FrameTransformMatrix {
                             1.000000,-0.000000, 0.000000, 0.000000,
                             0.000000, 1.000000, 0.000000, 0.000000,
                            -0.000000,-0.000000, 1.000000, 0.000000,
                            -0.000002, 2.285404,-0.000000, 1.000000;;
                          }
                        } // End of root_LeftHandPinky3
                      } // End of root_LeftHandPinky2
                    } // End of root_LeftHandPinky1
                    Frame root_LeftHandRing1 {
                      FrameTransformMatrix {
                         0.918077, 0.396152,-0.014055, 0.000000,
                        -0.394376, 0.916392, 0.068509, 0.000000,
                         0.040020,-0.057353, 0.997551, 0.000000,
                         0.399998, 8.300004, 0.800001, 1.000000;;
                      }
                      Frame root_LeftHandRing2 {
                        FrameTransformMatrix {
                           0.763912, 0.645080, 0.017624, 0.000000,
                          -0.644778, 0.761865, 0.061828, 0.000000,
                           0.026457,-0.058595, 0.997931, 0.000000,
                           0.000000, 2.910999, 0.000000, 1.000000;;
                        }
                        Frame root_LeftHandRing3 {
                          FrameTransformMatrix {
                             1.000000,-0.000000,-0.000000, 0.000000,
                             0.000000, 1.000000, 0.000000, 0.000000,
                             0.000000,-0.000000, 1.000000, 0.000000,
                            -0.000000, 2.760392,-0.000000, 1.000000;;
                          }
                        } // End of root_LeftHandRing3
                      } // End of root_LeftHandRing2
                    } // End of root_LeftHandRing1
                    Frame root_LeftHandThumb1 {
                      FrameTransformMatrix {
                        -0.229106,-0.582593,-0.779805, 0.000000,
                        -0.379224, 0.791239,-0.479719, 0.000000,
                         0.896493, 0.185814,-0.402211, 0.000000,
                        -1.100001, 3.100002,-3.599999, 1.000000;;
                      }
                      Frame root_LeftHandThumb2 {
                        FrameTransformMatrix {
                           0.615155, 0.373543, 0.694298, 0.000000,
                          -0.491684, 0.870166,-0.032526, 0.000000,
                          -0.616304,-0.321367, 0.718952, 0.000000,
                          -0.000000, 3.200002, 0.000003, 1.000000;;
                        }
                        Frame root_LeftHandThumb3 {
                          FrameTransformMatrix {
                             1.000000,-0.000001, 0.000000, 0.000000,
                             0.000001, 1.000000, 0.000002, 0.000000,
                            -0.000000,-0.000002, 1.000000, 0.000000,
                             0.000000, 3.399999, 0.000000, 1.000000;;
                          }
                        } // End of root_LeftHandThumb3
                      } // End of root_LeftHandThumb2
                    } // End of root_LeftHandThumb1
                  } // End of root_LeftHand
                } // End of root_LeftForeArm
              } // End of root_LeftArm
            } // End of root_LeftShoulder
            Frame root_Neck {
              FrameTransformMatrix {
                 0.985816, 0.167491,-0.010606, 0.000000,
                -0.166860, 0.984954, 0.044983, 0.000000,
                 0.017981,-0.042575, 0.998932, 0.000000,
                -0.000001, 6.300003,-1.600000, 1.000000;;
              }
              Frame root_Head {
                FrameTransformMatrix {
                   0.989879,-0.141287,-0.013315, 0.000000,
                   0.141595, 0.989582, 0.026036, 0.000000,
                   0.009498,-0.027658, 0.999572, 0.000000,
                   0.000001, 4.699991, 0.700000, 1.000000;;
                }
                Frame root_Hair {
                  FrameTransformMatrix {
                     0.000000, 1.000000, 0.000000, 0.000000,
                     1.000000,-0.000000, 0.000000, 0.000000,
                     0.000000, 0.000000,-1.000000, 0.000000,
                    -0.000000,10.500005,-2.000000, 1.000000;;
                  }
                  Frame root_HairBackA01 {
                    FrameTransformMatrix {
                       1.000000, 0.000000, 0.000000, 0.000000,
                      -0.000000, 1.000000,-0.000000, 0.000000,
                      -0.000000, 0.000000, 1.000000, 0.000000,
                       8.999995,10.799998, 6.465901, 1.000000;;
                    }
                    Frame root_HairBackA02 {
                      FrameTransformMatrix {
                         1.000000,-0.000000, 0.000000, 0.000000,
                         0.000000, 1.000000,-0.000000, 0.000000,
                        -0.000000,-0.000000, 1.000000, 0.000000,
                         1.999993, 4.500000, 3.199999, 1.000000;;
                      }
                      Frame root_HairBackA03 {
                        FrameTransformMatrix {
                           1.000000,-0.000000, 0.000000, 0.000000,
                           0.000000, 1.000000,-0.000000, 0.000000,
                          -0.000000,-0.000000, 1.000000, 0.000000,
                           0.400001, 4.299998, 2.900000, 1.000000;;
                        }
                        Frame root_HairBackA04 {
                          FrameTransformMatrix {
                             1.000000,-0.000001, 0.000000, 0.000000,
                             0.000001, 1.000000, 0.000000, 0.000000,
                            -0.000000,-0.000000, 1.000000, 0.000000,
                             0.000003, 4.400001, 3.300000, 1.000000;;
                          }
                        } // End of root_HairBackA04
                      } // End of root_HairBackA03
                    } // End of root_HairBackA02
                  } // End of root_HairBackA01
                  Frame root_HairBackB01 {
                    FrameTransformMatrix {
                       0.000000, 1.000000,-0.000000, 0.000000,
                      -1.000000, 0.000000,-0.000000, 0.000000,
                      -0.000000, 0.000000, 1.000000, 0.000000,
                       1.599993,13.599999, 6.865900, 1.000000;;
                    }
                    Frame root_HairBackB02 {
                      FrameTransformMatrix {
                         1.000000, 0.000000,-0.000000, 0.000000,
                        -0.000000, 1.000000, 0.000000, 0.000000,
                        -0.000000,-0.000000, 1.000000, 0.000000,
                         0.100001, 4.500002,-0.800000, 1.000000;;
                      }
                      Frame root_HairBackB03 {
                        FrameTransformMatrix {
                           1.000000,-0.000000,-0.000000, 0.000000,
                           0.000000, 1.000000,-0.000000, 0.000000,
                          -0.000000, 0.000000, 1.000000, 0.000000,
                           0.699999, 5.699994, 0.199997, 1.000000;;
                        }
                        Frame root_HairBackB04 {
                          FrameTransformMatrix {
                             1.000000, 0.000000,-0.000000, 0.000000,
                             0.000000, 1.000000, 0.000000, 0.000000,
                             0.000000,-0.000000, 1.000000, 0.000000,
                             1.500000, 4.199988, 1.099999, 1.000000;;
                          }
                        } // End of root_HairBackB04
                      } // End of root_HairBackB03
                    } // End of root_HairBackB02
                  } // End of root_HairBackB01
                  Frame root_HairBackC01 {
                    FrameTransformMatrix {
                       0.000000, 1.000000,-0.000000, 0.000000,
                      -1.000000, 0.000000, 0.000000, 0.000000,
                       0.000000, 0.000000, 1.000000, 0.000000,
                       1.599991,12.499999, 9.265900, 1.000000;;
                    }
                    Frame root_HairBackC02 {
                      FrameTransformMatrix {
                         1.000000, 0.000000, 0.000000, 0.000000,
                        -0.000000, 1.000000,-0.000000, 0.000000,
                        -0.000000, 0.000000, 1.000000, 0.000000,
                         1.600000, 4.299997,-0.200000, 1.000000;;
                      }
                      Frame root_HairBackC03 {
                        FrameTransformMatrix {
                           1.000000,-0.000000,-0.000000, 0.000000,
                           0.000000, 1.000000,-0.000000, 0.000000,
                           0.000000,-0.000000, 1.000000, 0.000000,
                           1.700001, 4.000002, 0.200002, 1.000000;;
                        }
                        Frame root_HairBackC04 {
                          FrameTransformMatrix {
                            -0.000001,-1.000000,-0.000000, 0.000000,
                             1.000000,-0.000001, 0.000000, 0.000000,
                            -0.000000,-0.000000, 1.000000, 0.000000,
                             2.900000, 3.899998, 1.400000, 1.000000;;
                          }
                          Frame root_HairBackC05 {
                            FrameTransformMatrix {
                               1.000000, 0.000001, 0.000000, 0.000000,
                              -0.000001, 1.000000,-0.000000, 0.000000,
                               0.000000, 0.000000, 1.000000, 0.000000,
                              -2.399998, 4.200000, 2.299998, 1.000000;;
                            }
                            Frame root_HairBackC06 {
                              FrameTransformMatrix {
                                 1.000000, 0.000000, 0.000000, 0.000000,
                                 0.000000, 1.000000,-0.000000, 0.000000,
                                -0.000000, 0.000000, 1.000000, 0.000000,
                                -0.300004, 5.299999, 3.400000, 1.000000;;
                              }
                              Frame root_HairBackC07 {
                                FrameTransformMatrix {
                                   1.000000,-0.000000, 0.000000, 0.000000,
                                   0.000000, 1.000000, 0.000000, 0.000000,
                                  -0.000000,-0.000000, 1.000000, 0.000000,
                                   2.500010, 3.299999, 1.899999, 1.000000;;
                                }
                              } // End of root_HairBackC07
                            } // End of root_HairBackC06
                          } // End of root_HairBackC05
                        } // End of root_HairBackC04
                      } // End of root_HairBackC03
                    } // End of root_HairBackC02
                  } // End of root_HairBackC01
                  Frame root_HairBackD01 {
                    FrameTransformMatrix {
                       0.000000, 1.000000,-0.000000, 0.000000,
                      -1.000000, 0.000000, 0.000000, 0.000000,
                       0.000000, 0.000000, 1.000000, 0.000000,
                       1.999992,15.200000, 9.365900, 1.000000;;
                    }
                    Frame root_HairBackD02 {
                      FrameTransformMatrix {
                         1.000000,-0.000000, 0.000000, 0.000000,
                         0.000000, 1.000000,-0.000000, 0.000000,
                        -0.000000, 0.000000, 1.000000, 0.000000,
                         0.599999, 3.099988, 0.800001, 1.000000;;
                      }
                      Frame root_HairBackD03 {
                        FrameTransformMatrix {
                           0.000000,-1.000000,-0.000000, 0.000000,
                           1.000000,-0.000000, 0.000000, 0.000000,
                          -0.000000,-0.000000, 1.000000, 0.000000,
                           1.599999, 2.400003, 1.099999, 1.000000;;
                        }
                        Frame root_HairBackD04 {
                          FrameTransformMatrix {
                             1.000000, 0.000000,-0.000000, 0.000000,
                            -0.000000, 1.000000,-0.000000, 0.000000,
                            -0.000000, 0.000000, 1.000000, 0.000000,
                            -1.600001, 2.000001, 1.500003, 1.000000;;
                          }
                        } // End of root_HairBackD04
                      } // End of root_HairBackD03
                    } // End of root_HairBackD02
                  } // End of root_HairBackD01
                  Frame root_HairLeftA01 {
                    FrameTransformMatrix {
                       0.000000, 1.000000,-0.000000, 0.000000,
                      -1.000000, 0.000000,-0.000000, 0.000000,
                      -0.000000, 0.000000, 1.000000, 0.000000,
                      -8.200006, 8.400000,-1.934101, 1.000000;;
                    }
                    Frame root_HairLeftA02 {
                      FrameTransformMatrix {
                         1.000000, 0.000000,-0.000000, 0.000000,
                         0.000000, 1.000000,-0.000000, 0.000000,
                         0.000000,-0.000000, 1.000000, 0.000000,
                        -1.100002, 3.300003,-1.400000, 1.000000;;
                      }
                    } // End of root_HairLeftA02
                  } // End of root_HairLeftA01
                  Frame root_HairLeftB01 {
                    FrameTransformMatrix {
                       0.000000, 1.000000,-0.000000, 0.000000,
                      -1.000000, 0.000000,-0.000000, 0.000000,
                      -0.000000, 0.000000, 1.000000, 0.000000,
                      -5.700005, 9.300000,-3.634100, 1.000000;;
                    }
                    Frame root_HairLeftB02 {
                      FrameTransformMatrix {
                         1.000000, 0.000000,-0.000000, 0.000000,
                        -0.000000, 1.000000,-0.000000, 0.000000,
                        -0.000000,-0.000000, 1.000000, 0.000000,
                        -1.500000, 2.099995,-1.700001, 1.000000;;
                      }
                    } // End of root_HairLeftB02
                  } // End of root_HairLeftB01
                  Frame root_HairLeftC01 {
                    FrameTransformMatrix {
                       1.000000, 0.000000, 0.000000, 0.000000,
                      -0.000000, 1.000000,-0.000000, 0.000000,
                      -0.000000, 0.000000, 1.000000, 0.000000,
                      -4.900008, 7.299998,-6.634099, 1.000000;;
                    }
                  } // End of root_HairLeftC01
                  Frame root_HairRightA01 {
                    FrameTransformMatrix {
                       0.000000, 1.000000, 0.000000, 0.000000,
                      -1.000000, 0.000000,-0.000000, 0.000000,
                      -0.000000,-0.000000, 1.000000, 0.000000,
                      -8.200000,-8.400004,-1.934100, 1.000000;;
                    }
                    Frame root_HairRightA02 {
                      FrameTransformMatrix {
                         1.000000, 0.000000,-0.000000, 0.000000,
                        -0.000000, 1.000000,-0.000000, 0.000000,
                        -0.000000, 0.000000, 1.000000, 0.000000,
                         1.100000, 3.299996,-1.399999, 1.000000;;
                      }
                    } // End of root_HairRightA02
                  } // End of root_HairRightA01
                  Frame root_HairRightB01 {
                    FrameTransformMatrix {
                       0.000001, 1.000000, 0.000000, 0.000000,
                      -1.000000, 0.000001,-0.000000, 0.000000,
                      -0.000000,-0.000000, 1.000000, 0.000000,
                      -5.700002,-9.300006,-3.634101, 1.000000;;
                    }
                    Frame root_HairRightB02 {
                      FrameTransformMatrix {
                         1.000000, 0.000001,-0.000000, 0.000000,
                        -0.000001, 1.000000,-0.000000, 0.000000,
                        -0.000000, 0.000000, 1.000000, 0.000000,
                         1.500000, 2.099995,-1.700000, 1.000000;;
                      }
                    } // End of root_HairRightB02
                  } // End of root_HairRightB01
                  Frame root_HairRightC01 {
                    FrameTransformMatrix {
                      -1.000000, 0.000000,-0.000000, 0.000000,
                      -0.000000, 1.000000,-0.000000, 0.000000,
                       0.000000, 0.000000,-1.000000, 0.000000,
                      -4.900003,-7.300007,-6.634100, 1.000000;;
                    }
                  } // End of root_HairRightC01
                } // End of root_Hair
                Frame root_LeftEye {
                  FrameTransformMatrix {
                     1.000000, 0.000000, 0.000000, 0.000000,
                    -0.000000, 1.000000, 0.000000, 0.000000,
                    -0.000000, 0.000000, 1.000000, 0.000000,
                     4.251600, 7.363206, 4.000000, 1.000000;;
                  }
                } // End of root_LeftEye
                Frame root_RightEye {
                  FrameTransformMatrix {
                     1.000000, 0.000000,-0.000000, 0.000000,
                     0.000000,-1.000000, 0.000000, 0.000000,
                    -0.000000,-0.000000,-1.000000, 0.000000,
                    -4.251600, 7.363009, 4.000000, 1.000000;;
                  }
                } // End of root_RightEye
              } // End of root_Head
            } // End of root_Neck
            Frame root_RightShoulder {
              FrameTransformMatrix {
                 0.278260,-0.954079,-0.110925, 0.000000,
                -0.956074,-0.286204, 0.063317, 0.000000,
                -0.092157, 0.088434,-0.991810, 0.000000,
                -5.000000, 4.500002,-4.000000, 1.000000;;
              }
              Frame root_RightArm {
                FrameTransformMatrix {
                   0.446226,-0.894920, 0.000342, 0.000000,
                   0.894662, 0.446089,-0.024164, 0.000000,
                   0.021472, 0.011089, 0.999708, 0.000000,
                   0.999999, 4.999997, 0.000002, 1.000000;;
                }
                Frame root_RightForeArm {
                  FrameTransformMatrix {
                     0.999667,-0.003964,-0.025492, 0.000000,
                    -0.003963, 0.952799,-0.303576, 0.000000,
                     0.025492, 0.303576, 0.952466, 0.000000,
                     0.000000,17.999998, 0.000000, 1.000000;;
                  }
                  Frame root_RightHand {
                    FrameTransformMatrix {
                       0.952180,-0.232950,-0.197705, 0.000000,
                       0.278953, 0.926795, 0.251467, 0.000000,
                       0.124653,-0.294592, 0.947458, 0.000000,
                       0.000000,20.499992,-0.000001, 1.000000;;
                    }
                    Frame root_RightHandIndex1 {
                      FrameTransformMatrix {
                         0.996851,-0.078802, 0.008821, 0.000000,
                         0.079191, 0.995053,-0.059990, 0.000000,
                        -0.004050, 0.060500, 0.998160, 0.000000,
                        -0.099997, 8.499993,-3.100000, 1.000000;;
                      }
                      Frame root_RightHandIndex2 {
                        FrameTransformMatrix {
                           0.936122,-0.351530,-0.010087, 0.000000,
                           0.351626, 0.935130, 0.043485, 0.000000,
                          -0.005854,-0.044254, 0.999003, 0.000000,
                           0.000000, 2.599995,-0.000000, 1.000000;;
                        }
                        Frame root_RightHandIndex3 {
                          FrameTransformMatrix {
                             1.000000,-0.000000,-0.000000, 0.000000,
                             0.000000, 1.000000,-0.000000, 0.000000,
                            -0.000000, 0.000000, 1.000000, 0.000000,
                             0.000001, 2.999994, 0.000000, 1.000000;;
                          }
                        } // End of root_RightHandIndex3
                      } // End of root_RightHandIndex2
                    } // End of root_RightHandIndex1
                    Frame root_RightHandMiddle1 {
                      FrameTransformMatrix {
