xof 0303txt 0032

template XSkinMeshHeader {
  <3cf169ce-ff7c-44ab-93c0-f78f62d172e2>
  WORD nMaxSkinWeightsPerVertex;
  WORD nMaxSkinWeightsPerFace;
  WORD nBones;
}

template SkinWeights {
  <6f0d123b-bad2-4167-a0d0-80224f25fabb>
  STRING transformNodeName;
  DWORD nWeights;
  array DWORD vertexIndices[nWeights];
  array float weights[nWeights];
  Matrix4x4 matrixOffset;
}

Frame Root {
  FrameTransformMatrix {
     1.000000, 0.000000, 0.000000, 0.000000,
     0.000000,-0.000000,-1.000000, 0.000000,
     0.000000, 1.000000,-0.000000, 0.000000,
     0.000000, 0.000000, 0.000000, 1.000000;;
  }
  Frame root {
    FrameTransformMatrix {
       0.100000, 0.000000, 0.000000, 0.000000,
       0.000000,-0.000000, 0.100000, 0.000000,
       0.000000,-0.100000,-0.000000, 0.000000,
       0.000000, 0.000000, 0.000000, 1.000000;;
    }
    Frame root_Hips {
      FrameTransformMatrix {
         0.950101, 0.169183,-0.262078, 0.000000,
        -0.305831, 0.339717,-0.889416, 0.000000,
        -0.061442, 0.925186, 0.374507, 0.000000,
         0.015220,63.985409, 1.165608, 1.000000;;
      }
      Frame root_BagHead {
        FrameTransformMatrix {
           0.000000,-0.000000, 1.000000, 0.000000,
           1.000000,-0.000000,-0.000000, 0.000000,
           0.000000, 1.000000, 0.000000, 0.000000,
           0.000000, 7.465898, 4.000001, 1.000000;;
        }
        Frame root_BagFastenerHead {
          FrameTransformMatrix {
             1.000000, 0.000000, 0.000000, 0.000000,
            -0.000000, 1.000000,-0.000000, 0.000000,
             0.000000, 0.000000, 1.000000, 0.000000,
             5.209199,12.639000, 4.420899, 1.000000;;
          }
        } // End of root_BagFastenerHead
        Frame root_BagNeck {
          FrameTransformMatrix {
             0.000000, 1.000000,-0.000000, 0.000000,
            -1.000000, 0.000000,-0.000000, 0.000000,
             0.000000, 0.000000, 1.000000, 0.000000,
            -15.399998, 0.000000,10.699998, 1.000000;;
          }
          Frame root_BagFastenerNeck {
            FrameTransformMatrix {
               1.000000, 0.000000, 0.000000, 0.000000,
              -0.000000, 1.000000,-0.000000, 0.000000,
               0.000000, 0.000000, 1.000000, 0.000000,
               0.000000, 0.699998,-1.600002, 1.000000;;
            }
          } // End of root_BagFastenerNeck
          Frame root_BagLeftHand01 {
            FrameTransformMatrix {
               0.000000,-1.000000, 0.000000, 0.000000,
               1.000000,-0.000000, 0.000000, 0.000000,
              -0.000000,-0.000000, 1.000000, 0.000000,
               4.400000, 1.699998, 0.599998, 1.000000;;
            }
            Frame root_BagLeftHand02 {
              FrameTransformMatrix {
                 1.000000, 0.000001, 0.000000, 0.000000,
                -0.000001, 1.000000,-0.000000, 0.000000,
                 0.000000, 0.000000, 1.000000, 0.000000,
                -2.199997, 2.700001, 0.600000, 1.000000;;
              }
            } // End of root_BagLeftHand02
          } // End of root_BagLeftHand01
          Frame root_BagRightHand01 {
            FrameTransformMatrix {
               0.000000, 1.000000,-0.000000, 0.000000,
              -1.000000, 0.000000,-0.000000, 0.000000,
              -0.000000,-0.000000, 1.000000, 0.000000,
              -4.399999, 1.699998, 0.599998, 1.000000;;
            }
            Frame root_BagRightHand02 {
              FrameTransformMatrix {
                 1.000000,-0.000001, 0.000000, 0.000000,
                 0.000001, 1.000000,-0.000000, 0.000000,
                 0.000000, 0.000000, 1.000000, 0.000000,
                 2.200000, 2.700000, 0.599997, 1.000000;;
              }
            } // End of root_BagRightHand02
          } // End of root_BagRightHand01
          Frame root_BagSpine {
            FrameTransformMatrix {
               1.000000, 0.000000, 0.000000, 0.000000,
               0.000000, 1.000000,-0.000000, 0.000000,
               0.000000, 0.000000, 1.000000, 0.000000,
               0.000000, 3.099996, 1.299997, 1.000000;;
            }
            Frame root_BagHip {
              FrameTransformMatrix {
                -0.000000,-1.000000,-0.000000, 0.000000,
                 1.000000,-0.000000, 0.000000, 0.000000,
                -0.000000,-0.000000, 1.000000, 0.000000,
                 0.000000, 3.999998, 1.800000, 1.000000;;
              }
              Frame root_BagLeftLeg01 {
                FrameTransformMatrix {
                   0.000000, 1.000000,-0.000000, 0.000000,
                  -1.000000,-0.000000,-0.000000, 0.000000,
                  -0.000000, 0.000000, 1.000000, 0.000000,
                  -2.700004, 2.999999, 0.800000, 1.000000;;
                }
                Frame root_BagLeftLeg02 {
                  FrameTransformMatrix {
                     1.000000,-0.000000,-0.000000, 0.000000,
                     0.000000, 1.000000,-0.000000, 0.000000,
                     0.000000,-0.000000, 1.000000, 0.000000,
                     1.000000, 2.499997, 1.800002, 1.000000;;
                  }
                } // End of root_BagLeftLeg02
              } // End of root_BagLeftLeg01
              Frame root_BagRightLeg01 {
                FrameTransformMatrix {
                   0.000000, 1.000000,-0.000000, 0.000000,
                  -1.000000, 0.000000,-0.000000, 0.000000,
                  -0.000000, 0.000000, 1.000000, 0.000000,
                  -2.700003,-3.000000, 0.800000, 1.000000;;
                }
                Frame root_BagRightLeg02 {
                  FrameTransformMatrix {
                     1.000000, 0.000000, 0.000000, 0.000000,
                    -0.000000, 1.000000, 0.000000, 0.000000,
                    -0.000000,-0.000000, 1.000000, 0.000000,
                    -1.000001, 2.499998, 1.800000, 1.000000;;
                  }
                } // End of root_BagRightLeg02
              } // End of root_BagRightLeg01
            } // End of root_BagHip
          } // End of root_BagSpine
        } // End of root_BagNeck
      } // End of root_BagHead
      Frame root_LeftUpLeg {
        FrameTransformMatrix {
           0.996580,-0.044366,-0.069719, 0.000000,
          -0.082615,-0.555058,-0.827699, 0.000000,
          -0.001977, 0.830628,-0.556825, 0.000000,
           6.499999, 0.499999,-3.500000, 1.000000;;
        }
        Frame root_LeftLeg {
          FrameTransformMatrix {
             0.990046, 0.060526,-0.127066, 0.000000,
             0.069440, 0.575219, 0.815047, 0.000000,
             0.122422,-0.815757, 0.565290, 0.000000,
            -0.000001,27.499998, 0.999999, 1.000000;;
          }
          Frame root_BootsLeft01 {
            FrameTransformMatrix {
               1.000000,-0.000000, 0.000000, 0.000000,
              -0.000000,-1.000000,-0.000000, 0.000000,
               0.000000, 0.000000,-1.000000, 0.000000,
               0.473099,22.674498, 3.399999, 1.000000;;
            }
            Frame root_BootsLeft02 {
              FrameTransformMatrix {
                 1.000000, 0.000000, 0.000000, 0.000000,
                 0.000000, 1.000000, 0.000000, 0.000000,
                -0.000000,-0.000000, 1.000000, 0.000000,
                 0.000001, 4.000001,-0.000000, 1.000000;;
              }
            } // End of root_BootsLeft02
          } // End of root_BootsLeft01
          Frame root_LeftFoot {
            FrameTransformMatrix {
               0.997729, 0.065811,-0.014364, 0.000000,
               0.021628,-0.514939,-0.856954, 0.000000,
              -0.063793, 0.854697,-0.515193, 0.000000,
              -0.000000,35.500004, 2.499999, 1.000000;;
            }
            Frame root_LeftToe {
              FrameTransformMatrix {
                 1.000000,-0.000000, 0.000000, 0.000000,
                -0.000000, 1.000000,-0.000000, 0.000000,
                 0.000000, 0.000000, 1.000000, 0.000000,
                 0.000001, 9.499999, 8.500000, 1.000000;;
              }
            } // End of root_LeftToe
          } // End of root_LeftFoot
        } // End of root_LeftLeg
      } // End of root_LeftUpLeg
      Frame root_RightUpLeg {
        FrameTransformMatrix {
           0.951604,-0.291221,-0.098182, 0.000000,
          -0.290553,-0.956621, 0.021356, 0.000000,
          -0.100142, 0.008204,-0.994939, 0.000000,
          -6.500001, 0.499999,-3.500000, 1.000000;;
        }
        Frame root_RightLeg {
          FrameTransformMatrix {
             0.998758,-0.048274,-0.012322, 0.000000,
            -0.014367,-0.515876, 0.856543, 0.000000,
            -0.047706,-0.855303,-0.515928, 0.000000,
             0.000001,27.500000, 0.999999, 1.000000;;
          }
          Frame root_BootsRight01 {
            FrameTransformMatrix {
               1.000000,-0.000000,-0.000000, 0.000000,
               0.000000, 1.000000,-0.000000, 0.000000,
               0.000000, 0.000000, 1.000000, 0.000000,
              -0.473100,22.674501, 3.399999, 1.000000;;
            }
            Frame root_BootsRight02 {
              FrameTransformMatrix {
                 1.000000,-0.000000,-0.000000, 0.000000,
                -0.000000, 1.000000, 0.000000, 0.000000,
                 0.000000,-0.000000, 1.000000, 0.000000,
                -0.000000, 3.999998, 0.000002, 1.000000;;
              }
            } // End of root_BootsRight02
          } // End of root_BootsRight01
          Frame root_RightFoot {
            FrameTransformMatrix {
               0.973826, 0.225730, 0.026645, 0.000000,
              -0.023282, 0.215669,-0.976189, 0.000000,
              -0.226101, 0.950017, 0.215280, 0.000000,
               0.000001,35.500004, 2.499999, 1.000000;;
            }
            Frame root_RightToe {
              FrameTransformMatrix {
                 1.000000, 0.000000, 0.000000, 0.000000,
                -0.000000, 1.000000,-0.000000, 0.000000,
                 0.000000, 0.000000, 1.000000, 0.000000,
                -0.000001, 9.500001, 8.499999, 1.000000;;
              }
            } // End of root_RightToe
          } // End of root_RightFoot
        } // End of root_RightLeg
      } // End of root_RightUpLeg
      Frame root_Spine {
        FrameTransformMatrix {
           0.978040,-0.194774,-0.074173, 0.000000,
           0.021104,-0.261504, 0.964972, 0.000000,
          -0.207348,-0.945346,-0.251651, 0.000000,
           0.000000,-1.500001, 9.000006, 1.000000;;
        }
        Frame root_Spine01 {
          FrameTransformMatrix {
             1.000000, 0.000000, 0.000000, 0.000000,
             0.000000, 0.000000, 1.000000, 0.000000,
            -0.000000,-1.000000,-0.000000, 0.000000,
             0.000000, 8.999992, 0.500007, 1.000000;;
          }
          Frame root_FastenerFront {
            FrameTransformMatrix {
               1.000000, 0.000000,-0.000000, 0.000000,
               0.000000, 1.000000,-0.000000, 0.000000,
              -0.000000,-0.000000, 1.000000, 0.000000,
               2.772100, 6.631006, 3.900309, 1.000000;;
            }
          } // End of root_FastenerFront
          Frame root_LeftBust {
            FrameTransformMatrix {
               1.000000, 0.000000,-0.000000, 0.000000,
               0.000000, 1.000000,-0.000000, 0.000000,
              -0.000000,-0.000000, 1.000000, 0.000000,
               5.670899, 3.040505,-6.273194, 1.000000;;
            }
          } // End of root_LeftBust
          Frame root_RightBust {
            FrameTransformMatrix {
               1.000000, 0.000000,-0.000000, 0.000000,
              -0.000000,-1.000000, 0.000000, 0.000000,
              -0.000000, 0.000000,-1.000000, 0.000000,
              -5.670900, 3.040508,-6.272995, 1.000000;;
            }
          } // End of root_RightBust
          Frame root_Spine02 {
            FrameTransformMatrix {
               1.000000, 0.000000,-0.000000, 0.000000,
               0.000000, 0.000000,-1.000000, 0.000000,
               0.000000, 1.000000,-0.000000, 0.000000,
               0.000000,-2.499993,-9.499993, 1.000000;;
            }
            Frame root_HoodMain01 {
              FrameTransformMatrix {
                 1.000000,-0.000000, 0.000000, 0.000000,
                -0.000000,-1.000000,-0.000000, 0.000000,
                 0.000000,-0.000000,-1.000000, 0.000000,
                 0.000000, 0.999999,-9.465893, 1.000000;;
              }
              Frame root_HoodMain02 {
                FrameTransformMatrix {
                   1.000000, 0.000000, 0.000000, 0.000000,
                  -0.000000, 1.000000, 0.000000, 0.000000,
                  -0.000000,-0.000000, 1.000000, 0.000000,
                  -0.000000, 4.099992,-0.300007, 1.000000;;
                }
              } // End of root_HoodMain02
            } // End of root_HoodMain01
            Frame root_HoodSubCenter {
              FrameTransformMatrix {
                 1.000000, 0.000000, 0.000000, 0.000000,
                 0.000000, 1.000000, 0.000000, 0.000000,
                 0.000000, 0.000000, 1.000000, 0.000000,
                 0.000000, 3.499996,-14.765892, 1.000000;;
              }
            } // End of root_HoodSubCenter
            Frame root_HoodSubLeftA01 {
              FrameTransformMatrix {
                 1.000000, 0.000000, 0.000000, 0.000000,
                 0.000000, 1.000000, 0.000000, 0.000000,
                 0.000000, 0.000000, 1.000000, 0.000000,
                 3.700000, 4.099994,-14.265890, 1.000000;;
              }
            } // End of root_HoodSubLeftA01
            Frame root_HoodSubLeftB01 {
              FrameTransformMatrix {
                 1.000000, 0.000000, 0.000000, 0.000000,
                 0.000000, 1.000000, 0.000000, 0.000000,
                 0.000000, 0.000000, 1.000000, 0.000000,
                 6.500000, 4.699994,-12.565891, 1.000000;;
              }
            } // End of root_HoodSubLeftB01
            Frame root_HoodSubRightA01 {
              FrameTransformMatrix {
                 1.000000, 0.000000,-0.000000, 0.000000,
                -0.000000,-1.000000, 0.000000, 0.000000,
                -0.000000,-0.000000,-1.000000, 0.000000,
                -3.700000, 4.099991,-14.265890, 1.000000;;
              }
            } // End of root_HoodSubRightA01
            Frame root_HoodSubRightB01 {
              FrameTransformMatrix {
                 1.000000, 0.000000,-0.000000, 0.000000,
                -0.000000,-1.000000, 0.000000, 0.000000,
                -0.000000,-0.000000,-1.000000, 0.000000,
                -6.500000, 4.699992,-12.565891, 1.000000;;
              }
            } // End of root_HoodSubRightB01
            Frame root_LeftShoulder {
              FrameTransformMatrix {
                 0.331082, 0.934446, 0.131133, 0.000000,
                 0.899888,-0.354489, 0.254045, 0.000000,
                 0.283877, 0.033896,-0.958261, 0.000000,
                 5.000000, 4.499997,-3.999991, 1.000000;;
              }
              Frame root_LeftArm {
                FrameTransformMatrix {
                   0.760249, 0.635373, 0.135360, 0.000000,
                  -0.498652, 0.704302,-0.505277, 0.000000,
                  -0.416374, 0.316639, 0.852275, 0.000000,
                  -1.000000, 5.000002, 0.000001, 1.000000;;
                }
                Frame root_LeftForeArm {
                  FrameTransformMatrix {
                     1.000000, 0.000000,-0.000000, 0.000000,
                    -0.000000,-0.197520,-0.980299, 0.000000,
                    -0.000000, 0.980299,-0.197520, 0.000000,
                    -0.000003,17.999996,-0.000000, 1.000000;;
                  }
                  Frame root_LeftHand {
                    FrameTransformMatrix {
                       0.824038,-0.152387,-0.545655, 0.000000,
                       0.110309, 0.987869,-0.109299, 0.000000,
                       0.555691, 0.029876, 0.830852, 0.000000,
                       0.000002,20.500002,-0.000006, 1.000000;;
                    }
                    Frame root_LeftHandIndex1 {
                      FrameTransformMatrix {
                         0.522931, 0.850736,-0.052835, 0.000000,
                        -0.849284, 0.514759,-0.117220, 0.000000,
                        -0.072526, 0.106170, 0.991699, 0.000000,
                         0.099996, 8.499999,-3.100008, 1.000000;;
                      }
                      Frame root_LeftHandIndex2 {
                        FrameTransformMatrix {
                           0.490784, 0.870125, 0.044857, 0.000000,
                          -0.870126, 0.486833, 0.076650, 0.000000,
                           0.044858,-0.076650, 0.996049, 0.000000,
                           0.000008, 2.599994,-0.000004, 1.000000;;
                        }
                        Frame root_LeftHandIndex3 {
                          FrameTransformMatrix {
                             1.000000, 0.000000, 0.000000, 0.000000,
                            -0.000000, 1.000000, 0.000000, 0.000000,
                            -0.000000,-0.000000, 1.000000, 0.000000,
                             0.000001, 3.000005,-0.000004, 1.000000;;
                          }
                        } // End of root_LeftHandIndex3
                      } // End of root_LeftHandIndex2
                    } // End of root_LeftHandIndex1
                    Frame root_LeftHandMiddle1 {
                      FrameTransformMatrix {
                         0.486241, 0.872974,-0.038543, 0.000000,
                        -0.871952, 0.481840,-0.086778, 0.000000,
                        -0.057184, 0.075802, 0.995482, 0.000000,
                         0.499992, 8.500001,-1.200007, 1.000000;;
                      }
                      Frame root_LeftHandMiddle2 {
                        FrameTransformMatrix {
                           0.316092, 0.946814, 0.060246, 0.000000,
                          -0.946814, 0.310785, 0.083406, 0.000000,
                           0.060246,-0.083406, 0.994693, 0.000000,
                           0.000004, 2.999998, 0.000000, 1.000000;;
                        }
                        Frame root_LeftHandMiddle3 {
                          FrameTransformMatrix {
                             1.000000, 0.000000, 0.000000, 0.000000,
                            -0.000000, 1.000000, 0.000000, 0.000000,
                             0.000000,-0.000000, 1.000000, 0.000000,
                             0.000009, 2.999995, 0.000004, 1.000000;;
                          }
                        } // End of root_LeftHandMiddle3
                      } // End of root_LeftHandMiddle2
                    } // End of root_LeftHandMiddle1
                    Frame root_LeftHandPinky1 {
                      FrameTransformMatrix {
                         0.182808, 0.982922,-0.021083, 0.000000,
                        -0.982659, 0.181998,-0.035474, 0.000000,
                        -0.031031, 0.027203, 0.999148, 0.000000,
                        -0.000010, 7.799998, 2.599991, 1.000000;;
                      }
                      Frame root_LeftHandPinky2 {
                        FrameTransformMatrix {
                           0.158743, 0.984535, 0.074107, 0.000000,
                          -0.984535, 0.152215, 0.086729, 0.000000,
                           0.074107,-0.086729, 0.993472, 0.000000,
                           0.000011, 2.500001, 0.000003, 1.000000;;
                        }
                        Frame root_LeftHandPinky3 {
                          FrameTransformMatrix {
                             1.000000,-0.000000, 0.000000, 0.000000,
                             0.000000, 1.000000, 0.000000, 0.000000,
                            -0.000000,-0.000000, 1.000000, 0.000000,
                            -0.000005, 2.285397,-0.000001, 1.000000;;
                          }
                        } // End of root_LeftHandPinky3
                      } // End of root_LeftHandPinky2
                    } // End of root_LeftHandPinky1
                    Frame root_LeftHandRing1 {
                      FrameTransformMatrix {
                         0.259918, 0.965253,-0.027007, 0.000000,
                        -0.962132, 0.256497,-0.092254, 0.000000,
                        -0.082121, 0.049963, 0.995369, 0.000000,
                         0.399995, 8.300000, 0.799992, 1.000000;;
                      }
                      Frame root_LeftHandRing2 {
                        FrameTransformMatrix {
                           0.218239, 0.973462, 0.068866, 0.000000,
                          -0.973462, 0.212173, 0.085753, 0.000000,
                           0.068866,-0.085753, 0.993933, 0.000000,
                          -0.000000, 2.911000, 0.000004, 1.000000;;
                        }
                        Frame root_LeftHandRing3 {
                          FrameTransformMatrix {
                             1.000000,-0.000000, 0.000000, 0.000000,
                             0.000000, 1.000000, 0.000000, 0.000000,
                             0.000000, 0.000000, 1.000000, 0.000000,
                             0.000001, 2.760388,-0.000002, 1.000000;;
                          }
                        } // End of root_LeftHandRing3
                      } // End of root_LeftHandRing2
                    } // End of root_LeftHandRing1
                    Frame root_LeftHandThumb1 {
                      FrameTransformMatrix {
                         0.279213,-0.555071,-0.783541, 0.000000,
                        -0.293531, 0.727595,-0.620036, 0.000000,
                         0.914265, 0.403116, 0.040223, 0.000000,
                        -1.100005, 3.099999,-3.600005, 1.000000;;
                      }
                      Frame root_LeftHandThumb2 {
                        FrameTransformMatrix {
                           0.795872, 0.433468, 0.422721, 0.000000,
                          -0.456294, 0.888319,-0.051821, 0.000000,
                          -0.397974,-0.151642, 0.904777, 0.000000,
                           0.000004, 3.200002,-0.000002, 1.000000;;
                        }
                        Frame root_LeftHandThumb3 {
                          FrameTransformMatrix {
                             1.000000,-0.000001, 0.000000, 0.000000,
                             0.000001, 1.000000, 0.000002, 0.000000,
                            -0.000000,-0.000002, 1.000000, 0.000000,
                             0.000002, 3.400001, 0.000001, 1.000000;;
                          }
                        } // End of root_LeftHandThumb3
                      } // End of root_LeftHandThumb2
                    } // End of root_LeftHandThumb1
                  } // End of root_LeftHand
                } // End of root_LeftForeArm
              } // End of root_LeftArm
            } // End of root_LeftShoulder
            Frame root_Neck {
              FrameTransformMatrix {
                 0.995569,-0.054164, 0.076865, 0.000000,
                 0.060647, 0.994561,-0.084678, 0.000000,
                -0.071860, 0.088964, 0.993439, 0.000000,
                 0.000000, 6.299994,-1.599993, 1.000000;;
              }
              Frame root_Head {
                FrameTransformMatrix {
                   0.994802, 0.092577, 0.042410, 0.000000,
                  -0.066506, 0.906073,-0.417863, 0.000000,
                  -0.077111, 0.412870, 0.907520, 0.000000,
                  -0.000001, 4.700005, 0.700004, 1.000000;;
                }
                Frame root_Hair {
                  FrameTransformMatrix {
                     0.000000, 1.000000, 0.000000, 0.000000,
                     1.000000,-0.000000, 0.000000, 0.000000,
                    -0.000000, 0.000000,-1.000000, 0.000000,
                     0.000000,10.500005,-1.999998, 1.000000;;
                  }
                  Frame root_HairBackA01 {
                    FrameTransformMatrix {
                       1.000000, 0.000000, 0.000000, 0.000000,
                      -0.000000, 1.000000,-0.000000, 0.000000,
                      -0.000000, 0.000000, 1.000000, 0.000000,
                       9.000013,10.799999, 6.465902, 1.000000;;
                    }
                    Frame root_HairBackA02 {
                      FrameTransformMatrix {
                         1.000000, 0.000000,-0.000000, 0.000000,
                        -0.000000, 1.000000,-0.000000, 0.000000,
                         0.000000,-0.000000, 1.000000, 0.000000,
                         2.000000, 4.500002, 3.199999, 1.000000;;
                      }
                      Frame root_HairBackA03 {
                        FrameTransformMatrix {
                           1.000000, 0.000000,-0.000000, 0.000000,
                          -0.000000, 1.000000,-0.000000, 0.000000,
                           0.000000,-0.000000, 1.000000, 0.000000,
                           0.399996, 4.300003, 2.900001, 1.000000;;
                        }
                        Frame root_HairBackA04 {
                          FrameTransformMatrix {
                             1.000000,-0.000001,-0.000000, 0.000000,
                             0.000001, 1.000000, 0.000000, 0.000000,
                             0.000000,-0.000000, 1.000000, 0.000000,
                             0.000001, 4.399997, 3.300000, 1.000000;;
                          }
                        } // End of root_HairBackA04
                      } // End of root_HairBackA03
                    } // End of root_HairBackA02
                  } // End of root_HairBackA01
                  Frame root_HairBackB01 {
                    FrameTransformMatrix {
                       0.000000, 1.000000,-0.000000, 0.000000,
                      -1.000000, 0.000000,-0.000000, 0.000000,
                      -0.000000, 0.000000, 1.000000, 0.000000,
                       1.600006,13.600000, 6.865901, 1.000000;;
                    }
                    Frame root_HairBackB02 {
                      FrameTransformMatrix {
                         1.000000, 0.000000, 0.000000, 0.000000,
                        -0.000000, 1.000000, 0.000000, 0.000000,
                        -0.000000,-0.000000, 1.000000, 0.000000,
                         0.100002, 4.500002,-0.800001, 1.000000;;
                      }
                      Frame root_HairBackB03 {
                        FrameTransformMatrix {
                           1.000000,-0.000000, 0.000000, 0.000000,
                           0.000000, 1.000000,-0.000000, 0.000000,
                          -0.000000,-0.000000, 1.000000, 0.000000,
                           0.700000, 5.700005, 0.199999, 1.000000;;
                        }
                        Frame root_HairBackB04 {
                          FrameTransformMatrix {
                             1.000000, 0.000000,-0.000000, 0.000000,
                             0.000000, 1.000000, 0.000000, 0.000000,
                            -0.000000,-0.000000, 1.000000, 0.000000,
                             1.500001, 4.199991, 1.100000, 1.000000;;
                          }
                        } // End of root_HairBackB04
                      } // End of root_HairBackB03
                    } // End of root_HairBackB02
                  } // End of root_HairBackB01
                  Frame root_HairBackC01 {
                    FrameTransformMatrix {
                       0.000000, 1.000000,-0.000000, 0.000000,
                      -1.000000, 0.000000, 0.000000, 0.000000,
                       0.000000, 0.000000, 1.000000, 0.000000,
                       1.600008,12.499999, 9.265898, 1.000000;;
                    }
                    Frame root_HairBackC02 {
                      FrameTransformMatrix {
                         1.000000,-0.000000,-0.000000, 0.000000,
                        -0.000000, 1.000000,-0.000000, 0.000000,
                         0.000000, 0.000000, 1.000000, 0.000000,
                         1.600002, 4.299993,-0.200002, 1.000000;;
                      }
                      Frame root_HairBackC03 {
                        FrameTransformMatrix {
                           1.000000, 0.000000, 0.000000, 0.000000,
                           0.000000, 1.000000, 0.000000, 0.000000,
                           0.000000,-0.000000, 1.000000, 0.000000,
                           1.700001, 4.000002, 0.199998, 1.000000;;
                        }
                        Frame root_HairBackC04 {
                          FrameTransformMatrix {
                            -0.000001,-1.000000,-0.000000, 0.000000,
                             1.000000,-0.000001, 0.000000, 0.000000,
                            -0.000000,-0.000000, 1.000000, 0.000000,
                             2.900002, 3.899994, 1.399999, 1.000000;;
                          }
                          Frame root_HairBackC05 {
                            FrameTransformMatrix {
                               1.000000, 0.000001,-0.000000, 0.000000,
                              -0.000001, 1.000000,-0.000000, 0.000000,
                               0.000000, 0.000000, 1.000000, 0.000000,
                              -2.399990, 4.200001, 2.299999, 1.000000;;
                            }
                            Frame root_HairBackC06 {
                              FrameTransformMatrix {
                                 1.000000, 0.000000,-0.000000, 0.000000,
                                 0.000000, 1.000000,-0.000000, 0.000000,
                                 0.000000, 0.000000, 1.000000, 0.000000,
                                -0.299989, 5.300002, 3.400000, 1.000000;;
                              }
                              Frame root_HairBackC07 {
                                FrameTransformMatrix {
                                   1.000000,-0.000000,-0.000000, 0.000000,
                                   0.000000, 1.000000, 0.000000, 0.000000,
                                   0.000000,-0.000000, 1.000000, 0.000000,
                                   2.500008, 3.299999, 1.899999, 1.000000;;
                                }
                              } // End of root_HairBackC07
                            } // End of root_HairBackC06
                          } // End of root_HairBackC05
                        } // End of root_HairBackC04
                      } // End of root_HairBackC03
                    } // End of root_HairBackC02
                  } // End of root_HairBackC01
                  Frame root_HairBackD01 {
                    FrameTransformMatrix {
                       0.000000, 1.000000,-0.000000, 0.000000,
                      -1.000000, 0.000000, 0.000000, 0.000000,
                       0.000000, 0.000000, 1.000000, 0.000000,
                       2.000008,15.200001, 9.365900, 1.000000;;
                    }
                    Frame root_HairBackD02 {
                      FrameTransformMatrix {
                         1.000000,-0.000000,-0.000000, 0.000000,
                         0.000000, 1.000000,-0.000000, 0.000000,
                         0.000000, 0.000000, 1.000000, 0.000000,
                         0.600000, 3.099992, 0.800001, 1.000000;;
                      }
                      Frame root_HairBackD03 {
                        FrameTransformMatrix {
                           0.000000,-1.000000,-0.000000, 0.000000,
                           1.000000, 0.000000, 0.000000, 0.000000,
                          -0.000000,-0.000000, 1.000000, 0.000000,
                           1.600000, 2.399988, 1.100001, 1.000000;;
                        }
                        Frame root_HairBackD04 {
                          FrameTransformMatrix {
                             1.000000,-0.000000,-0.000000, 0.000000,
                            -0.000000, 1.000000,-0.000000, 0.000000,
                             0.000000, 0.000000, 1.000000, 0.000000,
                            -1.599987, 2.000002, 1.500000, 1.000000;;
                          }
                        } // End of root_HairBackD04
                      } // End of root_HairBackD03
                    } // End of root_HairBackD02
                  } // End of root_HairBackD01
                  Frame root_HairLeftA01 {
                    FrameTransformMatrix {
                       0.000000, 1.000000,-0.000000, 0.000000,
                      -1.000000, 0.000000,-0.000000, 0.000000,
                      -0.000000, 0.000000, 1.000000, 0.000000,
                      -8.199985, 8.400000,-1.934100, 1.000000;;
                    }
                    Frame root_HairLeftA02 {
                      FrameTransformMatrix {
                         1.000000, 0.000000, 0.000000, 0.000000,
                         0.000000, 1.000000, 0.000000, 0.000000,
                         0.000000,-0.000000, 1.000000, 0.000000,
                        -1.100000, 3.299996,-1.400001, 1.000000;;
                      }
                    } // End of root_HairLeftA02
                  } // End of root_HairLeftA01
                  Frame root_HairLeftB01 {
                    FrameTransformMatrix {
                       0.000000, 1.000000,-0.000000, 0.000000,
                      -1.000000, 0.000000,-0.000000, 0.000000,
                      -0.000000, 0.000000, 1.000000, 0.000000,
                      -5.699985, 9.299999,-3.634101, 1.000000;;
                    }
                    Frame root_HairLeftB02 {
                      FrameTransformMatrix {
                         1.000000, 0.000000, 0.000000, 0.000000,
                        -0.000000, 1.000000, 0.000000, 0.000000,
                        -0.000000,-0.000000, 1.000000, 0.000000,
                        -1.500000, 2.099997,-1.700004, 1.000000;;
                      }
                    } // End of root_HairLeftB02
                  } // End of root_HairLeftB01
                  Frame root_HairLeftC01 {
                    FrameTransformMatrix {
                       1.000000, 0.000000, 0.000000, 0.000000,
                      -0.000000, 1.000000,-0.000000, 0.000000,
                      -0.000000, 0.000000, 1.000000, 0.000000,
                      -4.899995, 7.299998,-6.634101, 1.000000;;
                    }
                  } // End of root_HairLeftC01
                  Frame root_HairRightA01 {
                    FrameTransformMatrix {
                       0.000000, 1.000000, 0.000000, 0.000000,
                      -1.000000, 0.000000,-0.000000, 0.000000,
                      -0.000000,-0.000000, 1.000000, 0.000000,
                      -8.199984,-8.400006,-1.934101, 1.000000;;
                    }
                    Frame root_HairRightA02 {
                      FrameTransformMatrix {
                         1.000000, 0.000000,-0.000000, 0.000000,
                        -0.000000, 1.000000,-0.000000, 0.000000,
                         0.000000, 0.000000, 1.000000, 0.000000,
                         1.100000, 3.299998,-1.400001, 1.000000;;
                      }
                    } // End of root_HairRightA02
                  } // End of root_HairRightA01
                  Frame root_HairRightB01 {
                    FrameTransformMatrix {
                       0.000001, 1.000000, 0.000000, 0.000000,
                      -1.000000, 0.000001,-0.000000, 0.000000,
                      -0.000000,-0.000000, 1.000000, 0.000000,
                      -5.699993,-9.300007,-3.634101, 1.000000;;
                    }
                    Frame root_HairRightB02 {
                      FrameTransformMatrix {
                         1.000000, 0.000001, 0.000000, 0.000000,
                        -0.000001, 1.000000,-0.000000, 0.000000,
                         0.000000, 0.000000, 1.000000, 0.000000,
                         1.500002, 2.100001,-1.700002, 1.000000;;
                      }
                    } // End of root_HairRightB02
                  } // End of root_HairRightB01
                  Frame root_HairRightC01 {
                    FrameTransformMatrix {
                      -1.000000,-0.000000,-0.000000, 0.000000,
                      -0.000000, 1.000000,-0.000000, 0.000000,
                       0.000000,-0.000000,-1.000000, 0.000000,
                      -4.899989,-7.300006,-6.634100, 1.000000;;
                    }
                  } // End of root_HairRightC01
                } // End of root_Hair
                Frame root_LeftEye {
                  FrameTransformMatrix {
                     1.000000,-0.000000, 0.000000, 0.000000,
                     0.000000, 1.000000, 0.000000, 0.000000,
                    -0.000000,-0.000000, 1.000000, 0.000000,
                     4.251600, 7.363202, 4.000001, 1.000000;;
                  }
                } // End of root_LeftEye
                Frame root_RightEye {
                  FrameTransformMatrix {
                     1.000000,-0.000000,-0.000000, 0.000000,
                    -0.000000,-1.000000, 0.000000, 0.000000,
                    -0.000000,-0.000000,-1.000000, 0.000000,
                    -4.251600, 7.363001, 4.000001, 1.000000;;
                  }
                } // End of root_RightEye
              } // End of root_Head
            } // End of root_Neck
            Frame root_RightShoulder {
              FrameTransformMatrix {
                 0.189784,-0.981631,-0.019579, 0.000000,
                -0.968818,-0.183997,-0.165943, 0.000000,
                 0.159292, 0.050462,-0.985941, 0.000000,
                -5.000000, 4.499991,-3.999991, 1.000000;;
              }
              Frame root_RightArm {
                FrameTransformMatrix {
                   0.451312,-0.889588, 0.070359, 0.000000,
                   0.613857, 0.366717, 0.699070, 0.000000,
                  -0.647686,-0.272308, 0.711583, 0.000000,
                   1.000006, 5.000000,-0.000000, 1.000000;;
                }
                Frame root_RightForeArm {
                  FrameTransformMatrix {
                     1.000000,-0.000000,-0.000000, 0.000000,
                     0.000000, 0.412266,-0.911063, 0.000000,
                     0.000000, 0.911063, 0.412266, 0.000000,
                     0.000002,17.999998, 0.000003, 1.000000;;
                  }
                  Frame root_RightHand {
                    FrameTransformMatrix {
                       0.926342, 0.283413, 0.248128, 0.000000,
                      -0.260019, 0.957715,-0.123174, 0.000000,
                      -0.272545, 0.049583, 0.960865, 0.000000,
                       0.000002,20.500000,-0.000000, 1.000000;;
                    }
                    Frame root_RightHandIndex1 {
                      FrameTransformMatrix {
                         0.910813,-0.402853, 0.090155, 0.000000,
                         0.409169, 0.851998,-0.326619, 0.000000,
                         0.054768, 0.334378, 0.940846, 0.000000,
                        -0.099997, 8.499998,-3.099997, 1.000000;;
                      }
                      Frame root_RightHandIndex2 {
                        FrameTransformMatrix {
                           0.193456,-0.979614,-0.054141, 0.000000,
                           0.979614, 0.189822, 0.065759, 0.000000,
                          -0.054141,-0.065759, 0.996366, 0.000000,
                          -0.000001, 2.599995,-0.000000, 1.000000;;
                        }
                        Frame root_RightHandIndex3 {
                          FrameTransformMatrix {
                             1.000000,-0.000000, 0.000000, 0.000000,
                             0.000000, 1.000000,-0.000000, 0.000000,
                            -0.000000, 0.000000, 1.000000, 0.000000,
                             0.000002, 2.999998, 0.000001, 1.000000;;
                          }
                        } // End of root_RightHandIndex3
                      } // End of root_RightHandIndex2
                    } // End of root_RightHandIndex1
                    Frame root_RightHandMiddle1 {
                      FrameTransformMatrix {
