xof 0303txt 0032

template XSkinMeshHeader {
  <3cf169ce-ff7c-44ab-93c0-f78f62d172e2>
  WORD nMaxSkinWeightsPerVertex;
  WORD nMaxSkinWeightsPerFace;
  WORD nBones;
}

template SkinWeights {
  <6f0d123b-bad2-4167-a0d0-80224f25fabb>
  STRING transformNodeName;
  DWORD nWeights;
  array DWORD vertexIndices[nWeights];
  array float weights[nWeights];
  Matrix4x4 matrixOffset;
}

Frame Root {
  FrameTransformMatrix {
     1.000000, 0.000000, 0.000000, 0.000000,
     0.000000,-0.000000,-1.000000, 0.000000,
     0.000000, 1.000000,-0.000000, 0.000000,
     0.000000, 0.000000, 0.000000, 1.000000;;
  }
  Frame Armature {
    FrameTransformMatrix {
       0.150000, 0.000000, 0.000000, 0.000000,
       0.000000,-0.000000, 0.150000, 0.000000,
       0.000000,-0.150000,-0.000000, 0.000000,
       0.000000, 0.000000, 0.000000, 1.000000;;
    }
    Frame Armature_mixamorig_Hips {
      FrameTransformMatrix {
         0.992200, 0.079286,-0.096188, 0.000000,
        -0.067948, 0.990933, 0.115904, 0.000000,
         0.104506,-0.108465, 0.988592, 0.000000,
         3.807508,88.789322, 1.348755, 1.000000;;
      }
      Frame Armature_mixamorig_BackCloth1 {
        FrameTransformMatrix {
           1.000000,-0.000003, 0.000000, 0.000000,
          -0.000003,-1.000000, 0.000000, 0.000000,
           0.000000, 0.000000,-1.000000, 0.000000,
          -0.000000,-5.419196,-29.327002, 1.000000;;
        }
        Frame Armature_mixamorig_BackCloth2 {
          FrameTransformMatrix {
             1.000000,-0.000002, 0.000000, 0.000000,
             0.000002, 1.000000,-0.000000, 0.000000,
            -0.000000, 0.000000, 1.000000, 0.000000,
             0.000000,15.308606, 0.000001, 1.000000;;
          }
          Frame Armature_mixamorig_BackCloth3 {
            FrameTransformMatrix {
               1.000000,-0.000000,-0.000000, 0.000000,
               0.000000, 1.000000,-0.000000, 0.000000,
               0.000000, 0.000000, 1.000000, 0.000000,
               0.000001,17.777103, 0.000002, 1.000000;;
            }
            Frame Armature_mixamorig_BackCloth4 {
              FrameTransformMatrix {
                 1.000000,-0.000000,-0.000000, 0.000000,
                 0.000000, 1.000000,-0.000000, 0.000000,
                 0.000000, 0.000000, 1.000000, 0.000000,
                 0.000001,15.545407, 0.000002, 1.000000;;
              }
            } // End of Armature_mixamorig_BackCloth4
          } // End of Armature_mixamorig_BackCloth3
        } // End of Armature_mixamorig_BackCloth2
      } // End of Armature_mixamorig_BackCloth1
      Frame Armature_mixamorig_FrontCloth1 {
        FrameTransformMatrix {
           1.000000,-0.000002,-0.000000, 0.000000,
          -0.000002,-1.000000, 0.000000, 0.000000,
          -0.000000,-0.000000,-1.000000, 0.000000,
          -0.000000,-19.940704,22.170198, 1.000000;;
        }
        Frame Armature_mixamorig_FrontCloth2 {
          FrameTransformMatrix {
            -1.000000, 0.000000, 0.000000, 0.000000,
            -0.000000, 1.000000, 0.000000, 0.000000,
            -0.000000, 0.000000,-1.000000, 0.000000,
            -0.000001,10.763305, 0.000001, 1.000000;;
          }
          Frame Armature_mixamorig_FrontCloth3 {
            FrameTransformMatrix {
              -1.000000,-0.000000,-0.000000, 0.000000,
               0.000000, 1.000000,-0.000000, 0.000000,
               0.000000,-0.000000,-1.000000, 0.000000,
              -0.000000,13.749503,-0.000001, 1.000000;;
            }
            Frame Armature_mixamorig_FrontCloth4 {
              FrameTransformMatrix {
                 1.000000, 0.000000,-0.000000, 0.000000,
                -0.000000, 1.000000,-0.000000, 0.000000,
                 0.000000, 0.000000, 1.000000, 0.000000,
                -0.000000,14.182598, 0.000001, 1.000000;;
              }
            } // End of Armature_mixamorig_FrontCloth4
          } // End of Armature_mixamorig_FrontCloth3
        } // End of Armature_mixamorig_FrontCloth2
      } // End of Armature_mixamorig_FrontCloth1
      Frame Armature_mixamorig_LeftUpLeg {
        FrameTransformMatrix {
          -0.993990, 0.057363, 0.093238, 0.000000,
           0.030020,-0.676235, 0.736074, 0.000000,
           0.105274, 0.734450, 0.670449, 0.000000,
          19.899096,-7.885098,-3.429500, 1.000000;;
        }
        Frame Armature_mixamorig_LeftLeg {
          FrameTransformMatrix {
             0.987692,-0.152955,-0.032700, 0.000000,
            -0.042517,-0.061359,-0.997210, 0.000000,
             0.150522, 0.986327,-0.067107, 0.000000,
            -0.000001,38.282913, 0.000002, 1.000000;;
          }
          Frame Armature_mixamorig_LeftFoot {
            FrameTransformMatrix {
               0.995380,-0.090710,-0.031459, 0.000000,
               0.065879, 0.406933, 0.911079, 0.000000,
              -0.069842,-0.908943, 0.411029, 0.000000,
              -0.000001,32.683987, 0.000001, 1.000000;;
            }
            Frame Armature_mixamorig_LeftToeBase {
              FrameTransformMatrix {
                 0.999992, 0.003907, 0.000195, 0.000000,
                -0.002276, 0.540525, 0.841325, 0.000000,
                 0.003182,-0.841319, 0.540530, 0.000000,
                 0.000001,27.100008, 0.000000, 1.000000;;
              }
              Frame Armature_mixamorig_LeftToe_End {
                FrameTransformMatrix {
                   1.000000, 0.000000,-0.000000, 0.000000,
                  -0.000000, 1.000000, 0.000000, 0.000000,
                  -0.000000,-0.000000, 1.000000, 0.000000,
                   0.000001,16.631994,-0.000001, 1.000000;;
                }
              } // End of Armature_mixamorig_LeftToe_End
            } // End of Armature_mixamorig_LeftToeBase
          } // End of Armature_mixamorig_LeftFoot
        } // End of Armature_mixamorig_LeftLeg
      } // End of Armature_mixamorig_LeftUpLeg
      Frame Armature_mixamorig_RightUpLeg {
        FrameTransformMatrix {
          -0.972223, 0.159112,-0.171654, 0.000000,
          -0.224948,-0.837794, 0.497493, 0.000000,
          -0.064654, 0.522287, 0.850312, 0.000000,
          -19.899097,-7.885003,-3.429501, 1.000000;;
        }
        Frame Armature_mixamorig_RightLeg {
          FrameTransformMatrix {
             0.991283,-0.109292,-0.073578, 0.000000,
            -0.035279, 0.317881,-0.947474, 0.000000,
             0.126940, 0.941810, 0.311255, 0.000000,
             0.000002,38.282909,-0.000006, 1.000000;;
          }
          Frame Armature_mixamorig_RightFoot {
            FrameTransformMatrix {
               0.985471, 0.141785, 0.093508, 0.000000,
              -0.115653, 0.156999, 0.980804, 0.000000,
               0.124383,-0.977368, 0.171116, 0.000000,
              -0.000004,32.684063,-0.000000, 1.000000;;
            }
            Frame Armature_mixamorig_RightToeBase {
              FrameTransformMatrix {
                 1.000000,-0.000294, 0.000115, 0.000000,
                 0.000067, 0.553167, 0.833070, 0.000000,
                -0.000308,-0.833070, 0.553167, 0.000000,
                 0.000002,27.100006, 0.000001, 1.000000;;
              }
              Frame Armature_mixamorig_RightToe_End {
                FrameTransformMatrix {
                   1.000000,-0.000000,-0.000000, 0.000000,
                   0.000000, 1.000000, 0.000000, 0.000000,
                  -0.000000,-0.000000, 1.000000, 0.000000,
                  -0.000000,16.631943, 0.000000, 1.000000;;
                }
              } // End of Armature_mixamorig_RightToe_End
            } // End of Armature_mixamorig_RightToeBase
          } // End of Armature_mixamorig_RightFoot
        } // End of Armature_mixamorig_RightLeg
      } // End of Armature_mixamorig_RightUpLeg
      Frame Armature_mixamorig_Spine {
        FrameTransformMatrix {
           0.999700, 0.006053,-0.023743, 0.000000,
          -0.003300, 0.993440, 0.114306, 0.000000,
           0.024280,-0.114193, 0.993162, 0.000000,
          -0.000000,13.784801, 0.064399, 1.000000;;
        }
        Frame Armature_mixamorig_Spine1 {
          FrameTransformMatrix {
             0.998224,-0.044257,-0.039880, 0.000000,
             0.050142, 0.985633, 0.161286, 0.000000,
             0.032169,-0.162999, 0.986102, 0.000000,
            -0.000000,12.024293, 0.000001, 1.000000;;
          }
          Frame Armature_mixamorig_Spine2 {
            FrameTransformMatrix {
               0.998355,-0.043188,-0.037706, 0.000000,
               0.048313, 0.987846, 0.147736, 0.000000,
               0.030868,-0.149315, 0.988308, 0.000000,
              -0.000000,17.815807,-0.000002, 1.000000;;
            }
            Frame Armature_mixamorig_LeftShoulder {
              FrameTransformMatrix {
                 0.105423, 0.024910,-0.994115, 0.000000,
                 0.979965, 0.167275, 0.108114, 0.000000,
                 0.168983,-0.985596,-0.006776, 0.000000,
                17.399500,24.614204, 1.157898, 1.000000;;
              }
              Frame Armature_mixamorig_LeftArm {
                FrameTransformMatrix {
                   0.966417, 0.194938, 0.167443, 0.000000,
                  -0.253531, 0.616892, 0.745095, 0.000000,
                   0.041953,-0.762525, 0.645598, 0.000000,
                   0.000008,19.910400, 0.000013, 1.000000;;
                }
                Frame Armature_mixamorig_LeftForeArm {
                  FrameTransformMatrix {
                     0.517378, 0.855617, 0.015500, 0.000000,
                    -0.855719, 0.517441,-0.000017, 0.000000,
                    -0.008036,-0.013255, 0.999880, 0.000000,
                     0.000002,49.301292, 0.000000, 1.000000;;
                  }
                  Frame Armature_mixamorig_LeftHand {
                    FrameTransformMatrix {
                       0.951100, 0.187317, 0.245604, 0.000000,
                      -0.227670, 0.962490, 0.147581, 0.000000,
                      -0.208747,-0.196281, 0.958070, 0.000000,
                       0.000003,31.604706,-0.000014, 1.000000;;
                    }
                    Frame Armature_mixamorig_LeftHandIndex1 {
                      FrameTransformMatrix {
                         0.981199,-0.190742,-0.029413, 0.000000,
                         0.156888, 0.699544, 0.697154, 0.000000,
                        -0.112401,-0.688662, 0.716318, 0.000000,
                        -6.192905,21.271088, 0.498705, 1.000000;;
                      }
                      Frame Armature_mixamorig_LeftHandIndex2 {
                        FrameTransformMatrix {
                           0.999240,-0.038117,-0.008097, 0.000000,
                           0.038117, 0.912924, 0.406346, 0.000000,
                          -0.008097,-0.406346, 0.913683, 0.000000,
                          -0.000004, 7.536488,-0.000006, 1.000000;;
                        }
                        Frame Armature_mixamorig_LeftHandIndex3 {
                          FrameTransformMatrix {
                             0.999992, 0.001700, 0.003495, 0.000000,
                            -0.002664, 0.954643, 0.297740, 0.000000,
                            -0.002830,-0.297747, 0.954641, 0.000000,
                             0.000000, 7.512290,-0.000002, 1.000000;;
                          }
                          Frame Armature_mixamorig_LeftHandIndex4 {
                            FrameTransformMatrix {
                               1.000000,-0.000000, 0.000000, 0.000000,
                              -0.000000, 1.000000,-0.000000, 0.000000,
                              -0.000000,-0.000000, 1.000000, 0.000000,
                               0.000004,10.212410, 0.000005, 1.000000;;
                            }
                          } // End of Armature_mixamorig_LeftHandIndex4
                        } // End of Armature_mixamorig_LeftHandIndex3
                      } // End of Armature_mixamorig_LeftHandIndex2
                    } // End of Armature_mixamorig_LeftHandIndex1
                    Frame Armature_mixamorig_LeftHandMiddle1 {
                      FrameTransformMatrix {
                         0.981199,-0.190742,-0.029413, 0.000000,
                         0.156888, 0.699544, 0.697154, 0.000000,
                        -0.112401,-0.688662, 0.716318, 0.000000,
                         0.016495,23.334387, 0.008608, 1.000000;;
                      }
                      Frame Armature_mixamorig_LeftHandMiddle2 {
                        FrameTransformMatrix {
                           0.999240,-0.038117,-0.008097, 0.000000,
                           0.038117, 0.912924, 0.406346, 0.000000,
                          -0.008097,-0.406346, 0.913683, 0.000000,
                           0.000008, 6.996595,-0.000002, 1.000000;;
                        }
                        Frame Armature_mixamorig_LeftHandMiddle3 {
                          FrameTransformMatrix {
                             0.999808,-0.019487,-0.002047, 0.000000,
                             0.019487, 0.977989, 0.207746, 0.000000,
                            -0.002047,-0.207745, 0.978181, 0.000000,
                             0.000004, 7.016002, 0.000004, 1.000000;;
                          }
                          Frame Armature_mixamorig_LeftHandMiddle4 {
                            FrameTransformMatrix {
                               1.000000, 0.000000,-0.000000, 0.000000,
                               0.000000, 1.000000,-0.000000, 0.000000,
                              -0.000000,-0.000000, 1.000000, 0.000000,
                               0.000004, 7.721609, 0.000000, 1.000000;;
                            }
                          } // End of Armature_mixamorig_LeftHandMiddle4
                        } // End of Armature_mixamorig_LeftHandMiddle3
                      } // End of Armature_mixamorig_LeftHandMiddle2
                    } // End of Armature_mixamorig_LeftHandMiddle1
                    Frame Armature_mixamorig_LeftHandPinky1 {
                      FrameTransformMatrix {
                         0.981199,-0.190742,-0.029413, 0.000000,
                         0.156888, 0.699544, 0.697154, 0.000000,
                        -0.112401,-0.688662, 0.716318, 0.000000,
                        11.443195,18.881189, 0.461818, 1.000000;;
                      }
                      Frame Armature_mixamorig_LeftHandPinky2 {
                        FrameTransformMatrix {
                           0.999240,-0.038117,-0.008097, 0.000000,
                           0.038117, 0.912924, 0.406346, 0.000000,
                          -0.008097,-0.406346, 0.913683, 0.000000,
                           0.000000, 4.919599,-0.000002, 1.000000;;
                        }
                        Frame Armature_mixamorig_LeftHandPinky3 {
                          FrameTransformMatrix {
                             0.999808,-0.019487,-0.002047, 0.000000,
                             0.019487, 0.977989, 0.207746, 0.000000,
                            -0.002047,-0.207746, 0.978181, 0.000000,
                             0.000002, 5.232998,-0.000004, 1.000000;;
                          }
                          Frame Armature_mixamorig_LeftHandPinky4 {
                            FrameTransformMatrix {
                               1.000000,-0.000000, 0.000000, 0.000000,
                               0.000000, 1.000000, 0.000000, 0.000000,
                              -0.000000,-0.000000, 1.000000, 0.000000,
                               0.000000, 5.571708,-0.000001, 1.000000;;
                            }
                          } // End of Armature_mixamorig_LeftHandPinky4
                        } // End of Armature_mixamorig_LeftHandPinky3
                      } // End of Armature_mixamorig_LeftHandPinky2
                    } // End of Armature_mixamorig_LeftHandPinky1
                    Frame Armature_mixamorig_LeftHandRing1 {
                      FrameTransformMatrix {
                         0.981199,-0.190742,-0.029413, 0.000000,
                         0.156888, 0.699544, 0.697154, 0.000000,
                        -0.112401,-0.688662, 0.716318, 0.000000,
                         6.516895,22.686594, 0.103606, 1.000000;;
                      }
                      Frame Armature_mixamorig_LeftHandRing2 {
                        FrameTransformMatrix {
                           0.999240,-0.038117,-0.008097, 0.000000,
                           0.038117, 0.912924, 0.406346, 0.000000,
                          -0.008097,-0.406346, 0.913684, 0.000000,
                           0.000006, 6.408598,-0.000004, 1.000000;;
                        }
                        Frame Armature_mixamorig_LeftHandRing3 {
                          FrameTransformMatrix {
                             0.999808,-0.019487,-0.002047, 0.000000,
                             0.019487, 0.977989, 0.207746, 0.000000,
                            -0.002047,-0.207746, 0.978181, 0.000000,
                             0.000010, 6.150303,-0.000004, 1.000000;;
                          }
                          Frame Armature_mixamorig_LeftHandRing4 {
                            FrameTransformMatrix {
                               1.000000,-0.000000, 0.000000, 0.000000,
                               0.000000, 1.000000, 0.000000, 0.000000,
                              -0.000000, 0.000000, 1.000000, 0.000000,
                              -0.000002, 6.145404,-0.000001, 1.000000;;
                            }
                          } // End of Armature_mixamorig_LeftHandRing4
                        } // End of Armature_mixamorig_LeftHandRing3
                      } // End of Armature_mixamorig_LeftHandRing2
                    } // End of Armature_mixamorig_LeftHandRing1
                    Frame Armature_mixamorig_LeftHandThumb1 {
                      FrameTransformMatrix {
                         0.801424, 0.597162, 0.033431, 0.000000,
                        -0.530543, 0.683988, 0.500683, 0.000000,
                         0.276122,-0.418996, 0.864985, 0.000000,
                        -7.059607, 6.094486, 4.397205, 1.000000;;
                      }
                      Frame Armature_mixamorig_LeftHandThumb2 {
                        FrameTransformMatrix {
                           0.942431,-0.333741, 0.020965, 0.000000,
                           0.334384, 0.939928,-0.068726, 0.000000,
                           0.003232, 0.071780, 0.997415, 0.000000,
                          -0.000005, 7.536497,-0.000006, 1.000000;;
                        }
                        Frame Armature_mixamorig_LeftHandThumb3 {
                          FrameTransformMatrix {
                             0.981002,-0.193796, 0.008884, 0.000000,
                             0.193794, 0.976831,-0.090803, 0.000000,
                             0.008919, 0.090800, 0.995829, 0.000000,
                            -0.000008, 7.512299, 0.000000, 1.000000;;
                          }
                          Frame Armature_mixamorig_LeftHandThumb4 {
                            FrameTransformMatrix {
                               1.000000,-0.000000, 0.000000, 0.000000,
                               0.000000, 1.000000, 0.000000, 0.000000,
                              -0.000000,-0.000000, 1.000000, 0.000000,
                              -0.000008,10.212399,-0.000002, 1.000000;;
                            }
                          } // End of Armature_mixamorig_LeftHandThumb4
                        } // End of Armature_mixamorig_LeftHandThumb3
                      } // End of Armature_mixamorig_LeftHandThumb2
                    } // End of Armature_mixamorig_LeftHandThumb1
                  } // End of Armature_mixamorig_LeftHand
                } // End of Armature_mixamorig_LeftForeArm
              } // End of Armature_mixamorig_LeftArm
            } // End of Armature_mixamorig_LeftShoulder
            Frame Armature_mixamorig_Neck {
              FrameTransformMatrix {
                 0.996215, 0.056885, 0.065716, 0.000000,
                -0.064892,-0.016209, 0.997761, 0.000000,
                 0.057823,-0.998249,-0.012457, 0.000000,
                 0.000001,39.117596,11.976999, 1.000000;;
              }
              Frame Armature_mixamorig_Head {
                FrameTransformMatrix {
                   0.984040, 0.177432,-0.013513, 0.000000,
                  -0.170636, 0.919347,-0.354521, 0.000000,
                  -0.050481, 0.351169, 0.934950, 0.000000,
                   0.000000,15.664104,-14.552505, 1.000000;;
                }
                Frame Armature_mixamorig_HeadTop_End {
                  FrameTransformMatrix {
                     1.000000, 0.000000, 0.000000, 0.000000,
                     0.000000, 1.000000, 0.000000, 0.000000,
                     0.000000, 0.000000, 1.000000, 0.000000,
                    -0.000001, 7.553693,-15.601719, 1.000000;;
                  }
                } // End of Armature_mixamorig_HeadTop_End
                Frame Armature_mixamorig_Jaw {
                  FrameTransformMatrix {
                     1.000000, 0.000000, 0.000000, 0.000000,
                     0.000000,-0.587430, 0.809275, 0.000000,
                     0.000000,-0.809275,-0.587430, 0.000000,
                    -0.000001, 3.620693, 2.317768, 1.000000;;
                  }
                } // End of Armature_mixamorig_Jaw
                Frame Armature_mixamorig_LeftEye {
                  FrameTransformMatrix {
                     1.000000, 0.000000, 0.000000, 0.000000,
                     0.000000, 1.000000, 0.000000, 0.000000,
                     0.000000, 0.000000, 1.000000, 0.000000,
                     3.528700,12.838198,-2.462115, 1.000000;;
                  }
                } // End of Armature_mixamorig_LeftEye
                Frame Armature_mixamorig_RightEye {
                  FrameTransformMatrix {
                     1.000000, 0.000000, 0.000000, 0.000000,
                     0.000000, 1.000000, 0.000000, 0.000000,
                     0.000000, 0.000000, 1.000000, 0.000000,
                    -3.528700,12.838201,-2.462107, 1.000000;;
                  }
                } // End of Armature_mixamorig_RightEye
              } // End of Armature_mixamorig_Head
            } // End of Armature_mixamorig_Neck
            Frame Armature_mixamorig_RightShoulder {
              FrameTransformMatrix {
                 0.149487,-0.017632, 0.988607, 0.000000,
                -0.986890, 0.058866, 0.150277, 0.000000,
                -0.060845,-0.998110,-0.008601, 0.000000,
                -17.399500,24.614304, 1.157897, 1.000000;;
              }
              Frame Armature_mixamorig_RightArm {
                FrameTransformMatrix {
                   0.960426, 0.146155, 0.237108, 0.000000,
                  -0.277058, 0.588826, 0.759291, 0.000000,
                  -0.028641,-0.794936, 0.606017, 0.000000,
                  -0.000006,19.910404,-0.000012, 1.000000;;
                }
                Frame Armature_mixamorig_RightArmour1 {
                  FrameTransformMatrix {
                     0.000000,-1.000000,-0.000001, 0.000000,
                     1.000000, 0.000000,-0.000000, 0.000000,
                     0.000000,-0.000001, 1.000000, 0.000000,
                    -1.467296, 5.012924,-18.471142, 1.000000;;
                  }
                  Frame Armature_mixamorig_RightArmour2 {
                    FrameTransformMatrix {
                      -0.915899,-0.327535,-0.232055, 0.000000,
                      -0.183487,-0.172553, 0.967759, 0.000000,
                      -0.357017, 0.928949, 0.097943, 0.000000,
                       3.884899,-18.584904, 9.462690, 1.000000;;
                    }
                    Frame Armature_mixamorig_RightArmour3 {
                      FrameTransformMatrix {
                         1.000000, 0.000000, 0.000000, 0.000000,
                        -0.000000, 1.000000, 0.000000, 0.000000,
                        -0.000000,-0.000000, 1.000000, 0.000000,
                         0.000000,11.039501, 0.000035, 1.000000;;
                      }
                    } // End of Armature_mixamorig_RightArmour3
                  } // End of Armature_mixamorig_RightArmour2
                  Frame Armature_mixamorig_RightArmour4 {
                    FrameTransformMatrix {
                       0.708033, 0.659734, 0.251874, 0.000000,
                      -0.431906, 0.122374, 0.893578, 0.000000,
                       0.558700,-0.741469, 0.371588, 0.000000,
                      -2.648911,22.195312,11.494595, 1.000000;;
                    }
                    Frame Armature_mixamorig_RightArmour5 {
                      FrameTransformMatrix {
                         1.000000, 0.000000,-0.000000, 0.000000,
                        -0.000000, 1.000000,-0.000000, 0.000000,
                         0.000000, 0.000000, 1.000000, 0.000000,
                         0.000000,11.039484, 0.000004, 1.000000;;
                      }
                    } // End of Armature_mixamorig_RightArmour5
                  } // End of Armature_mixamorig_RightArmour4
                } // End of Armature_mixamorig_RightArmour1
                Frame Armature_mixamorig_RightForeArm {
                  FrameTransformMatrix {
                     0.312033,-0.946922,-0.077296, 0.000000,
                     0.949763, 0.312971,-0.000023, 0.000000,
                     0.024213,-0.073406, 0.997008, 0.000000,
                     0.000008,49.301300, 0.000018, 1.000000;;
                  }
                  Frame Armature_mixamorig_RightHand {
                    FrameTransformMatrix {
                       0.954999, 0.051615,-0.292085, 0.000000,
                       0.035516, 0.957759, 0.285371, 0.000000,
                       0.294476,-0.282902, 0.912825, 0.000000,
                       0.000004,31.604996,-0.000008, 1.000000;;
                    }
                    Frame Armature_mixamorig_RightHandIndex1 {
                      FrameTransformMatrix {
                         0.981473, 0.189514, 0.028214, 0.000000,
                        -0.157240, 0.712528, 0.683798, 0.000000,
                         0.109486,-0.675565, 0.729126, 0.000000,
                         6.192902,21.270985, 0.499002, 1.000000;;
                      }
                      Frame Armature_mixamorig_RightHandIndex2 {
                        FrameTransformMatrix {
                           0.999240, 0.038118, 0.008097, 0.000000,
                          -0.038118, 0.912924, 0.406346, 0.000000,
                           0.008097,-0.406346, 0.913683, 0.000000,
                          -0.000008, 7.535991, 0.000001, 1.000000;;
                        }
                        Frame Armature_mixamorig_RightHandIndex3 {
                          FrameTransformMatrix {
                             0.999992,-0.001699,-0.003495, 0.000000,
                             0.002663, 0.954643, 0.297740, 0.000000,
                             0.002830,-0.297747, 0.954641, 0.000000,
                            -0.000005, 7.513004,-0.000010, 1.000000;;
                          }
                          Frame Armature_mixamorig_RightHandIndex4 {
                            FrameTransformMatrix {
                               1.000000,-0.000000, 0.000000, 0.000000,
                              -0.000000, 1.000000,-0.000000, 0.000000,
                               0.000000, 0.000000, 1.000000, 0.000000,
                               0.000001,10.212000, 0.000004, 1.000000;;
                            }
                          } // End of Armature_mixamorig_RightHandIndex4
                        } // End of Armature_mixamorig_RightHandIndex3
                      } // End of Armature_mixamorig_RightHandIndex2
                    } // End of Armature_mixamorig_RightHandIndex1
                    Frame Armature_mixamorig_RightHandMiddle1 {
                      FrameTransformMatrix {
                         0.981473, 0.189514, 0.028214, 0.000000,
                        -0.157240, 0.712528, 0.683798, 0.000000,
                         0.109486,-0.675565, 0.729126, 0.000000,
                        -0.016497,23.333981, 0.008997, 1.000000;;
                      }
                      Frame Armature_mixamorig_RightHandMiddle2 {
                        FrameTransformMatrix {
                           0.999240, 0.038118, 0.008097, 0.000000,
                          -0.038118, 0.912924, 0.406346, 0.000000,
                           0.008097,-0.406346, 0.913683, 0.000000,
                          -0.000004, 6.997001, 0.000002, 1.000000;;
                        }
                        Frame Armature_mixamorig_RightHandMiddle3 {
                          FrameTransformMatrix {
                             0.999808, 0.019488, 0.002047, 0.000000,
                            -0.019488, 0.977989, 0.207745, 0.000000,
                             0.002047,-0.207745, 0.978181, 0.000000,
                            -0.000004, 7.016008,-0.000004, 1.000000;;
                          }
                          Frame Armature_mixamorig_RightHandMiddle4 {
                            FrameTransformMatrix {
                               1.000000, 0.000000, 0.000000, 0.000000,
                              -0.000000, 1.000000, 0.000000, 0.000000,
                              -0.000000, 0.000000, 1.000000, 0.000000,
                               0.000003, 7.720993, 0.000001, 1.000000;;
                            }
                          } // End of Armature_mixamorig_RightHandMiddle4
                        } // End of Armature_mixamorig_RightHandMiddle3
                      } // End of Armature_mixamorig_RightHandMiddle2
                    } // End of Armature_mixamorig_RightHandMiddle1
                    Frame Armature_mixamorig_RightHandPinky1 {
                      FrameTransformMatrix {
                         0.981473, 0.189514, 0.028214, 0.000000,
                        -0.157240, 0.712528, 0.683798, 0.000000,
                         0.109486,-0.675565, 0.729126, 0.000000,
                        -11.443203,18.880989, 0.462002, 1.000000;;
                      }
                      Frame Armature_mixamorig_RightHandPinky2 {
                        FrameTransformMatrix {
                           0.999240, 0.038118, 0.008097, 0.000000,
                          -0.038118, 0.912924, 0.406346, 0.000000,
                           0.008097,-0.406346, 0.913683, 0.000000,
                          -0.000004, 4.919993, 0.000002, 1.000000;;
                        }
                        Frame Armature_mixamorig_RightHandPinky3 {
                          FrameTransformMatrix {
                             0.999808, 0.019488, 0.002047, 0.000000,
                            -0.019488, 0.977989, 0.207746, 0.000000,
                             0.002047,-0.207746, 0.978181, 0.000000,
                             0.000005, 5.233012,-0.000007, 1.000000;;
                          }
                          Frame Armature_mixamorig_RightHandPinky4 {
                            FrameTransformMatrix {
                               1.000000,-0.000000, 0.000000, 0.000000,
                              -0.000000, 1.000000,-0.000000, 0.000000,
                               0.000000, 0.000000, 1.000000, 0.000000,
                               0.000001, 5.571001, 0.000004, 1.000000;;
                            }
                          } // End of Armature_mixamorig_RightHandPinky4
                        } // End of Armature_mixamorig_RightHandPinky3
                      } // End of Armature_mixamorig_RightHandPinky2
                    } // End of Armature_mixamorig_RightHandPinky1
                    Frame Armature_mixamorig_RightHandRing1 {
                      FrameTransformMatrix {
                         0.981473, 0.189514, 0.028215, 0.000000,
                        -0.157240, 0.712527, 0.683798, 0.000000,
                         0.109486,-0.675566, 0.729125, 0.000000,
                        -6.516903,22.685993, 0.103993, 1.000000;;
                      }
                      Frame Armature_mixamorig_RightHandRing2 {
                        FrameTransformMatrix {
                           0.999240, 0.038118, 0.008097, 0.000000,
                          -0.038118, 0.912924, 0.406345, 0.000000,
                           0.008097,-0.406346, 0.913684, 0.000000,
                          -0.000003, 6.408996, 0.000004, 1.000000;;
                        }
                        Frame Armature_mixamorig_RightHandRing3 {
                          FrameTransformMatrix {
                             0.999808, 0.019488, 0.002047, 0.000000,
                            -0.019488, 0.977989, 0.207746, 0.000000,
                             0.002047,-0.207746, 0.978181, 0.000000,
                             0.000000, 6.149999,-0.000004, 1.000000;;
                          }
                          Frame Armature_mixamorig_RightHandRing4 {
                            FrameTransformMatrix {
                               1.000000,-0.000000,-0.000000, 0.000000,
                              -0.000000, 1.000000, 0.000000, 0.000000,
                              -0.000000, 0.000000, 1.000000, 0.000000,
                               0.000001, 6.145996, 0.000001, 1.000000;;
                            }
                          } // End of Armature_mixamorig_RightHandRing4
                        } // End of Armature_mixamorig_RightHandRing3
                      } // End of Armature_mixamorig_RightHandRing2
                    } // End of Armature_mixamorig_RightHandRing1
                    Frame Armature_mixamorig_RightHandThumb1 {
                      FrameTransformMatrix {
                         0.803076,-0.594622,-0.038657, 0.000000,
                         0.530542, 0.683981, 0.500695, 0.000000,
                        -0.271283,-0.422606, 0.864760, 0.000000,
                         7.059702, 6.093987, 4.396989, 1.000000;;
                      }
                      Frame Armature_mixamorig_RightHandThumb2 {
                        FrameTransformMatrix {
                           0.942580, 0.333301,-0.021293, 0.000000,
                          -0.333962, 0.939928,-0.070742, 0.000000,
                          -0.003564, 0.073791, 0.997267, 0.000000,
                          -0.000012, 7.536299, 0.000000, 1.000000;;
                        }
                        Frame Armature_mixamorig_RightHandThumb3 {
                          FrameTransformMatrix {
                             0.981109, 0.193246,-0.008975, 0.000000,
                            -0.193245, 0.976830,-0.091972, 0.000000,
                            -0.009006, 0.091969, 0.995721, 0.000000,
                             0.000004, 7.512692,-0.000002, 1.000000;;
                          }
                          Frame Armature_mixamorig_RightHandThumb4 {
                            FrameTransformMatrix {
                               1.000000,-0.000001, 0.000002, 0.000000,
                               0.000001, 1.000000, 0.000001, 0.000000,
                              -0.000002,-0.000001, 1.000000, 0.000000,
                              -0.000002,10.212724,-0.000001, 1.000000;;
                            }
                          } // End of Armature_mixamorig_RightHandThumb4
                        } // End of Armature_mixamorig_RightHandThumb3
                      } // End of Armature_mixamorig_RightHandThumb2
                    } // End of Armature_mixamorig_RightHandThumb1
                  } // End of Armature_mixamorig_RightHand
                } // End of Armature_mixamorig_RightForeArm
              } // End of Armature_mixamorig_RightArm
            } // End of Armature_mixamorig_RightShoulder
          } // End of Armature_mixamorig_Spine2
        } // End of Armature_mixamorig_Spine1
      } // End of Armature_mixamorig_Spine
    } // End of Armature_mixamorig_Hips
  } // End of Armature
} // End of Root
AnimationSet Global {
  Animation {
    {Armature}
    AnimationKey { // Rotation
      0;
      44;
      0;4;-0.707107, 0.707107, 0.000000, 0.000000;;,
      1;4;-0.707107, 0.707107, 0.000000, 0.000000;;,
      2;4;-0.707107, 0.707107, 0.000000, 0.000000;;,
      3;4;-0.707107, 0.707107, 0.000000, 0.000000;;,
      4;4;-0.707107, 0.707107, 0.000000, 0.000000;;,
      5;4;-0.707107, 0.707107, 0.000000, 0.000000;;,
      6;4;-0.707107, 0.707107, 0.000000, 0.000000;;,
      7;4;-0.707107, 0.707107, 0.000000, 0.000000;;,
      8;4;-0.707107, 0.707107, 0.000000, 0.000000;;,
      9;4;-0.707107, 0.707107, 0.000000, 0.000000;;,
      10;4;-0.707107, 0.707107, 0.000000, 0.000000;;,
      11;4;-0.707107, 0.707107, 0.000000, 0.000000;;,
      12;4;-0.707107, 0.707107, 0.000000, 0.000000;;,
      13;4;-0.707107, 0.707107, 0.000000, 0.000000;;,
      14;4;-0.707107, 0.707107, 0.000000, 0.000000;;,
      15;4;-0.707107, 0.707107, 0.000000, 0.000000;;,
      16;4;-0.707107, 0.707107, 0.000000, 0.000000;;,
      17;4;-0.707107, 0.707107, 0.000000, 0.000000;;,
      18;4;-0.707107, 0.707107, 0.000000, 0.000000;;,
      19;4;-0.707107, 0.707107, 0.000000, 0.000000;;,
      20;4;-0.707107, 0.707107, 0.000000, 0.000000;;,
      21;4;-0.707107, 0.707107, 0.000000, 0.000000;;,
      22;4;-0.707107, 0.707107, 0.000000, 0.000000;;,
      23;4;-0.707107, 0.707107, 0.000000, 0.000000;;,
      24;4;-0.707107, 0.707107, 0.000000, 0.000000;;,
      25;4;-0.707107, 0.707107, 0.000000, 0.000000;;,
      26;4;-0.707107, 0.707107, 0.000000, 0.000000;;,
      27;4;-0.707107, 0.707107, 0.000000, 0.000000;;,
      28;4;-0.707107, 0.707107, 0.000000, 0.000000;;,
      29;4;-0.707107, 0.707107, 0.000000, 0.000000;;,
      30;4;-0.707107, 0.707107, 0.000000, 0.000000;;,
      31;4;-0.707107, 0.707107, 0.000000, 0.000000;;,
      32;4;-0.707107, 0.707107, 0.000000, 0.000000;;,
      33;4;-0.707107, 0.707107, 0.000000, 0.000000;;,
      34;4;-0.707107, 0.707107, 0.000000, 0.000000;;,
      35;4;-0.707107, 0.707107, 0.000000, 0.000000;;,
      36;4;-0.707107, 0.707107, 0.000000, 0.000000;;,
      37;4;-0.707107, 0.707107, 0.000000, 0.000000;;,
      38;4;-0.707107, 0.707107, 0.000000, 0.000000;;,
      39;4;-0.707107, 0.707107, 0.000000, 0.000000;;,
      40;4;-0.707107, 0.707107, 0.000000, 0.000000;;,
      41;4;-0.707107, 0.707107, 0.000000, 0.000000;;,
      42;4;-0.707107, 0.707107, 0.000000, 0.000000;;,
      43;4;-0.707107, 0.707107, 0.000000, 0.000000;;;
    }
    AnimationKey { // Scale
      1;
      44;
      0;3; 0.150000, 0.150000, 0.150000;;,
      1;3; 0.150000, 0.150000, 0.150000;;,
      2;3; 0.150000, 0.150000, 0.150000;;,
      3;3; 0.150000, 0.150000, 0.150000;;,
      4;3; 0.150000, 0.150000, 0.150000;;,
      5;3; 0.150000, 0.150000, 0.150000;;,
      6;3; 0.150000, 0.150000, 0.150000;;,
      7;3; 0.150000, 0.150000, 0.150000;;,
      8;3; 0.150000, 0.150000, 0.150000;;,
      9;3; 0.150000, 0.150000, 0.150000;;,
      10;3; 0.150000, 0.150000, 0.150000;;,
      11;3; 0.150000, 0.150000, 0.150000;;,
      12;3; 0.150000, 0.150000, 0.150000;;,
      13;3; 0.150000, 0.150000, 0.150000;;,
      14;3; 0.150000, 0.150000, 0.150000;;,
      15;3; 0.150000, 0.150000, 0.150000;;,
      16;3; 0.150000, 0.150000, 0.150000;;,
      17;3; 0.150000, 0.150000, 0.150000;;,
      18;3; 0.150000, 0.150000, 0.150000;;,
      19;3; 0.150000, 0.150000, 0.150000;;,
      20;3; 0.150000, 0.150000, 0.150000;;,
      21;3; 0.150000, 0.150000, 0.150000;;,
      22;3; 0.150000, 0.150000, 0.150000;;,
      23;3; 0.150000, 0.150000, 0.150000;;,
      24;3; 0.150000, 0.150000, 0.150000;;,
      25;3; 0.150000, 0.150000, 0.150000;;,
      26;3; 0.150000, 0.150000, 0.150000;;,
      27;3; 0.150000, 0.150000, 0.150000;;,
      28;3; 0.150000, 0.150000, 0.150000;;,
      29;3; 0.150000, 0.150000, 0.150000;;,
      30;3; 0.150000, 0.150000, 0.150000;;,
      31;3; 0.150000, 0.150000, 0.150000;;,
